date,code,open,high,low,close,preclose,volume,amount,adjustflag,turn,tradestatus,pctChg,isST
1997-06-04,sh.600070,18.5000,19.8500,18.3000,18.6500,3.7700,15566902,297031218.0000,3,86.482789,1,394.694900,0
1997-06-05,sh.600070,17.0000,17.6000,16.7900,16.7900,18.6500,1370700,23127388.0000,3,7.615000,1,-9.973184,0
1997-06-06,sh.600070,15.1100,15.1100,15.1100,15.1100,16.7900,306400,4629704.0000,3,1.702222,1,-10.005960,0
1997-06-09,sh.600070,13.6000,14.6000,13.6000,14.1200,15.1100,3727294,51987055.0000,3,20.707189,1,-6.551951,0
1997-06-10,sh.600070,14.0000,14.0400,12.7100,12.7100,14.1200,1897894,25170218.0000,3,10.543856,1,-9.985834,0
1997-06-11,sh.600070,12.8000,13.6800,12.6100,13.6200,12.7100,2574900,33839015.0000,3,14.305000,1,7.159716,0
1997-06-12,sh.600070,13.5000,13.5000,12.8100,13.0000,13.6200,1180280,15447376.0000,3,6.557111,1,-4.552128,0
1997-06-13,sh.600070,11.9000,13.4100,11.9000,13.1000,13.0000,1308020,16712734.0000,3,7.266778,1,0.769234,0
1997-06-16,sh.600070,13.1000,13.1900,12.7000,13.1100,13.1000,1469510,19062111.0000,3,8.163944,1,0.076330,0
1997-06-17,sh.600070,13.0500,13.1000,12.3800,12.5000,13.1100,818270,10406178.0000,3,4.545944,1,-4.652934,0
1997-06-18,sh.600070,12.5000,12.6200,12.0000,12.0800,12.5000,778960,9526071.0000,3,4.327556,1,-3.360001,0
1997-06-19,sh.600070,12.0000,12.2000,11.5000,11.5500,12.0800,823900,9731464.0000,3,4.577222,1,-4.387415,0
1997-06-20,sh.600070,11.8200,12.2800,11.6100,12.1600,11.5500,916165,11012031.0000,3,5.089806,1,5.281382,0
1997-06-23,sh.600070,12.3100,12.4700,11.3000,11.7000,12.1600,1091350,12963225.0000,3,6.063056,1,-3.782895,0
1997-06-24,sh.600070,11.8000,12.2700,11.6300,11.9700,11.7000,911632,10898772.0000,3,5.064622,1,2.307696,0
1997-06-25,sh.600070,12.0600,12.0800,11.7400,11.9500,11.9700,670450,7974114.0000,3,3.724722,1,-0.167088,0
1997-06-26,sh.600070,11.9500,11.9500,11.3500,11.5500,11.9500,666800,7767106.0000,3,3.704444,1,-3.347277,0
1997-06-27,sh.600070,11.6000,11.8000,11.0000,11.0500,11.5500,926700,10396163.0000,3,5.148333,1,-4.329004,0
1997-07-02,sh.600070,10.5800,10.9000,10.0000,10.6000,11.0500,699328,7271156.0000,3,3.885156,1,-4.072396,0
1997-07-03,sh.600070,10.5500,11.2100,10.2100,10.6600,10.6000,884352,9624994.0000,3,4.913067,1,0.566033,0
1997-07-04,sh.600070,10.6800,11.1900,10.3200,11.0300,10.6600,940860,10342703.0000,3,5.227000,1,3.470918,0
1997-07-07,sh.600070,11.3000,11.3000,10.0000,10.1500,11.0300,561042,6044148.0000,3,3.116900,1,-7.978243,0
1997-07-08,sh.600070,10.1200,10.5800,9.6000,10.2200,10.1500,448230,4508620.0000,3,2.490167,1,0.689662,0
1997-07-09,sh.600070,10.2800,10.4900,9.5000,9.9700,10.2200,373210,3700541.0000,3,2.073389,1,-2.446184,0
1997-07-10,sh.600070,10.1000,10.1000,9.7300,9.8200,9.9700,359920,3543739.0000,3,1.999556,1,-1.504519,0
1997-07-11,sh.600070,9.7500,10.4000,9.6500,10.3800,9.8200,698241,7025874.0000,3,3.879117,1,5.702652,0
1997-07-14,sh.600070,10.5800,11.1000,10.5500,11.1000,10.3800,1246633,13570048.0000,3,6.925739,1,6.936419,0
1997-07-15,sh.600070,11.0500,11.1000,10.6000,11.0000,11.1000,649110,7005411.0000,3,3.606167,1,-0.900904,0
1997-07-16,sh.600070,10.8800,10.9300,10.5500,10.6900,11.0000,481224,5121126.0000,3,2.673467,1,-2.818186,0
1997-07-17,sh.600070,10.5600,11.2300,10.1500,10.9700,10.6900,791030,8635514.0000,3,4.394611,1,2.619277,0
1997-07-18,sh.600070,11.0800,11.1800,10.7000,10.9000,10.9700,463008,5052898.0000,3,2.572267,1,-0.638110,0
1997-07-21,sh.600070,10.9000,11.1000,10.8500,10.9800,10.9000,742050,8158202.0000,3,4.122500,1,0.733944,0
1997-07-22,sh.600070,11.0000,11.0000,10.5300,10.9000,10.9800,372952,4047598.0000,3,2.071956,1,-0.728597,0
1997-07-23,sh.600070,11.1000,11.3000,10.9000,11.0500,10.9000,734650,8152547.0000,3,4.081389,1,1.376152,0
1997-07-24,sh.600070,10.9500,11.2000,10.6100,10.8000,11.0500,294550,3215240.0000,3,1.636389,1,-2.262444,0
1997-07-25,sh.600070,10.7500,10.7700,10.3100,10.4400,10.8000,343600,3610645.0000,3,1.908889,1,-3.333339,0
1997-07-28,sh.600070,10.4200,10.5400,9.9800,10.0800,10.4400,294600,3004250.0000,3,1.636667,1,-3.448273,0
1997-07-29,sh.600070,10.0800,10.0800,10.0800,10.0800,10.0800,0,0.0000,3,,1,0.000000,0
1997-07-30,sh.600070,10.8700,10.8700,10.4000,10.5700,10.0800,268600,2826935.0000,3,1.492222,1,4.861109,0
1997-07-31,sh.600070,10.7200,10.7300,10.5000,10.5500,10.5700,237000,2504566.0000,3,1.316667,1,-0.189210,0
1997-08-01,sh.600070,10.5900,10.6500,10.3200,10.6000,10.5500,222250,2331303.0000,3,1.234722,1,0.473935,0
1997-08-04,sh.600070,11.2600,11.2600,10.7100,10.9500,10.6000,490100,5401394.0000,3,2.722778,1,3.301881,0
1997-08-05,sh.600070,11.0600,11.1000,10.8000,10.8800,10.9500,340950,3738302.0000,3,1.894167,1,-0.639267,0
1997-08-06,sh.600070,10.8900,11.0900,10.7700,10.7700,10.8800,418900,4598221.0000,3,2.327222,1,-1.011026,0
1997-08-07,sh.600070,10.7000,10.8600,10.1000,10.7500,10.7700,295803,3125533.0000,3,1.643350,1,-0.185705,0
1997-08-08,sh.600070,10.9600,11.0000,10.5000,10.5500,10.7500,411700,4463269.0000,3,2.287222,1,-1.860463,0
1997-08-11,sh.600070,10.2000,10.4500,10.0800,10.2000,10.5500,249950,2552772.0000,3,1.388611,1,-3.317539,0
1997-08-12,sh.600070,10.6000,10.6500,10.1000,10.1600,10.2000,178100,1833306.0000,3,0.989444,1,-0.392157,0
1997-08-13,sh.600070,10.1000,10.4000,10.0000,10.0800,10.1600,189600,1939040.0000,3,1.053333,1,-0.787401,0
1997-08-14,sh.600070,10.0800,10.4900,10.0500,10.2500,10.0800,281199,2861143.0000,3,1.562217,1,1.686509,0
1997-08-15,sh.600070,10.4000,10.7000,10.0000,10.0500,10.2500,384050,3969639.0000,3,2.133611,1,-1.951218,0
1997-08-18,sh.600070,8.4100,8.4100,7.8000,7.8500,8.3800,186120,1487840.0000,3,0.861667,1,-6.324585,0
1997-08-19,sh.600070,7.8500,8.1800,7.8500,8.0000,7.8500,128920,1033140.0000,3,0.596852,1,1.910829,0
1997-08-20,sh.600070,8.0500,8.1000,7.8500,8.0000,8.0000,119600,947420.0000,3,0.553704,1,0.000000,0
1997-08-21,sh.600070,8.1800,8.1800,7.9500,8.0800,8.0000,182030,1464665.0000,3,0.842731,1,0.999999,0
1997-08-22,sh.600070,8.0000,8.1800,8.0000,8.1300,8.0800,261822,2118213.0000,3,1.212139,1,0.618814,0
1997-08-25,sh.600070,8.0800,8.2300,8.0800,8.1800,8.1300,271610,2217185.0000,3,1.257454,1,0.615008,0
1997-08-26,sh.600070,8.1700,8.4500,8.1200,8.3900,8.1800,331304,2735087.0000,3,1.533815,1,2.567238,0
1997-08-27,sh.600070,8.3900,8.6400,8.3500,8.6300,8.3900,370263,3148068.0000,3,1.714181,1,2.860545,0
1997-08-28,sh.600070,8.6400,8.7400,8.4600,8.6000,8.6300,265870,2281170.0000,3,1.230880,1,-0.347622,0
1997-08-29,sh.600070,8.6000,8.6500,8.4000,8.5200,8.6000,358520,3039550.0000,3,1.659815,1,-0.930232,0
1997-09-01,sh.600070,8.6000,8.6200,8.4000,8.6000,8.5200,416362,3537764.0000,3,1.927602,1,0.938966,0
1997-09-02,sh.600070,8.6000,8.8000,8.5000,8.7100,8.6000,560340,4868836.0000,3,2.594167,1,1.279066,0
1997-09-03,sh.600070,8.7000,8.8500,8.6900,8.8000,8.7100,472770,4145999.0000,3,2.188750,1,1.033297,0
1997-09-04,sh.600070,8.8800,9.3400,8.8000,9.3000,8.8000,826191,7440689.0000,3,3.824958,1,5.681818,0
1997-09-05,sh.600070,9.2800,9.3500,9.1100,9.2800,9.3000,729961,6730169.0000,3,3.379449,1,-0.215059,0
1997-09-08,sh.600070,9.2800,9.2800,9.0000,9.1600,9.2800,440950,4004895.0000,3,2.041435,1,-1.293102,0
1997-09-09,sh.600070,9.1000,9.1500,8.7000,8.8000,9.1600,377000,3390001.0000,3,1.745370,1,-3.930127,0
1997-09-10,sh.600070,8.7800,8.9500,8.6500,8.9500,8.8000,294072,2588964.0000,3,1.361444,1,1.704541,0
1997-09-11,sh.600070,8.9500,9.0000,8.5500,8.7000,8.9500,269601,2376212.0000,3,1.248153,1,-2.793296,0
1997-09-12,sh.600070,8.8000,8.8300,8.4200,8.4500,8.7000,224780,1935259.0000,3,1.040648,1,-2.873563,0
1997-09-15,sh.600070,8.5000,8.5200,8.2100,8.2800,8.4500,147640,1242914.0000,3,0.683519,1,-2.011835,0
1997-09-16,sh.600070,8.3600,8.4800,8.2000,8.2900,8.2800,141417,1176464.0000,3,0.654708,1,0.120776,0
1997-09-17,sh.600070,8.3000,8.4800,8.2800,8.3200,8.2900,105659,878958.0000,3,0.489162,1,0.361879,0
1997-09-18,sh.600070,8.5000,8.5000,8.3000,8.3600,8.3200,79520,667960.0000,3,0.368148,1,0.480769,0
1997-09-19,sh.600070,8.4500,8.8000,8.3800,8.8000,8.3600,188647,1607122.0000,3,0.873366,1,5.263165,0
1997-09-22,sh.600070,8.7800,8.7800,7.9200,7.9600,8.8000,399860,3287416.0000,3,1.851204,1,-9.545456,0
1997-09-23,sh.600070,7.9000,8.1800,7.4000,7.4500,7.9600,289320,2273576.0000,3,1.339444,1,-6.407038,0
1997-09-24,sh.600070,7.8500,8.0000,7.6000,7.9000,7.4500,243179,1900388.0000,3,1.125829,1,6.040273,0
1997-09-25,sh.600070,8.0000,8.4500,8.0000,8.3400,7.9000,524764,4344563.0000,3,2.429463,1,5.569621,0
1997-09-26,sh.600070,8.4500,8.4800,8.1000,8.2800,8.3400,229320,1897199.0000,3,1.061667,1,-0.719429,0
1997-09-29,sh.600070,8.2000,8.2000,7.8600,7.8600,8.2800,160880,1283133.0000,3,0.744815,1,-5.072459,0
1997-09-30,sh.600070,8.0000,8.0600,7.9000,8.0000,7.8600,122940,980305.0000,3,0.569167,1,1.781169,0
1997-10-06,sh.600070,8.0000,8.0600,7.8500,7.9600,8.0000,55159,436942.0000,3,0.255366,1,-0.499999,0
1997-10-07,sh.600070,7.8800,7.9600,7.7900,7.9600,7.9600,39340,309768.0000,3,0.182130,1,0.000000,0
1997-10-08,sh.600070,8.1000,8.3000,8.0000,8.2400,7.9600,138920,1133905.0000,3,0.643148,1,3.517585,0
1997-10-09,sh.600070,8.1000,8.2500,8.0300,8.1000,8.2400,75220,610727.0000,3,0.348241,1,-1.699022,0
1997-10-10,sh.600070,7.8800,8.1400,7.8800,8.1100,8.1000,100436,810734.0000,3,0.464981,1,0.123448,0
1997-10-13,sh.600070,8.1100,8.2000,8.0200,8.0500,8.1100,96193,778285.0000,3,0.445338,1,-0.739821,0
1997-10-14,sh.600070,8.0100,8.0100,7.8500,7.9500,8.0500,72420,571787.0000,3,0.335278,1,-1.242241,0
1997-10-15,sh.600070,7.9600,8.1500,7.9000,8.0200,7.9500,57260,459426.0000,3,0.265093,1,0.880511,0
1997-10-16,sh.600070,8.1800,8.2000,8.0500,8.1600,8.0200,143390,1169025.0000,3,0.663843,1,1.745628,0
1997-10-17,sh.600070,8.2800,8.5400,8.1500,8.4200,8.1600,326420,2713816.0000,3,1.511204,1,3.186277,0
1997-10-20,sh.600070,8.5800,8.5800,8.2500,8.3900,8.4200,236885,1982220.0000,3,1.096690,1,-0.356291,0
1997-10-21,sh.600070,8.3900,8.3900,8.2000,8.3200,8.3900,232890,1925320.0000,3,1.078194,1,-0.834334,0
1997-10-22,sh.600070,8.3000,8.3000,7.6000,8.0300,8.3200,392905,3181675.0000,3,1.819005,1,-3.485576,0
1997-10-23,sh.600070,8.1600,8.1600,7.9600,8.0900,8.0300,311300,2507780.0000,3,1.441204,1,0.747203,0
1997-10-24,sh.600070,8.0800,8.2000,7.9300,8.1300,8.0900,295507,2368899.0000,3,1.368088,1,0.494437,0
1997-10-27,sh.600070,8.1800,8.9400,8.1000,8.8800,8.1300,1246395,10689440.0000,3,5.770347,1,9.225092,0
1997-10-28,sh.600070,8.8800,8.9200,8.2100,8.2900,8.8800,762540,6573884.0000,3,3.530278,1,-6.644146,0
1997-10-29,sh.600070,8.2500,8.6800,8.2000,8.4800,8.2900,444011,3740292.0000,3,2.055606,1,2.291913,0
1997-10-30,sh.600070,8.5000,8.6800,8.4000,8.4000,8.4800,522228,4457605.0000,3,2.417722,1,-0.943395,0
1997-10-31,sh.600070,8.2100,8.4000,8.1700,8.4000,8.4000,256278,2113666.0000,3,1.186472,1,0.000000,0
1997-11-03,sh.600070,8.4000,8.4800,8.2000,8.2500,8.4000,182385,1508745.0000,3,0.844375,1,-1.785710,0
1997-11-04,sh.600070,8.4000,8.4800,8.2000,8.2500,8.2500,138560,1153635.0000,3,0.641481,1,0.000000,0
1997-11-05,sh.600070,8.4400,8.4400,8.1500,8.2600,8.2500,208809,1714062.0000,3,0.966708,1,0.121215,0
1997-11-06,sh.600070,8.2000,8.3100,8.1400,8.1400,8.2600,217300,1779812.0000,3,1.006019,1,-1.452783,0
1997-11-07,sh.600070,8.1400,8.2900,8.0000,8.2500,8.1400,264360,2142871.0000,3,1.223889,1,1.351347,0
1997-11-10,sh.600070,8.3000,8.5800,8.2000,8.2800,8.2500,403579,3374762.0000,3,1.868421,1,0.363633,0
1997-11-11,sh.600070,8.2400,8.3600,8.0800,8.3000,8.2800,213420,1759542.0000,3,0.988056,1,0.241551,0
1997-11-12,sh.600070,8.3000,8.5000,8.1800,8.2000,8.3000,225840,1884221.0000,3,1.045556,1,-1.204824,0
1997-11-13,sh.600070,8.3000,8.3000,8.0000,8.1800,8.2000,168638,1368738.0000,3,0.780731,1,-0.243896,0
1997-11-14,sh.600070,8.2000,8.4300,8.2000,8.3000,8.1800,293990,2443637.0000,3,1.361065,1,1.466991,0
1997-11-17,sh.600070,8.3800,8.5600,8.3700,8.4500,8.3000,469140,3974006.0000,3,2.171944,1,1.807224,0
1997-11-18,sh.600070,8.4000,8.4900,8.2300,8.2500,8.4500,122900,1023627.0000,3,0.568981,1,-2.366862,0
1997-11-19,sh.600070,8.2800,8.4000,8.0600,8.1100,8.2500,196120,1593872.0000,3,0.907963,1,-1.696974,0
1997-11-20,sh.600070,8.1200,8.1500,8.0200,8.0500,8.1100,178150,1439896.0000,3,0.824769,1,-0.739821,0
1997-11-21,sh.600070,7.9500,8.1000,7.9000,7.9500,8.0500,191220,1524163.0000,3,0.885278,1,-1.242241,0
1997-11-24,sh.600070,7.8000,7.8200,7.6000,7.7000,7.9500,121987,941593.0000,3,0.564755,1,-3.144654,0
1997-11-25,sh.600070,7.6000,7.7500,7.6000,7.6500,7.7000,171480,1310665.0000,3,0.793889,1,-0.649347,0
1997-11-26,sh.600070,7.6100,7.8000,7.6100,7.8000,7.6500,86924,668945.0000,3,0.402426,1,1.960786,0
1997-11-27,sh.600070,7.7500,7.7500,7.5500,7.6000,7.8000,99730,760782.0000,3,0.461713,1,-2.564106,0
1997-11-28,sh.600070,7.9700,7.9700,7.7000,7.7700,7.6000,74613,576918.0000,3,0.345431,1,2.236843,0
1997-12-01,sh.600070,7.8000,7.8800,7.7000,7.8000,7.7700,88900,694683.0000,3,0.411574,1,0.386103,0
1997-12-02,sh.600070,7.8800,7.9700,7.7000,7.9700,7.8000,177359,1394944.0000,3,0.821106,1,2.179482,0
1997-12-03,sh.600070,7.9500,7.9500,7.7200,7.7500,7.9700,112860,883420.0000,3,0.522500,1,-2.760349,0
1997-12-04,sh.600070,7.7100,8.1500,7.7100,7.7500,7.7500,119628,938338.0000,3,0.498450,1,0.000000,0
1997-12-05,sh.600070,7.7700,7.9300,7.7700,7.8000,7.7500,164639,1286207.0000,3,0.685996,1,0.645164,0
1997-12-08,sh.600070,7.8500,7.9000,7.7100,7.8100,7.8000,120340,938081.0000,3,0.501417,1,0.128202,0
1997-12-09,sh.600070,7.8000,7.9800,7.7500,7.9100,7.8100,168832,1330467.0000,3,0.703467,1,1.280409,0
1997-12-10,sh.600070,7.9200,8.0300,7.8600,7.9900,7.9100,144477,1151342.0000,3,0.601988,1,1.011377,0
1997-12-11,sh.600070,8.0000,8.0800,7.9000,7.9300,7.9900,104222,827962.0000,3,0.434258,1,-0.750938,0
1997-12-12,sh.600070,7.9300,8.0400,7.9300,7.9800,7.9300,177360,1416261.0000,3,0.739000,1,0.630519,0
1997-12-15,sh.600070,7.9800,8.3400,7.9500,8.2700,7.9800,500859,4109662.0000,3,2.086912,1,3.634091,0
1997-12-16,sh.600070,8.3300,8.3500,8.1000,8.2200,8.2700,228560,1880828.0000,3,0.952333,1,-0.604597,0
1997-12-17,sh.600070,8.2000,8.2000,7.8500,7.8700,8.2200,227700,1818620.0000,3,0.948750,1,-4.257912,0
1997-12-18,sh.600070,7.8600,7.9300,7.7800,7.8300,7.8700,183380,1439165.0000,3,0.764083,1,-0.508259,0
1997-12-19,sh.600070,7.8000,7.9000,7.8000,7.8800,7.8300,138281,1084326.0000,3,0.576171,1,0.638572,0
1997-12-22,sh.600070,7.9000,8.2000,7.8300,8.2000,7.8800,293142,2320389.0000,3,1.221425,1,4.060910,0
1997-12-23,sh.600070,8.1000,8.1400,7.8900,7.9700,8.2000,212600,1696172.0000,3,0.885833,1,-2.804878,0
1997-12-24,sh.600070,8.0000,8.0600,7.8100,7.9700,7.9700,156120,1241913.0000,3,0.650500,1,0.000000,0
1997-12-25,sh.600070,8.0000,8.2600,7.9300,8.2000,7.9700,427310,3482630.0000,3,1.780458,1,2.885822,0
1997-12-26,sh.600070,8.1900,8.4000,8.1000,8.3500,8.2000,591860,4903254.0000,3,2.466083,1,1.829275,0
1997-12-29,sh.600070,8.4600,8.7000,8.3000,8.3500,8.3500,824059,7069075.0000,3,3.433579,1,0.000000,0
1997-12-30,sh.600070,8.3000,8.5000,8.2000,8.2800,8.3500,244393,2043243.0000,3,1.018304,1,-0.838331,0
1997-12-31,sh.600070,8.3000,8.4200,8.2000,8.2900,8.2800,246130,2037337.0000,3,1.025542,1,0.120776,0
1998-01-05,sh.600070,8.2800,8.3800,8.1800,8.2500,8.2900,418772,3456235.0000,3,1.744883,1,-0.482509,0
1998-01-06,sh.600070,8.2600,8.5500,8.2000,8.4200,8.2500,344768,2899268.0000,3,1.436533,1,2.060607,0
1998-01-07,sh.600070,8.4600,8.4800,8.2600,8.3300,8.4200,255570,2134108.0000,3,1.064875,1,-1.068885,0
1998-01-08,sh.600070,8.3500,8.5000,8.1600,8.2300,8.3300,285260,2370260.0000,3,1.188583,1,-1.200485,0
1998-01-09,sh.600070,8.2500,8.7000,8.2500,8.6100,8.2300,837027,7096868.0000,3,3.487613,1,4.617256,0
1998-01-12,sh.600070,8.7200,8.7800,8.5000,8.5000,8.6100,809550,7007526.0000,3,3.373125,1,-1.277580,0
1998-01-13,sh.600070,8.3000,8.4900,7.6500,8.0000,8.5000,621807,4990567.0000,3,2.590863,1,-5.882353,0
1998-01-14,sh.600070,8.0000,8.3200,7.9300,8.3000,8.0000,368320,3011081.0000,3,1.534667,1,3.750002,0
1998-01-15,sh.600070,8.3000,8.6000,8.2700,8.4800,8.3000,556819,4708001.0000,3,2.320079,1,2.168667,0
1998-01-16,sh.600070,8.5900,8.5900,8.3000,8.3500,8.4800,277400,2341387.0000,3,1.155833,1,-1.533009,0
1998-01-19,sh.600070,8.3500,8.4000,8.2100,8.3400,8.3500,275951,2288492.0000,3,1.149796,1,-0.119763,0
1998-01-20,sh.600070,8.2700,8.3500,8.2000,8.2900,8.3400,154717,1282571.0000,3,0.644654,1,-0.599523,0
1998-01-21,sh.600070,8.3600,8.3600,8.1800,8.2000,8.2900,101300,834313.0000,3,0.422083,1,-1.085647,0
1998-01-22,sh.600070,8.1800,8.2000,8.0000,8.1000,8.2000,185919,1509146.0000,3,0.774663,1,-1.219505,0
1998-01-23,sh.600070,8.3300,8.3400,8.1000,8.1900,8.1000,152207,1245268.0000,3,0.634196,1,1.111101,0
1998-02-09,sh.600070,8.5800,8.5900,8.2800,8.3200,8.1900,270660,2273006.0000,3,1.127750,1,1.587303,0
1998-02-10,sh.600070,8.3200,8.4300,8.2500,8.3800,8.3200,207101,1731286.0000,3,0.862921,1,0.721159,0
1998-02-11,sh.600070,8.3500,8.4800,8.3500,8.4300,8.3800,384310,3238454.0000,3,1.601292,1,0.596661,0
1998-02-12,sh.600070,8.4300,9.1700,8.4300,8.8700,8.4300,1492721,13181054.0000,3,6.219671,1,5.219449,0
1998-02-13,sh.600070,8.9000,9.2700,8.9000,9.0000,8.8700,1681535,15327688.0000,3,7.006396,1,1.465616,0
1998-02-16,sh.600070,9.1000,9.4500,8.9000,9.3400,9.0000,2284207,21168830.0000,3,9.517529,1,3.777780,0
1998-02-17,sh.600070,9.3400,9.4800,9.1100,9.2600,9.3400,780204,7263556.0000,3,3.250850,1,-0.856530,0
1998-02-18,sh.600070,9.2800,9.6800,9.2000,9.5900,9.2600,1526450,14437700.0000,3,6.360208,1,3.563714,0
1998-02-19,sh.600070,9.6000,9.6900,9.4000,9.5400,9.5900,706622,6730003.0000,3,2.944258,1,-0.521378,0
1998-02-20,sh.600070,9.5000,9.5800,9.0000,9.0100,9.5400,862859,7928027.0000,3,3.595246,1,-5.555552,0
1998-02-23,sh.600070,9.0500,9.1800,8.7000,9.1500,9.0100,689990,6122988.0000,3,2.874958,1,1.553822,0
1998-02-24,sh.600070,9.0800,9.2500,8.9000,8.9000,9.1500,392656,3564362.0000,3,1.636067,1,-2.732241,0
1998-02-25,sh.600070,8.9100,8.9800,8.5600,8.6000,8.9000,464137,4042621.0000,3,1.933904,1,-3.370778,0
1998-02-26,sh.600070,8.6000,8.8000,8.4500,8.7900,8.6000,290255,2491724.0000,3,1.209396,1,2.209297,0
1998-02-27,sh.600070,8.8000,8.8500,8.6000,8.6200,8.7900,212500,1857731.0000,3,0.885417,1,-1.934017,0
1998-03-02,sh.600070,8.5900,8.8500,8.3900,8.5200,8.6200,402240,3445842.0000,3,1.676000,1,-1.160086,0
1998-03-03,sh.600070,8.4000,8.6800,8.3800,8.4800,8.5200,301820,2582762.0000,3,1.257583,1,-0.469494,0
1998-03-04,sh.600070,8.6000,8.7300,8.4000,8.6000,8.4800,346367,2978554.0000,3,1.443196,1,1.415104,0
1998-03-05,sh.600070,8.6500,8.8000,8.5000,8.7000,8.6000,182138,1578396.0000,3,0.758908,1,1.162784,0
1998-03-06,sh.600070,8.6300,8.6500,8.5000,8.5600,8.7000,219709,1877938.0000,3,0.915454,1,-1.609189,0
1998-03-09,sh.600070,8.4000,8.5000,8.3700,8.3800,8.5600,393703,3310634.0000,3,1.640429,1,-2.102807,0
1998-03-10,sh.600070,8.3000,8.4800,8.2300,8.4400,8.3800,168000,1396071.0000,3,0.700000,1,0.715984,0
1998-03-11,sh.600070,8.3100,8.4800,8.3100,8.3600,8.4400,202915,1700140.0000,3,0.845479,1,-0.947866,0
1998-03-12,sh.600070,8.3300,8.4300,8.2200,8.2500,8.3600,224260,1860643.0000,3,0.934417,1,-1.315785,0
1998-03-13,sh.600070,8.2000,8.4300,8.1900,8.3500,8.2500,113560,943704.0000,3,0.473167,1,1.212126,0
1998-03-16,sh.600070,8.2100,8.3500,7.9700,7.9800,8.3500,691500,5569892.0000,3,2.881250,1,-4.431142,0
1998-03-17,sh.600070,7.9800,8.1500,7.9200,8.1500,7.9800,461549,3709007.0000,3,1.923121,1,2.130321,0
1998-03-18,sh.600070,8.1700,8.1800,8.0100,8.1000,8.1500,312340,2519182.0000,3,1.301417,1,-0.613488,0
1998-03-19,sh.600070,8.1300,8.2700,8.0000,8.2100,8.1000,263870,2155498.0000,3,1.099458,1,1.358020,0
1998-03-20,sh.600070,8.2500,8.3000,8.0500,8.1200,8.2100,165300,1340341.0000,3,0.688750,1,-1.096226,0
1998-03-23,sh.600070,8.0600,8.1200,8.0000,8.0100,8.1200,252210,2028100.0000,3,1.050875,1,-1.354676,0
1998-03-24,sh.600070,8.0000,8.0100,7.8500,7.9300,8.0100,268697,2131882.0000,3,1.119571,1,-0.998757,0
1998-03-25,sh.600070,7.9800,8.1000,7.8600,7.9300,7.9300,259340,2059183.0000,3,1.080583,1,0.000000,0
1998-03-26,sh.600070,7.9000,8.0000,7.7500,7.7900,7.9300,313003,2449953.0000,3,1.304179,1,-1.765446,0
1998-03-27,sh.600070,7.8100,8.1500,7.7700,8.0800,7.7900,452830,3614877.0000,3,1.886792,1,3.722721,0
1998-03-30,sh.600070,8.1000,8.3000,8.0800,8.2400,8.0800,458095,3748497.0000,3,1.908729,1,1.980196,0
1998-03-31,sh.600070,8.2400,8.3300,8.1000,8.1200,8.2400,304760,2500994.0000,3,1.269833,1,-1.456309,0
1998-04-01,sh.600070,8.2800,8.2800,8.0800,8.1500,8.1200,398789,3252908.0000,3,1.661621,1,0.369455,0
1998-04-02,sh.600070,8.1600,8.4600,8.1600,8.4000,8.1500,693934,5792382.0000,3,2.891392,1,3.067485,0
1998-04-03,sh.600070,8.4200,8.5800,8.2100,8.5000,8.4000,563581,4725610.0000,3,2.348254,1,1.190481,0
1998-04-06,sh.600070,8.6300,9.3500,8.6300,9.3500,8.5000,1199049,11124708.0000,3,4.996037,1,10.000000,0
1998-04-07,sh.600070,9.9800,9.9800,9.5000,9.6200,9.3500,5385695,52627283.0000,3,22.440396,1,2.887695,0
1998-04-08,sh.600070,9.6000,9.8400,9.3800,9.7000,9.6200,1980422,19097374.0000,3,8.251758,1,0.831600,0
1998-04-09,sh.600070,9.7000,9.7800,9.0500,9.1000,9.7000,1685110,15619334.0000,3,7.021292,1,-6.185561,0
1998-04-10,sh.600070,9.0500,9.1800,8.7500,9.1800,9.1000,1032564,9221472.0000,3,4.302350,1,0.879120,0
1998-04-13,sh.600070,9.1800,9.3000,9.0200,9.2000,9.1800,691644,6327544.0000,3,2.881850,1,0.217860,0
1998-04-14,sh.600070,9.1800,9.2000,8.8000,8.8900,9.2000,625751,5604477.0000,3,2.607296,1,-3.369559,0
1998-04-15,sh.600070,8.8800,9.2500,8.8800,9.2000,8.8900,560115,5120693.0000,3,2.333813,1,3.487058,0
1998-04-16,sh.600070,9.1500,9.5000,9.1000,9.4900,9.2000,616125,5696271.0000,3,2.567188,1,3.152173,0
1998-04-17,sh.600070,8.6400,9.5000,8.6400,9.1200,9.4900,535870,4966047.0000,3,2.232792,1,-3.898840,0
1998-04-20,sh.600070,9.1200,9.1200,9.1200,9.1200,9.1200,0,0.0000,3,,1,0.000000,0
1998-04-21,sh.600070,9.2100,9.4500,9.1000,9.3800,9.1200,446290,4135969.0000,3,1.859542,1,2.850880,0
1998-04-22,sh.600070,9.4500,9.8500,9.4100,9.6200,9.3800,1055307,10174598.0000,3,4.397113,1,2.558633,0
1998-04-23,sh.600070,9.7500,9.8000,9.3000,9.3500,9.6200,535440,5047887.0000,3,2.231000,1,-2.806648,0
1998-04-24,sh.600070,9.3100,9.3500,9.0000,9.0800,9.3500,554557,5088492.0000,3,2.310654,1,-2.887705,0
1998-04-27,sh.600070,9.0000,9.1000,8.8200,9.0000,9.0800,494757,4434508.0000,3,2.061488,1,-0.881056,0
1998-04-28,sh.600070,9.0000,9.2900,9.0000,9.1700,9.0000,348215,3186852.0000,3,1.450896,1,1.888890,0
1998-04-29,sh.600070,9.2500,9.5200,9.1900,9.4800,9.1700,699196,6579288.0000,3,2.913317,1,3.380583,0
1998-04-30,sh.600070,9.5500,9.6000,9.3500,9.4300,9.4800,690981,6527480.0000,3,2.879088,1,-0.527418,0
1998-05-04,sh.600070,9.4500,9.8100,9.3500,9.7700,9.4300,1084745,10417601.0000,3,4.519771,1,3.605516,0
1998-05-05,sh.600070,9.8000,9.8500,9.6000,9.8000,9.7700,935554,9105104.0000,3,3.898142,1,0.307060,0
1998-05-06,sh.600070,9.7500,9.9600,9.5000,9.6400,9.8000,549860,5365598.0000,3,2.291083,1,-1.632651,0
1998-05-07,sh.600070,9.6400,9.7500,9.3000,9.3500,9.6400,557980,5292200.0000,3,2.324917,1,-3.008298,0
1998-05-08,sh.600070,9.2900,9.7500,9.2000,9.6200,9.3500,593049,5602898.0000,3,2.471037,1,2.887695,0
1998-05-11,sh.600070,9.7000,10.5800,9.4500,10.4500,9.6200,3648559,37545882.0000,3,15.202329,1,8.627858,0
1998-05-12,sh.600070,10.3900,10.3900,9.8300,10.0300,10.4500,1102038,11097895.0000,3,4.591825,1,-4.019140,0
1998-05-13,sh.600070,9.9500,10.5000,9.9500,10.1200,10.0300,828980,8468461.0000,3,3.454083,1,0.897310,0
1998-05-14,sh.600070,10.1200,10.3600,9.8800,9.9600,10.1200,688240,6922677.0000,3,2.867667,1,-1.581026,0
1998-05-15,sh.600070,9.9600,10.1000,9.6000,9.7600,9.9600,692389,6788180.0000,3,2.884954,1,-2.008030,0
1998-05-18,sh.600070,9.8000,10.0500,9.7100,9.9700,9.7600,421958,4162935.0000,3,1.758158,1,2.151640,0
1998-05-19,sh.600070,9.9800,10.0800,9.7100,9.8800,9.9700,311120,3058977.0000,3,1.296333,1,-0.902710,0
1998-05-20,sh.600070,9.9100,9.9600,9.6800,9.7100,9.8800,454641,4434929.0000,3,1.894337,1,-1.720648,0
1998-05-21,sh.600070,9.7100,10.2000,9.6500,10.0700,9.7100,667812,6674435.0000,3,2.782550,1,3.707514,0
1998-05-22,sh.600070,10.2100,10.2500,10.0400,10.1500,10.0700,730710,7408328.0000,3,3.044625,1,0.794438,0
1998-05-25,sh.600070,10.1500,10.5500,10.0000,10.4300,10.1500,1134814,11779618.0000,3,4.728392,1,2.758628,0
1998-05-26,sh.600070,10.4000,10.9700,10.3000,10.5400,10.4300,1098756,11706016.0000,3,4.578150,1,1.054647,0
1998-05-27,sh.600070,10.6100,10.8300,10.5000,10.7600,10.5400,963188,10303585.0000,3,4.013283,1,2.087289,0
1998-05-28,sh.600070,10.8300,10.8600,10.4100,10.5400,10.7600,824748,8734106.0000,3,3.436450,1,-2.044612,0
1998-05-29,sh.600070,10.6100,10.7500,10.3500,10.7500,10.5400,794699,8383448.0000,3,3.311246,1,1.992410,0
1998-06-01,sh.600070,10.8500,11.1500,10.6800,11.1000,10.7500,1351355,14890707.0000,3,5.630646,1,3.255818,0
1998-06-02,sh.600070,11.1500,11.3600,10.8800,11.3000,11.1000,1065518,11907041.0000,3,4.439658,1,1.801800,0
1998-06-03,sh.600070,11.4000,11.9900,11.4000,11.7600,11.3000,1846932,21734126.0000,3,7.695550,1,4.070797,0
1998-06-04,sh.600070,11.8500,11.9000,11.4500,11.7800,11.7600,1055753,12299579.0000,3,4.398971,1,0.170064,0
1998-06-05,sh.600070,11.7300,11.8800,11.1500,11.4800,11.7800,936046,10758165.0000,3,3.900192,1,-2.546691,0
1998-06-08,sh.600070,11.4000,11.7000,11.2500,11.3400,11.4800,609291,6986764.0000,3,2.538712,1,-1.219507,0
1998-06-09,sh.600070,11.2500,11.2800,10.3500,10.6000,11.3400,1108084,11916129.0000,3,4.617017,1,-6.525571,0
1998-06-10,sh.600070,10.5500,10.7900,10.4800,10.6300,10.6000,608690,6449436.0000,3,2.536208,1,0.283016,0
1998-06-11,sh.600070,10.5700,10.7500,10.4900,10.5800,10.6300,403671,4260315.0000,3,1.681963,1,-0.470369,0
1998-06-12,sh.600070,10.9000,11.0800,10.7600,11.0700,10.5800,643405,7046616.0000,3,2.680854,1,4.631378,0
1998-06-15,sh.600070,11.1000,11.1500,10.8200,10.8200,11.0700,526660,5764178.0000,3,2.194417,1,-2.258356,0
1998-06-16,sh.600070,10.8800,10.9900,10.5900,10.9900,10.8200,478340,5150222.0000,3,1.993083,1,1.571165,0
1998-06-17,sh.600070,11.0000,11.4000,10.9100,11.2300,10.9900,413006,4622881.0000,3,1.720858,1,2.183801,0
1998-06-18,sh.600070,11.2700,11.4000,11.1600,11.3800,11.2300,358215,4041915.0000,3,1.492563,1,1.335713,0
1998-06-19,sh.600070,11.4100,11.6800,11.2800,11.5700,11.3800,569557,6567104.0000,3,2.373154,1,1.669592,0
1998-06-22,sh.600070,11.7000,11.9400,11.5800,11.8900,11.5700,792418,9363773.0000,3,3.301742,1,2.765779,0
1998-06-23,sh.600070,11.8100,12.5100,11.8000,12.1200,11.8900,1790588,22001218.0000,3,7.460783,1,1.934395,0
1998-06-24,sh.600070,12.1500,12.5100,11.8600,11.9000,12.1200,870349,10575741.0000,3,3.626454,1,-1.815184,0
1998-06-25,sh.600070,11.9700,12.1000,11.5900,11.9900,11.9000,643519,7568669.0000,3,2.681329,1,0.756304,0
1998-06-26,sh.600070,12.0000,12.2000,11.7000,11.9500,11.9900,556679,6672678.0000,3,2.319496,1,-0.333611,0
1998-06-29,sh.600070,11.8500,11.9500,11.3500,11.4100,11.9500,479200,5542598.0000,3,1.996667,1,-4.518828,0
1998-06-30,sh.600070,11.4000,11.6100,11.1500,11.5100,11.4100,409978,4656279.0000,3,1.708242,1,0.876428,0
1998-07-01,sh.600070,11.8000,12.0800,11.4800,11.8300,11.5100,1215997,14444457.0000,3,5.066654,1,2.780188,0
1998-07-02,sh.600070,11.8000,12.1000,11.3800,12.0300,11.8300,900215,10644693.0000,3,3.750896,1,1.690616,0
1998-07-03,sh.600070,12.0000,12.1500,11.8000,11.9000,12.0300,623149,7483954.0000,3,2.596454,1,-1.080633,0
1998-07-06,sh.600070,11.9100,11.9100,11.5100,11.6000,11.9000,489630,5700032.0000,3,2.040125,1,-2.521002,0
1998-07-07,sh.600070,11.5600,12.1200,11.4000,12.1000,11.6000,850858,10156651.0000,3,3.545242,1,4.310345,0
1998-07-08,sh.600070,12.1500,12.6200,12.1500,12.3000,12.1000,941690,11656939.0000,3,3.923708,1,1.652891,0
1998-07-09,sh.600070,12.3100,12.3300,12.1000,12.2000,12.3000,414130,5047255.0000,3,1.725542,1,-0.813011,0
1998-07-10,sh.600070,12.1200,12.4600,12.1200,12.3700,12.2000,644167,7976632.0000,3,2.684029,1,1.393443,0
1998-07-13,sh.600070,12.5000,13.1800,12.4000,13.0200,12.3700,2097742,27012267.0000,3,8.740592,1,5.254653,0
1998-07-14,sh.600070,13.0000,13.0000,12.5500,12.6300,13.0200,753503,9641932.0000,3,3.139596,1,-2.995394,0
1998-07-15,sh.600070,12.5200,13.5800,12.4500,13.4500,12.6300,1151588,15121082.0000,3,4.798283,1,6.492476,0
1998-07-16,sh.600070,13.5000,13.8700,13.2200,13.5800,13.4500,1744216,23793239.0000,3,7.267567,1,0.966544,0
1998-07-17,sh.600070,13.4800,13.6800,12.7500,12.8000,13.5800,1419117,18609109.0000,3,5.912987,1,-5.743739,0
1998-07-20,sh.600070,12.6500,13.2900,12.6000,13.0500,12.8000,960518,12484585.0000,3,4.002158,1,1.953125,0
1998-07-21,sh.600070,13.0000,13.1000,12.4600,12.6900,13.0500,858226,10878914.0000,3,3.575942,1,-2.758625,0
1998-07-22,sh.600070,12.6800,12.9800,12.6000,12.6900,12.6900,364099,4645889.0000,3,1.517079,1,0.000000,0
1998-07-23,sh.600070,12.6900,13.3000,12.6500,13.2000,12.6900,408610,5283348.0000,3,1.702542,1,4.018914,0
1998-07-24,sh.600070,13.1000,13.3800,13.1000,13.3100,13.2000,631440,8371049.0000,3,2.631000,1,0.833338,0
1998-07-27,sh.600070,13.3100,13.5900,13.1000,13.5000,13.3100,717702,9629177.0000,3,2.990425,1,1.427495,0
1998-07-28,sh.600070,13.5000,13.6000,13.3200,13.3600,13.5000,309819,4166825.0000,3,1.290913,1,-1.037040,0
1998-07-29,sh.600070,13.3600,13.3600,12.6500,12.7800,13.3600,725791,9323349.0000,3,3.024129,1,-4.341317,0
1998-07-30,sh.600070,12.6500,12.9000,12.5100,12.6000,12.7800,730374,9245130.0000,3,3.043225,1,-1.408446,0
1998-07-31,sh.600070,12.6000,12.8000,11.7000,11.8200,12.6000,1669517,20055730.0000,3,6.956321,1,-6.190481,0
1998-08-03,sh.600070,11.7500,11.8600,11.3000,11.6700,11.8200,883433,10157619.0000,3,3.680971,1,-1.269032,0
1998-08-04,sh.600070,11.4900,11.6900,11.3200,11.4000,11.6700,467540,5380935.0000,3,1.948083,1,-2.313629,0
1998-08-05,sh.600070,11.4000,11.6000,11.2100,11.3400,11.4000,569281,6450779.0000,3,2.372004,1,-0.526311,0
1998-08-06,sh.600070,11.3500,11.4500,10.9100,11.0000,11.3400,828940,9225118.0000,3,3.453917,1,-2.998238,0
1998-08-07,sh.600070,10.8200,11.2800,10.5600,10.9900,11.0000,562432,6241346.0000,3,2.343467,1,-0.090911,0
1998-08-10,sh.600070,11.0000,11.0000,10.1500,10.3000,10.9900,506680,5328859.0000,3,2.111167,1,-6.278431,0
1998-08-11,sh.600070,10.3800,11.0500,10.3000,10.3000,10.3000,586700,6170083.0000,3,2.444583,1,0.000000,0
1998-08-12,sh.600070,10.4000,10.5000,9.5500,10.2800,10.3000,724906,7207824.0000,3,3.020442,1,-0.194179,0
1998-08-13,sh.600070,10.1800,10.3800,9.8000,10.3500,10.2800,413498,4165538.0000,3,1.722908,1,0.680940,0
1998-08-14,sh.600070,10.3200,10.3200,9.6200,9.6800,10.3500,496398,4905738.0000,3,2.068325,1,-6.473430,0
1998-08-17,sh.600070,9.3800,9.3800,8.7100,8.7100,9.6800,842300,7434370.0000,3,3.509583,1,-10.020660,0
1998-08-18,sh.600070,8.5000,9.2000,8.4100,8.8800,8.7100,559290,4980990.0000,3,2.330375,1,1.951780,0
1998-08-19,sh.600070,8.8900,9.5700,8.8300,9.3900,8.8800,467965,4336983.0000,3,1.949854,1,5.743246,0
1998-08-20,sh.600070,9.3900,9.6000,9.1000,9.6000,9.3900,483536,4538932.0000,3,2.014733,1,2.236422,0
1998-08-21,sh.600070,9.5800,9.6000,9.2700,9.5600,9.6000,392338,3700065.0000,3,1.634742,1,-0.416666,0
1998-08-24,sh.600070,9.5600,9.9300,9.4200,9.8000,9.5600,521439,5087117.0000,3,2.172662,1,2.510458,0
1998-08-25,sh.600070,9.8500,9.8500,9.4500,9.7700,9.8000,420120,4040160.0000,3,1.750500,1,-0.306120,0
1998-08-26,sh.600070,9.7500,9.9000,9.5000,9.5000,9.7700,242670,2332758.0000,3,1.011125,1,-2.763566,0
1998-08-27,sh.600070,9.4000,9.4500,9.1800,9.2300,9.5000,216300,2005384.0000,3,0.901250,1,-2.842110,0
1998-08-28,sh.600070,9.1500,9.2800,8.8000,9.0000,9.2300,406610,3669959.0000,3,1.694208,1,-2.491869,0
1998-08-31,sh.600070,8.8100,9.4000,8.6000,9.3000,9.0000,266719,2361124.0000,3,1.111329,1,3.333335,0
1998-09-01,sh.600070,9.2000,9.4800,9.0200,9.2200,9.3000,234619,2173151.0000,3,0.977579,1,-0.860214,0
1998-09-02,sh.600070,9.2800,9.3000,9.0600,9.2800,9.2200,164061,1503231.0000,3,0.683588,1,0.650753,0
1998-09-03,sh.600070,9.2500,9.7200,9.1500,9.6500,9.2800,411861,3912814.0000,3,1.716087,1,3.987068,0
1998-09-04,sh.600070,9.8000,10.2000,9.6500,10.0400,9.6500,1143207,11347642.0000,3,4.763362,1,4.041455,0
1998-09-07,sh.600070,10.0500,10.1500,9.9900,10.0900,10.0400,767667,7727102.0000,3,3.198612,1,0.498010,0
1998-09-08,sh.600070,10.2000,10.2500,9.8000,9.8200,10.0900,615920,6147522.0000,3,2.566333,1,-2.675921,0
1998-09-09,sh.600070,9.8000,10.1500,9.7400,10.1300,9.8200,517520,5138775.0000,3,2.156333,1,3.156827,0
1998-09-10,sh.600070,10.2300,10.4200,10.0700,10.2800,10.1300,775104,7938583.0000,3,3.229600,1,1.480747,0
1998-09-11,sh.600070,10.2800,10.5000,10.1200,10.3700,10.2800,594558,6135432.0000,3,2.477325,1,0.875488,0
1998-09-14,sh.600070,10.4800,10.7200,10.3000,10.6800,10.3700,839230,8889820.0000,3,3.496792,1,2.989397,0
1998-09-15,sh.600070,10.6800,10.7000,10.3800,10.4000,10.6800,594540,6246852.0000,3,2.477250,1,-2.621729,0
1998-09-16,sh.600070,10.3500,10.6600,10.1300,10.6500,10.4000,586795,6103947.0000,3,2.444979,1,2.403846,0
1998-09-17,sh.600070,10.7500,11.1300,10.6100,10.7000,10.6500,1169380,12759863.0000,3,4.872417,1,0.469485,0
1998-09-18,sh.600070,10.7000,11.1900,10.7000,10.9300,10.7000,2079778,22819499.0000,3,8.665742,1,2.149537,0
1998-09-21,sh.600070,10.9500,11.3000,10.8000,11.1000,10.9300,806629,8906057.0000,3,3.360954,1,1.555353,0
1998-09-22,sh.600070,11.1300,11.1800,10.7800,10.8800,11.1000,447428,4888222.0000,3,1.864283,1,-1.981984,0
1998-09-23,sh.600070,10.8500,10.9500,10.7200,10.7800,10.8800,453035,4900380.0000,3,1.887646,1,-0.919121,0
1998-09-24,sh.600070,10.8800,11.2000,10.5100,10.5100,10.7800,421910,4594487.0000,3,1.757958,1,-2.504634,0
1998-09-25,sh.600070,10.4000,10.8200,10.3800,10.8000,10.5100,404255,4266187.0000,3,1.684396,1,2.759277,0
1998-09-28,sh.600070,10.8700,10.8700,10.5900,10.7500,10.8000,375800,4030129.0000,3,1.565833,1,-0.462965,0
1998-09-29,sh.600070,10.6600,10.8300,10.5100,10.7000,10.7500,236430,2526206.0000,3,0.985125,1,-0.465118,0
1998-09-30,sh.600070,10.8000,10.9700,10.6500,10.9000,10.7000,290957,3150780.0000,3,1.212321,1,1.869157,0
1998-10-05,sh.600070,10.9500,10.9700,10.7200,10.8100,10.9000,265170,2861083.0000,3,1.104875,1,-0.825681,0
1998-10-06,sh.600070,10.8100,10.8500,10.4200,10.4800,10.8100,247520,2625408.0000,3,1.031333,1,-3.052737,0
1998-10-07,sh.600070,10.4000,10.6100,10.3900,10.4800,10.4800,193170,2019361.0000,3,0.804875,1,0.000000,0
1998-10-08,sh.600070,10.5100,10.8800,10.5100,10.8800,10.4800,301870,3239828.0000,3,1.257792,1,3.816799,0
1998-10-09,sh.600070,10.9500,11.0900,10.8900,10.9000,10.8800,500588,5496132.0000,3,2.085783,1,0.183819,0
1998-10-12,sh.600070,10.9800,11.8000,10.9500,11.6900,10.9000,1983138,22942274.0000,3,8.263075,1,7.247706,0
1998-10-13,sh.600070,11.7800,11.8600,11.3600,11.3900,11.6900,878631,10181106.0000,3,3.660963,1,-2.566289,0
1998-10-14,sh.600070,11.2800,11.5600,11.2800,11.3500,11.3900,503448,5732739.0000,3,2.097700,1,-0.351185,0
1998-10-15,sh.600070,11.4200,11.7000,11.3500,11.5700,11.3500,500269,5769746.0000,3,2.084454,1,1.938320,0
1998-10-16,sh.600070,11.6500,11.7300,11.3300,11.3600,11.5700,346880,3993469.0000,3,1.445333,1,-1.815039,0
1998-10-19,sh.600070,11.6000,11.6000,11.1800,11.2600,11.3600,501140,5669376.0000,3,2.088083,1,-0.880277,0
1998-10-20,sh.600070,11.2800,11.4700,11.1800,11.2400,11.2600,297006,3364132.0000,3,1.237525,1,-0.177624,0
1998-10-21,sh.600070,11.2100,11.2400,10.7800,10.7800,11.2400,517910,5689724.0000,3,2.157958,1,-4.092527,0
1998-10-22,sh.600070,10.7100,10.9900,10.4600,10.9400,10.7800,510609,5449903.0000,3,2.127537,1,1.484229,0
1998-10-23,sh.600070,10.9000,10.9800,10.6800,10.6800,10.9400,245750,2660203.0000,3,1.023958,1,-2.376593,0
1998-10-26,sh.600070,10.6500,10.6500,10.3200,10.4500,10.6800,385610,4026131.0000,3,1.606708,1,-2.153563,0
1998-10-27,sh.600070,10.4500,10.7200,10.4000,10.6900,10.4500,153489,1627323.0000,3,0.639537,1,2.296649,0
1998-10-28,sh.600070,10.7000,11.2600,10.6900,11.1800,10.6900,442360,4892241.0000,3,1.843167,1,4.583730,0
1998-10-29,sh.600070,11.1100,11.2300,11.0000,11.0900,11.1800,323890,3599273.0000,3,1.349542,1,-0.805010,0
1998-10-30,sh.600070,11.0500,11.1600,10.9800,11.0600,11.0900,341417,3787795.0000,3,1.422571,1,-0.270512,0
1998-11-02,sh.600070,11.0800,11.3900,11.0800,11.3600,11.0600,435715,4922662.0000,3,1.815479,1,2.712471,0
1998-11-03,sh.600070,11.3600,11.5400,11.2600,11.5100,11.3600,386826,4399040.0000,3,1.611775,1,1.320428,0
1998-11-04,sh.600070,11.5500,11.5600,11.3500,11.4900,11.5100,417757,4790184.0000,3,1.740654,1,-0.173766,0
1998-11-05,sh.600070,11.5500,11.7800,11.4300,11.7400,11.4900,861215,9995019.0000,3,3.588396,1,2.175805,0
1998-11-06,sh.600070,11.8000,11.8500,11.3000,11.4800,11.7400,673300,7822673.0000,3,2.805417,1,-2.214653,0
1998-11-09,sh.600070,11.6000,11.6400,11.3500,11.5200,11.4800,542659,6229368.0000,3,2.261079,1,0.348440,0
1998-11-10,sh.600070,11.5200,11.5200,11.2400,11.4500,11.5200,421071,4784419.0000,3,1.754463,1,-0.607645,0
1998-11-11,sh.600070,11.5000,11.5900,11.2000,11.5300,11.4500,458535,5218386.0000,3,1.910563,1,0.698689,0
1998-11-12,sh.600070,11.5000,11.6100,11.4500,11.5000,11.5300,494137,5691035.0000,3,2.058904,1,-0.260188,0
1998-11-13,sh.600070,11.5800,12.0600,11.3300,12.0500,11.5000,1101967,12920049.0000,3,4.591529,1,4.782610,0
1998-11-16,sh.600070,12.1800,12.5700,12.1800,12.3400,12.0500,3234479,39990757.0000,3,13.476996,1,2.406639,0
1998-11-17,sh.600070,12.4000,12.4600,12.0600,12.2200,12.3400,767387,9394747.0000,3,3.197446,1,-0.972446,0
1998-11-18,sh.600070,12.2000,12.4600,12.0300,12.3900,12.2200,743832,9164411.0000,3,3.099300,1,1.391163,0
1998-11-19,sh.600070,12.4000,12.6000,12.3500,12.3500,12.3900,757070,9463686.0000,3,3.154458,1,-0.322841,0
1998-11-20,sh.600070,12.3000,12.4000,12.1100,12.1600,12.3500,505622,6163201.0000,3,2.106758,1,-1.538466,0
1998-11-23,sh.600070,12.2600,12.3000,12.0200,12.1900,12.1600,286335,3476245.0000,3,1.193062,1,0.246708,0
1998-11-24,sh.600070,12.1500,12.2700,12.1500,12.2500,12.1900,212032,2586202.0000,3,0.883467,1,0.492210,0
1998-11-25,sh.600070,12.3000,12.3000,12.0800,12.0800,12.2500,314027,3821098.0000,3,1.308446,1,-1.387756,0
1998-11-26,sh.600070,12.0800,12.0800,11.7100,11.7400,12.0800,542401,6488830.0000,3,2.260004,1,-2.814571,0
1998-11-27,sh.600070,11.6000,11.7900,11.4700,11.4700,11.7400,408340,4734482.0000,3,1.701417,1,-2.299825,0
1998-11-30,sh.600070,11.4300,11.4300,11.0000,11.3600,11.4700,232396,2622574.0000,3,0.968317,1,-0.959029,0
1998-12-01,sh.600070,11.3000,11.4000,11.0200,11.0200,11.3600,155900,1749719.0000,3,0.649583,1,-2.992951,0
1998-12-02,sh.600070,10.9800,11.2300,10.8500,11.1600,11.0200,244220,2707013.0000,3,1.017583,1,1.270412,0
1998-12-03,sh.600070,11.2000,11.3000,11.1200,11.2200,11.1600,142100,1591047.0000,3,0.592083,1,0.537638,0
1998-12-04,sh.600070,11.2300,11.2300,10.8600,10.8900,11.2200,184152,2028966.0000,3,0.767300,1,-2.941176,0
1998-12-07,sh.600070,11.0300,11.2000,10.7100,10.7600,10.8900,202160,2214731.0000,3,0.842333,1,-1.193757,0
1998-12-08,sh.600070,10.8000,10.9800,10.7800,10.8000,10.7600,314700,3405452.0000,3,1.311250,1,0.371747,0
1998-12-09,sh.600070,10.9100,10.9500,10.8000,10.8100,10.8000,116220,1263061.0000,3,0.484250,1,0.092595,0
1998-12-10,sh.600070,10.8100,10.8500,10.4800,10.5500,10.8100,261713,2770845.0000,3,1.090471,1,-2.405182,0
1998-12-11,sh.600070,10.5100,10.7500,10.4300,10.7500,10.5500,82352,874366.0000,3,0.343133,1,1.895733,0
1998-12-14,sh.600070,10.7800,10.8000,10.6000,10.6100,10.7500,89230,951056.0000,3,0.371792,1,-1.302329,0
1998-12-15,sh.600070,10.5200,10.7800,10.5200,10.7800,10.6100,96015,1019830.0000,3,0.400062,1,1.602263,0
1998-12-16,sh.600070,10.7800,10.9500,10.6000,10.8000,10.7800,130370,1412986.0000,3,0.543208,1,0.185533,0
1998-12-17,sh.600070,10.7100,10.7600,10.5800,10.5800,10.8000,75060,800691.0000,3,0.312750,1,-2.037039,0
1998-12-18,sh.600070,10.6000,10.9600,10.5000,10.8000,10.5800,102085,1095966.0000,3,0.425354,1,2.079398,0
1998-12-21,sh.600070,10.8100,10.9100,10.7300,10.9000,10.8000,89440,971911.0000,3,0.372667,1,0.925921,0
1998-12-22,sh.600070,10.9000,11.1800,10.9000,11.1400,10.9000,355003,3918454.0000,3,1.479179,1,2.201842,0
1998-12-23,sh.600070,11.1400,11.1500,10.7900,10.8000,11.1400,140400,1538667.0000,3,0.585000,1,-3.052066,0
1998-12-24,sh.600070,10.8100,10.8800,10.7300,10.7700,10.8000,57700,622272.0000,3,0.240417,1,-0.277775,0
1998-12-25,sh.600070,10.9900,10.9900,10.8000,10.8400,10.7700,41350,448458.0000,3,0.172292,1,0.649951,0
1998-12-28,sh.600070,10.8700,10.8700,10.0800,10.2800,10.8400,540228,5597040.0000,3,2.250950,1,-5.166056,0
1998-12-29,sh.600070,10.2600,10.2600,9.9500,10.0100,10.2800,255294,2571819.0000,3,1.063725,1,-2.626454,0
1998-12-30,sh.600070,10.2000,10.2100,9.9200,10.2100,10.0100,193600,1943462.0000,3,0.806667,1,1.998000,0
1998-12-31,sh.600070,10.3400,10.3400,10.0700,10.0800,10.2100,31635,321922.0000,3,0.131812,1,-1.273263,0
1999-01-04,sh.600070,9.9500,9.9800,9.6000,9.6000,10.0800,188233,1822866.0000,3,0.784304,1,-4.761900,0
1999-01-05,sh.600070,9.5200,9.5800,9.3000,9.5000,9.6000,147940,1397379.0000,3,0.616417,1,-1.041671,0
1999-01-06,sh.600070,9.4100,9.7000,9.4100,9.6100,9.5000,193188,1856520.0000,3,0.804950,1,1.157891,0
1999-01-07,sh.600070,9.6500,9.7500,9.5000,9.5600,9.6100,60950,586230.0000,3,0.253958,1,-0.520284,0
1999-01-08,sh.600070,9.6500,10.0500,9.6500,10.0400,9.5600,148184,1472591.0000,3,0.617433,1,5.020916,0
1999-01-11,sh.600070,10.0500,10.1200,9.9000,10.0300,10.0400,128197,1279512.0000,3,0.534154,1,-0.099604,0
1999-01-12,sh.600070,10.0500,10.1500,9.9400,10.0500,10.0300,147351,1484670.0000,3,0.613962,1,0.199406,0
1999-01-13,sh.600070,9.9500,10.1800,9.9200,9.9500,10.0500,153350,1538384.0000,3,0.638958,1,-0.995029,0
1999-01-14,sh.600070,9.9100,10.0900,9.9100,9.9600,9.9500,100210,999337.0000,3,0.417542,1,0.100505,0
1999-01-15,sh.600070,10.1500,10.1500,9.7600,9.8000,9.9600,114350,1132036.0000,3,0.476458,1,-1.606424,0
1999-01-18,sh.600070,9.8000,9.8000,9.4200,9.6800,9.8000,185500,1775511.0000,3,0.772917,1,-1.224489,0
1999-01-19,sh.600070,10.5000,10.5000,9.9000,10.1500,9.6800,558160,5715837.0000,3,2.325667,1,4.855365,0
1999-01-20,sh.600070,10.1900,10.3500,10.0100,10.0800,10.1500,278179,2852456.0000,3,1.159079,1,-0.689652,0
1999-01-21,sh.600070,10.0700,10.3200,9.9100,10.3000,10.0800,171500,1754310.0000,3,0.714583,1,2.182542,0
1999-01-22,sh.600070,10.4500,10.4500,10.1700,10.2200,10.3000,124940,1282092.0000,3,0.520583,1,-0.776698,0
1999-01-25,sh.600070,10.2500,10.2500,9.9500,9.9600,10.2200,188800,1891041.0000,3,0.786667,1,-2.544034,0
1999-01-26,sh.600070,9.8600,10.0700,9.7900,9.8500,9.9600,106470,1054046.0000,3,0.443625,1,-1.104414,0
1999-01-27,sh.600070,9.9000,9.9600,9.7500,9.8500,9.8500,112900,1112274.0000,3,0.470417,1,0.000000,0
1999-01-28,sh.600070,9.9100,9.9200,9.6000,9.6500,9.8500,213200,2066452.0000,3,0.888333,1,-2.030464,0
1999-01-29,sh.600070,9.6500,9.7000,9.4800,9.5100,9.6500,180980,1726632.0000,3,0.754083,1,-1.450771,0
1999-02-01,sh.600070,9.4700,9.5200,9.3200,9.5200,9.5100,129939,1221803.0000,3,0.541412,1,0.105155,0
1999-02-02,sh.600070,9.6500,9.7500,9.4100,9.7500,9.5200,230860,2207200.0000,3,0.961917,1,2.415962,0
1999-02-03,sh.600070,9.5400,9.8200,9.5400,9.7000,9.7500,281940,2739033.0000,3,1.174750,1,-0.512822,0
1999-02-04,sh.600070,9.6500,9.7400,9.5000,9.5100,9.7000,83100,795959.0000,3,0.346250,1,-1.958759,0
1999-02-05,sh.600070,9.4000,9.6000,9.1000,9.1500,9.5100,108500,1012954.0000,3,0.452083,1,-3.785496,0
1999-02-08,sh.600070,9.1000,9.1500,8.8800,8.9000,9.1500,129219,1161965.0000,3,0.538412,1,-2.732241,0
1999-02-09,sh.600070,8.9500,9.1800,8.9500,9.1500,8.9000,89580,811338.0000,3,0.373250,1,2.808989,0
1999-03-01,sh.600070,9.1500,9.2500,9.0000,9.1700,9.1500,52660,480474.0000,3,0.219417,1,0.218584,0
1999-03-02,sh.600070,9.1600,9.3200,9.1000,9.2600,9.1700,70230,646587.0000,3,0.292625,1,0.981463,0
1999-03-03,sh.600070,9.2500,9.5800,9.2500,9.5700,9.2600,94584,897772.0000,3,0.394100,1,3.347726,0
1999-03-04,sh.600070,9.5900,9.6600,9.4100,9.5200,9.5700,106599,1017454.0000,3,0.444163,1,-0.522458,0
1999-03-05,sh.600070,9.5200,9.6600,9.3000,9.6400,9.5200,169631,1607743.0000,3,0.706796,1,1.260503,0
1999-03-08,sh.600070,9.5500,9.8500,9.4100,9.8500,9.6400,157009,1510595.0000,3,0.654204,1,2.178423,0
1999-03-09,sh.600070,9.7200,9.9000,9.6000,9.6000,9.8500,119700,1170246.0000,3,0.498750,1,-2.538071,0
1999-03-10,sh.600070,9.6000,9.6500,9.4500,9.5700,9.6000,131930,1260495.0000,3,0.549708,1,-0.312507,0
1999-03-11,sh.600070,9.5000,9.9000,9.5000,9.8500,9.5700,274500,2686946.0000,3,1.143750,1,2.925817,0
1999-03-12,sh.600070,9.8500,9.9800,9.7500,9.9800,9.8500,316241,3132259.0000,3,1.317671,1,1.319788,0
1999-03-15,sh.600070,10.0300,10.4700,10.0300,10.2500,9.9800,575531,5943342.0000,3,2.398046,1,2.705415,0
1999-03-16,sh.600070,10.2200,10.3000,10.0000,10.1800,10.2500,221380,2252262.0000,3,0.922417,1,-0.682924,0
1999-03-17,sh.600070,10.1800,10.2200,9.9800,9.9800,10.1800,216200,2184917.0000,3,0.900833,1,-1.964644,0
1999-03-18,sh.600070,9.9000,9.9600,9.8000,9.8200,9.9800,173520,1710127.0000,3,0.723000,1,-1.603205,0
1999-03-19,sh.600070,9.8200,9.8200,9.8200,9.8200,9.8200,0,0.0000,3,,1,0.000000,0
1999-03-22,sh.600070,10.3800,10.3800,10.0200,10.0300,9.8200,261848,2646265.0000,3,1.091033,1,2.138493,0
1999-03-23,sh.600070,10.0000,10.1000,9.8800,9.9900,10.0300,106600,1063370.0000,3,0.444167,1,-0.398803,0
1999-03-24,sh.600070,9.9900,10.1200,9.9500,9.9500,9.9900,122820,1228638.0000,3,0.511750,1,-0.400400,0
1999-03-25,sh.600070,9.9300,10.1600,9.8700,9.9300,9.9500,169268,1692915.0000,3,0.705283,1,-0.201000,0
1999-03-26,sh.600070,10.1600,10.1600,9.8200,9.8900,9.9300,79100,783386.0000,3,0.329583,1,-0.402819,0
1999-03-29,sh.600070,9.8500,10.0900,9.7400,10.0000,9.8900,123810,1221948.0000,3,0.515875,1,1.112231,0
1999-03-30,sh.600070,10.0000,10.2900,9.9800,10.1200,10.0000,313570,3184026.0000,3,1.306542,1,1.199999,0
1999-03-31,sh.600070,10.1200,10.3300,10.0500,10.3300,10.1200,327551,3350863.0000,3,1.364796,1,2.075099,0
1999-04-01,sh.600070,10.3500,10.4800,10.2000,10.3000,10.3300,331078,3432869.0000,3,1.379492,1,-0.290414,0
1999-04-02,sh.600070,10.2700,11.1000,10.2500,10.8000,10.3000,1220416,13163771.0000,3,5.085067,1,4.854369,0
1999-04-05,sh.600070,10.8500,11.0000,10.8000,10.8300,10.8000,502942,5468947.0000,3,2.095592,1,0.277775,0
1999-04-06,sh.600070,10.8300,10.8300,10.6800,10.7600,10.8300,235217,2524988.0000,3,0.980071,1,-0.646350,0
1999-04-07,sh.600070,10.7000,10.9500,10.4800,10.9100,10.7600,396522,4243302.0000,3,1.652175,1,1.394048,0
1999-04-08,sh.600070,10.9600,10.9600,10.6900,10.7000,10.9100,262990,2837829.0000,3,1.095792,1,-1.924840,0
1999-04-09,sh.600070,10.6700,10.8400,10.5600,10.6600,10.7000,247210,2653028.0000,3,1.030042,1,-0.373831,0
1999-04-12,sh.600070,10.5800,10.7500,10.2600,10.3100,10.6600,300660,3120140.0000,3,1.252750,1,-3.283297,0
1999-04-13,sh.600070,10.1600,10.4500,10.1500,10.3100,10.3100,211900,2200887.0000,3,0.882917,1,0.000000,0
1999-04-14,sh.600070,10.3100,10.3800,10.2000,10.3600,10.3100,75330,776051.0000,3,0.313875,1,0.484959,0
1999-04-15,sh.600070,10.3700,10.4700,10.1000,10.1000,10.3600,103900,1063825.0000,3,0.432917,1,-2.509645,0
1999-04-16,sh.600070,10.0800,10.2000,10.0000,10.0600,10.1000,161620,1635981.0000,3,0.673417,1,-0.396039,0
1999-04-19,sh.600070,10.0800,10.1800,10.0000,10.1500,10.0600,92236,931609.0000,3,0.384317,1,0.894624,0
1999-04-20,sh.600070,10.1500,10.3100,10.1500,10.2000,10.1500,81743,836532.0000,3,0.340596,1,0.492613,0
1999-04-21,sh.600070,10.2000,10.2100,9.9000,9.9000,10.2000,158800,1594799.0000,3,0.661667,1,-2.941178,0
1999-04-22,sh.600070,9.7500,9.8200,9.4600,9.8000,9.9000,159638,1538768.0000,3,0.665158,1,-1.010095,0
1999-04-23,sh.600070,9.8200,9.8200,9.6500,9.7200,9.8000,122200,1188510.0000,3,0.509167,1,-0.816326,0
1999-04-26,sh.600070,9.6500,9.7000,9.4300,9.4300,9.7200,105400,1003565.0000,3,0.439167,1,-2.983539,0
1999-04-27,sh.600070,9.4300,9.4300,9.1400,9.1700,9.4300,132870,1231424.0000,3,0.553625,1,-2.757160,0
1999-04-28,sh.600070,9.1700,9.4000,9.1700,9.2400,9.1700,73925,688164.0000,3,0.308021,1,0.763355,0
1999-04-29,sh.600070,9.1800,9.4200,9.1800,9.3800,9.2400,121750,1136396.0000,3,0.507292,1,1.515155,0
1999-04-30,sh.600070,9.4000,9.6800,9.4000,9.5000,9.3800,80759,767237.0000,3,0.336496,1,1.279316,0
1999-05-04,sh.600070,9.5000,9.5000,9.3600,9.3600,9.5000,49100,461745.0000,3,0.204583,1,-1.473688,0
1999-05-05,sh.600070,9.3800,9.4500,9.3700,9.4200,9.3600,54740,513972.0000,3,0.228083,1,0.641030,0
1999-05-06,sh.600070,9.5000,9.7800,9.4400,9.6800,9.4200,64985,624264.0000,3,0.270771,1,2.760087,0
1999-05-07,sh.600070,9.4000,9.6500,9.4000,9.5600,9.6800,62100,596642.0000,3,0.258750,1,-1.239668,0
1999-05-10,sh.600070,9.3800,9.3800,8.9900,9.1000,9.5600,124966,1149227.0000,3,0.520692,1,-4.811716,0
1999-05-11,sh.600070,9.1200,9.3200,9.1000,9.3000,9.1000,73250,679573.0000,3,0.305208,1,2.197800,0
1999-05-12,sh.600070,9.3000,9.4000,9.2000,9.4000,9.3000,63714,594147.0000,3,0.265475,1,1.075263,0
1999-05-13,sh.600070,9.4400,9.4700,9.2700,9.4700,9.4000,24300,227046.0000,3,0.101250,1,0.744688,0
1999-05-14,sh.600070,9.3000,9.3800,9.0900,9.1400,9.4700,87440,803057.0000,3,0.364333,1,-3.484688,0
1999-05-17,sh.600070,9.0000,9.3100,9.0000,9.3000,9.1400,44250,408304.0000,3,0.184375,1,1.750545,0
1999-05-18,sh.600070,9.1500,9.1500,9.0200,9.0800,9.0700,44701,405397.0000,3,0.186254,1,0.110256,0
1999-05-19,sh.600070,9.0000,9.4200,9.0000,9.4000,9.0800,108201,1004117.0000,3,0.450838,1,3.524225,0
1999-05-20,sh.600070,9.4100,9.7900,9.4100,9.7700,9.4000,198133,1912583.0000,3,0.825554,1,3.936179,0
1999-05-21,sh.600070,9.8000,9.8500,9.6000,9.6900,9.7700,250890,2445378.0000,3,1.045375,1,-0.818842,0
1999-05-24,sh.600070,9.6900,9.6900,9.6900,9.6900,9.6900,0,0.0000,3,,1,0.000000,0
1999-05-25,sh.600070,10.1900,10.6600,10.0000,10.3700,9.6900,1118034,11723311.0000,3,4.658475,1,7.017548,0
1999-05-26,sh.600070,10.3000,10.3400,10.0000,10.2800,10.3700,458397,4666856.0000,3,1.909987,1,-0.867890,0
1999-05-27,sh.600070,10.3100,10.5500,10.2500,10.3500,10.2800,414610,4286709.0000,3,1.727542,1,0.680940,0
1999-05-28,sh.600070,10.4000,10.4800,9.8900,9.9200,10.3500,396828,4007095.0000,3,1.653450,1,-4.154592,0
1999-05-31,sh.600070,9.9200,10.3000,9.7800,9.8600,9.9200,357361,3555509.0000,3,1.489004,1,-0.604843,0
1999-06-01,sh.600070,9.9100,10.1000,9.7000,10.1000,9.8600,335560,3344921.0000,3,1.398167,1,2.434085,0
1999-06-02,sh.600070,10.2000,10.3000,9.9500,10.1100,10.1000,473603,4783392.0000,3,1.973346,1,0.099003,0
1999-06-03,sh.600070,10.1200,10.3100,9.9800,10.0500,10.1100,285459,2885365.0000,3,1.189412,1,-0.593467,0
1999-06-04,sh.600070,10.1000,10.6600,10.0700,10.5000,10.0500,785547,8173686.0000,3,3.273112,1,4.477610,0
1999-06-07,sh.600070,10.5000,10.6000,10.2500,10.5900,10.5000,468060,4874039.0000,3,1.950250,1,0.857144,0
1999-06-08,sh.600070,10.6000,10.7500,10.3600,10.6000,10.5900,439685,4621457.0000,3,1.832021,1,0.094431,0
1999-06-09,sh.600070,10.6000,10.6500,10.2600,10.6000,10.6000,332514,3469589.0000,3,1.385475,1,0.000000,0
1999-06-10,sh.600070,10.7000,11.0000,10.4500,10.8800,10.6000,925218,9926003.0000,3,3.855075,1,2.641507,0
1999-06-11,sh.600070,10.8100,10.8500,10.5800,10.6400,10.8800,413230,4432083.0000,3,1.721792,1,-2.205880,0
1999-06-14,sh.600070,10.6000,11.2000,10.6000,11.0800,10.6400,751447,8230427.0000,3,3.131029,1,4.135334,0
1999-06-15,sh.600070,11.2500,11.3000,10.3100,10.3800,11.0800,796721,8689183.0000,3,3.319671,1,-6.317688,0
1999-06-16,sh.600070,10.5000,10.8600,10.3000,10.7900,10.3800,754444,7926729.0000,3,3.143517,1,3.949902,0
1999-06-17,sh.600070,11.0000,11.2800,10.6600,11.2800,10.7900,1099181,12003363.0000,3,4.579921,1,4.541240,0
1999-06-18,sh.600070,11.3000,11.5000,11.0000,11.4000,11.2800,1174188,13294696.0000,3,4.892450,1,1.063829,0
1999-06-21,sh.600070,11.6800,12.1000,11.5600,12.0100,11.4000,1054932,12576861.0000,3,4.395550,1,5.350883,0
1999-06-22,sh.600070,12.0000,12.0000,11.5000,11.8900,12.0100,726931,8551452.0000,3,3.028879,1,-0.999166,0
1999-06-23,sh.600070,11.9100,12.4800,11.9000,12.4000,11.8900,1056004,12904440.0000,3,4.400017,1,4.289313,0
1999-06-24,sh.600070,12.4200,13.2000,12.0100,12.9700,12.4000,1608533,20338459.0000,3,6.702221,1,4.596779,0
1999-06-25,sh.600070,13.0000,13.5000,11.9000,11.9200,12.9700,2083731,26676971.0000,3,8.682213,1,-8.095607,0
1999-06-28,sh.600070,12.2000,13.1100,12.2000,13.1100,11.9200,1915880,24572279.0000,3,7.982833,1,9.983217,0
1999-06-29,sh.600070,13.4000,13.8500,12.9000,13.8500,13.1100,2145728,28550334.0000,3,8.940533,1,5.644552,0
1999-06-30,sh.600070,14.3800,15.1000,13.8500,14.3000,13.8500,3122181,45310537.0000,3,13.009087,1,3.249096,0
1999-07-01,sh.600070,14.3000,14.3000,12.8700,12.8700,14.3000,1259210,16779984.0000,3,5.246708,1,-10.000000,0
1999-07-02,sh.600070,13.0000,14.1600,12.9000,14.1600,12.8700,2609039,35536709.0000,3,10.870996,1,10.023310,0
1999-07-05,sh.600070,14.4000,14.9800,13.8000,14.1800,14.1600,2929078,42344732.0000,3,12.204492,1,0.141246,0
1999-07-06,sh.600070,13.8800,14.0000,13.1500,13.8800,14.1800,1532944,20806260.0000,3,6.387267,1,-2.115657,0
1999-07-07,sh.600070,14.0800,14.1500,13.2800,14.0000,13.8800,996120,13652544.0000,3,4.150500,1,0.864552,0
1999-07-08,sh.600070,14.1500,14.6000,13.5000,13.8300,14.0000,5396857,76203193.0000,3,22.486904,1,-1.214286,0
1999-07-09,sh.600070,13.7500,13.8000,12.8800,13.3800,13.8300,1900313,25312138.0000,3,7.917971,1,-3.253795,0
1999-07-12,sh.600070,13.0000,13.2000,12.3000,12.4200,13.3800,1287704,16277017.0000,3,5.365433,1,-7.174888,0
1999-07-13,sh.600070,12.3000,12.3000,11.7900,12.1500,12.4200,735051,8824368.0000,3,3.062712,1,-2.173917,0
1999-07-14,sh.600070,12.1500,12.5700,12.0000,12.3800,12.1500,345123,4237727.0000,3,1.438013,1,1.893008,0
1999-07-15,sh.600070,12.4000,12.4200,11.9000,11.9300,12.3800,468919,5654461.0000,3,1.953829,1,-3.634893,0
1999-07-16,sh.600070,11.9000,11.9200,11.6000,11.6500,11.9300,385200,4522364.0000,3,1.605000,1,-2.347030,0
1999-07-19,sh.600070,11.3500,11.5000,11.1600,11.2000,11.6500,466240,5253847.0000,3,1.942667,1,-3.862659,0
1999-07-20,sh.600070,11.1800,12.1000,11.1600,12.1000,11.2000,400457,4666386.0000,3,1.668571,1,8.035719,0
1999-07-21,sh.600070,12.2000,12.2900,11.8500,12.1600,12.1000,774574,9314460.0000,3,3.227392,1,0.495863,0
1999-07-22,sh.600070,12.1800,12.2000,11.4900,11.4900,12.1600,355800,4173795.0000,3,1.482500,1,-5.509869,0
1999-07-23,sh.600070,11.4900,12.0500,11.4900,11.7500,11.4900,259570,3066827.0000,3,1.081542,1,2.262839,0
1999-07-26,sh.600070,11.8000,12.2800,11.5000,12.2500,11.7500,476811,5706582.0000,3,1.986712,1,4.255319,0
1999-07-27,sh.600070,12.0100,12.1800,11.7500,11.9000,12.2500,186141,2222254.0000,3,0.775587,1,-2.857146,0
1999-07-28,sh.600070,11.9000,12.2000,11.9000,12.0400,11.9000,352790,4249801.0000,3,1.469958,1,1.176473,0
1999-07-29,sh.600070,12.1000,12.3000,11.9200,12.0000,12.0400,201500,2420856.0000,3,0.839583,1,-0.332226,0
1999-07-30,sh.600070,12.2000,12.2000,11.8500,12.1500,12.0000,210672,2527978.0000,3,0.877800,1,1.249997,0
1999-08-02,sh.600070,12.1100,12.4600,11.9900,12.4000,12.1500,459962,5645398.0000,3,1.916508,1,2.057613,0
1999-08-03,sh.600070,12.5600,13.0400,12.5500,13.0300,12.4000,1476089,19042503.0000,3,6.150371,1,5.080647,0
1999-08-04,sh.600070,13.1500,13.2000,12.9000,12.9900,13.0300,710969,9242488.0000,3,2.962371,1,-0.306984,0
1999-08-05,sh.600070,12.9900,13.1400,12.7300,13.0800,12.9900,504985,6527813.0000,3,2.104104,1,0.692842,0
1999-08-06,sh.600070,12.9800,12.9800,12.4000,12.8300,13.0800,435890,5548416.0000,3,1.816208,1,-1.911315,0
1999-08-09,sh.600070,12.7000,12.7000,12.4800,12.5000,12.8300,321708,4032623.0000,3,1.340450,1,-2.572096,0
1999-08-10,sh.600070,12.4000,12.6000,12.3200,12.3200,12.5000,254820,3172724.0000,3,1.061750,1,-1.440002,0
1999-08-11,sh.600070,12.1800,12.4200,12.1800,12.2100,12.3200,181330,2223489.0000,3,0.755542,1,-0.892854,0
1999-08-12,sh.600070,12.2000,12.5000,12.0000,12.2400,12.2100,245839,2992944.0000,3,1.024329,1,0.245698,0
1999-08-13,sh.600070,12.3000,12.6000,12.1900,12.3800,12.2400,225300,2801415.0000,3,0.938750,1,1.143794,0
1999-08-16,sh.600070,12.3800,12.3900,12.1800,12.3800,12.3800,113180,1388032.0000,3,0.471583,1,0.000000,0
1999-08-17,sh.600070,12.3500,13.2800,12.3000,13.2500,12.3800,1622965,21114074.0000,3,6.762354,1,7.027463,0
1999-08-18,sh.600070,13.2500,13.2800,12.8800,13.1700,13.2500,915570,11952613.0000,3,3.814875,1,-0.603773,0
1999-08-19,sh.600070,13.3100,13.8000,13.3100,13.8000,13.1700,1750988,23749489.0000,3,7.295783,1,4.783600,0
1999-08-20,sh.600070,13.8500,14.0000,13.5000,13.9900,13.8000,1404148,19423577.0000,3,5.850617,1,1.376809,0
1999-08-23,sh.600070,14.0000,14.2000,13.7100,14.0900,13.9900,1324730,18437374.0000,3,5.519708,1,0.714799,0
1999-08-24,sh.600070,14.1000,14.1500,13.5600,13.6300,14.0900,1274160,17562540.0000,3,5.309000,1,-3.264727,0
1999-08-25,sh.600070,13.5000,13.6800,13.3600,13.4100,13.6300,551141,7424707.0000,3,2.296421,1,-1.614089,0
1999-08-26,sh.600070,13.3300,13.9000,13.2900,13.8100,13.4100,317063,4305357.0000,3,1.321096,1,2.982853,0
1999-08-27,sh.600070,13.8000,13.8000,13.5200,13.5800,13.8100,208500,2845334.0000,3,0.868750,1,-1.665463,0
1999-08-30,sh.600070,13.6000,13.6000,13.2200,13.2600,13.5800,282162,3771440.0000,3,1.175675,1,-2.356404,0
1999-08-31,sh.600070,13.1500,13.5000,13.1500,13.4500,13.2600,169920,2270845.0000,3,0.708000,1,1.432878,0
1999-09-01,sh.600070,13.5800,13.8000,13.2000,13.2800,13.4500,188340,2523013.0000,3,0.784750,1,-1.263941,0
1999-09-02,sh.600070,13.1800,13.4000,13.1000,13.3500,13.2800,191110,2525741.0000,3,0.796292,1,0.527113,0
1999-09-03,sh.600070,13.4900,13.4900,13.1000,13.1500,13.3500,144540,1924656.0000,3,0.602250,1,-1.498133,0
1999-09-06,sh.600070,13.0500,13.0500,12.6300,12.7800,13.1500,236160,3011127.0000,3,0.984000,1,-2.813687,0
1999-09-07,sh.600070,12.7000,12.8500,12.7000,12.7100,12.7800,123700,1578584.0000,3,0.515417,1,-0.547728,0
1999-09-08,sh.600070,12.7800,12.9000,12.6800,12.6800,12.7100,126330,1611596.0000,3,0.526375,1,-0.236033,0
1999-09-09,sh.600070,13.0500,13.6500,12.9300,13.6400,12.6800,355243,4767817.0000,3,1.480179,1,7.570978,0
1999-09-10,sh.600070,13.7300,13.7400,13.2000,13.2800,13.6400,439380,5880841.0000,3,1.830750,1,-2.639301,0
1999-09-13,sh.600070,13.2800,13.4000,13.0100,13.3800,13.2800,279591,3701955.0000,3,1.164963,1,0.753015,0
1999-09-14,sh.600070,13.4800,13.7300,13.3800,13.3800,13.3800,263071,3569348.0000,3,1.096129,1,0.000000,0
1999-09-15,sh.600070,13.4500,13.4900,13.2700,13.2700,13.3800,159860,2130935.0000,3,0.666083,1,-0.822120,0
1999-09-16,sh.600070,13.2500,13.3000,13.2000,13.2200,13.2700,141666,1874403.0000,3,0.590275,1,-0.376791,0
1999-09-17,sh.600070,13.1500,13.3000,13.0800,13.1200,13.2200,151160,1991003.0000,3,0.629833,1,-0.756432,0
1999-09-20,sh.600070,13.0000,13.1000,12.8300,12.9900,13.1200,281617,3657237.0000,3,1.173404,1,-0.990855,0
1999-09-21,sh.600070,12.8800,13.1200,12.8800,13.0000,12.9900,140974,1830122.0000,3,0.587392,1,0.076984,0
1999-09-22,sh.600070,13.0000,13.3000,12.9000,13.1000,13.0000,140100,1822014.0000,3,0.583750,1,0.769234,0
1999-09-23,sh.600070,13.0500,13.5000,13.0500,13.1000,13.1000,309680,4125972.0000,3,1.290333,1,0.000000,0
1999-09-24,sh.600070,13.2100,13.4500,13.1800,13.4200,13.1000,274860,3668054.0000,3,1.145250,1,2.442746,0
1999-09-27,sh.600070,13.5600,13.5600,13.3000,13.4000,13.4200,276946,3722754.0000,3,1.153942,1,-0.149035,0
1999-09-28,sh.600070,13.4100,13.5000,13.2600,13.2600,13.4000,181310,2429184.0000,3,0.755458,1,-1.044772,0
1999-09-29,sh.600070,13.4500,13.5200,13.2500,13.3100,13.2600,273400,3670783.0000,3,1.139167,1,0.377075,0
1999-09-30,sh.600070,13.2000,13.5100,13.2000,13.2800,13.3100,353840,4762868.0000,3,1.474333,1,-0.225400,0
1999-10-08,sh.600070,13.3000,13.3100,12.8400,12.9000,13.2800,150060,1948367.0000,3,0.625250,1,-2.861447,0
1999-10-11,sh.600070,12.9000,13.0000,12.6000,12.9800,12.9000,153342,1982171.0000,3,0.638925,1,0.620155,0
1999-10-12,sh.600070,12.9500,13.6000,12.9500,13.3400,12.9800,455260,6147865.0000,3,1.896917,1,2.773502,0
1999-10-13,sh.600070,13.4000,13.5400,13.0800,13.1500,13.3400,206830,2775376.0000,3,0.861792,1,-1.424292,0
1999-10-14,sh.600070,13.0200,13.2000,12.8100,12.9200,13.1500,119400,1552942.0000,3,0.497500,1,-1.749046,0
1999-10-15,sh.600070,13.0000,13.5100,13.0000,13.4000,12.9200,287100,3856200.0000,3,1.196250,1,3.715167,0
1999-10-18,sh.600070,13.5000,13.5100,13.2000,13.3000,13.4000,277880,3726762.0000,3,1.157833,1,-0.746264,0
1999-10-19,sh.600070,12.8500,13.2000,12.8100,12.9500,13.3000,182400,2385851.0000,3,0.760000,1,-2.631582,0
1999-10-20,sh.600070,12.9500,13.2600,12.8600,13.1000,12.9500,229770,3006907.0000,3,0.957375,1,1.158306,0
1999-10-21,sh.600070,13.2000,13.2000,12.8600,13.1900,13.1000,178200,2305670.0000,3,0.742500,1,0.687017,0
1999-10-22,sh.600070,12.9200,13.4100,12.9200,13.2900,13.1900,284250,3766897.0000,3,1.184375,1,0.758153,0
1999-10-25,sh.600070,13.2900,13.2900,12.9500,13.0500,13.2900,59481,774920.0000,3,0.247838,1,-1.805867,0
1999-10-26,sh.600070,12.9500,13.2400,12.9000,13.0000,13.0500,201272,2634873.0000,3,0.838633,1,-0.383143,0
1999-10-27,sh.600070,13.1500,13.6800,12.9000,13.5300,13.0000,749865,10086530.0000,3,3.124437,1,4.076921,0
1999-10-28,sh.600070,13.6200,13.7500,13.3000,13.5800,13.5300,581188,7891249.0000,3,2.421617,1,0.369551,0
1999-10-29,sh.600070,13.6000,13.6500,13.0100,13.2000,13.5800,309581,4138165.0000,3,1.289921,1,-2.798234,0
1999-11-01,sh.600070,13.1700,13.2000,12.7600,12.7900,13.2000,653315,8385303.0000,3,2.722146,1,-3.106060,0
1999-11-02,sh.600070,13.6000,13.6000,12.7000,12.7100,12.7900,745348,9724387.0000,3,3.105617,1,-0.625488,0
1999-11-03,sh.600070,11.6500,11.7100,11.4000,11.5000,11.6200,116420,1337945.0000,3,0.373683,1,-1.032701,0
1999-11-04,sh.600070,11.3500,11.4400,11.0700,11.1000,11.5000,191564,2150836.0000,3,0.614879,1,-3.478258,0
1999-11-05,sh.600070,11.0000,11.2700,11.0000,11.2300,11.1000,138990,1556443.0000,3,0.446128,1,1.171164,0
1999-11-08,sh.600070,11.2000,11.2800,11.0400,11.2300,11.2300,63910,714720.0000,3,0.205137,1,0.000000,0
1999-11-09,sh.600070,11.1400,11.4000,11.1000,11.1100,11.2300,53970,602791.0000,3,0.173232,1,-1.068565,0
1999-11-10,sh.600070,11.1000,11.2000,11.0000,11.1000,11.1100,99520,1099226.0000,3,0.319438,1,-0.090002,0
1999-11-11,sh.600070,11.1100,11.1100,11.0000,11.0500,11.1000,47690,527169.0000,3,0.153075,1,-0.450452,0
1999-11-12,sh.600070,11.0500,11.0700,11.0100,11.0700,11.0500,73729,814270.0000,3,0.236654,1,0.180991,0
1999-11-15,sh.600070,11.0400,11.6000,10.9000,11.4200,11.0700,251710,2804896.0000,3,0.807934,1,3.161702,0
1999-11-16,sh.600070,11.7200,11.8000,11.2100,11.2100,11.4200,371087,4276058.0000,3,1.191109,1,-1.838879,0
1999-11-17,sh.600070,11.2100,11.5000,11.0600,11.5000,11.2100,243019,2722768.0000,3,0.780038,1,2.586976,0
1999-11-18,sh.600070,11.5500,12.0800,11.3000,11.9000,11.5000,579581,6884228.0000,3,1.860329,1,3.478258,0
1999-11-19,sh.600070,11.9000,11.9500,11.7200,11.8700,11.9000,165690,1966743.0000,3,0.531829,1,-0.252099,0
1999-11-22,sh.600070,11.8800,12.0400,11.7500,11.9000,11.8700,158880,1900258.0000,3,0.509970,1,0.252736,0
1999-11-23,sh.600070,11.9000,12.1100,11.8500,12.1100,11.9000,174960,2099292.0000,3,0.561584,1,1.764706,0
1999-11-24,sh.600070,12.0500,12.0500,11.8500,11.8500,12.1100,61940,741364.0000,3,0.198814,1,-2.146980,0
1999-11-25,sh.600070,11.8000,12.1500,11.8000,11.9000,11.8500,161850,1944994.0000,3,0.519503,1,0.421934,0
1999-11-26,sh.600070,11.8800,12.2400,11.8600,12.0000,11.9000,386014,4656027.0000,3,1.239021,1,0.840339,0
1999-11-29,sh.600070,11.9800,12.1000,11.9200,11.9300,12.0000,63800,765232.0000,3,0.204784,1,-0.583331,0
1999-11-30,sh.600070,11.7800,11.9800,11.1800,11.7500,11.9300,75500,884303.0000,3,0.242339,1,-1.508804,0
1999-12-01,sh.600070,11.7500,11.8700,11.5700,11.8600,11.7500,100679,1184328.0000,3,0.323158,1,0.936167,0
1999-12-02,sh.600070,11.9000,11.9000,11.6000,11.8000,11.8600,49040,575757.0000,3,0.157408,1,-0.505898,0
1999-12-03,sh.600070,11.8500,11.8500,11.6500,11.7700,11.8000,89821,1051656.0000,3,0.288306,1,-0.254235,0
1999-12-06,sh.600070,11.8500,12.2500,11.5900,11.6200,11.7700,129500,1534223.0000,3,0.415667,1,-1.274431,0
1999-12-07,sh.600070,11.6200,11.7700,11.5000,11.7600,11.6200,60190,702575.0000,3,0.193197,1,1.204822,0
1999-12-08,sh.600070,11.7600,11.8800,11.6000,11.6700,11.7600,85989,1007302.0000,3,0.276006,1,-0.765307,0
1999-12-09,sh.600070,11.5800,11.6500,11.5000,11.5500,11.6700,115720,1338163.0000,3,0.371436,1,-1.028277,0
1999-12-10,sh.600070,11.5500,11.5500,11.3500,11.4100,11.5500,116989,1333530.0000,3,0.375509,1,-1.212124,0
1999-12-13,sh.600070,11.4000,11.4000,11.2000,11.2500,11.4100,139408,1570110.0000,3,0.447469,1,-1.402277,0
1999-12-14,sh.600070,11.2600,11.2600,11.0500,11.2500,11.2500,52268,585436.0000,3,0.167769,1,0.000000,0
1999-12-15,sh.600070,11.2500,11.7000,11.2400,11.5100,11.2500,109806,1264288.0000,3,0.352453,1,2.311113,0
1999-12-16,sh.600070,11.5200,11.5200,11.3400,11.3600,11.5100,70815,806917.0000,3,0.227301,1,-1.303220,0
1999-12-17,sh.600070,11.2500,11.3500,11.1200,11.2800,11.3600,169040,1891196.0000,3,0.542582,1,-0.704225,0
1999-12-21,sh.600070,11.1200,11.2600,11.0800,11.1300,11.2800,62226,693259.0000,3,0.199732,1,-1.329784,0
1999-12-22,sh.600070,11.2000,11.5000,11.1000,11.4000,11.1300,119521,1363744.0000,3,0.383636,1,2.425872,0
1999-12-23,sh.600070,11.3500,11.4500,11.2500,11.3000,11.4000,49568,560307.0000,3,0.159102,1,-0.877188,0
1999-12-24,sh.600070,11.2000,11.3700,11.1400,11.1500,11.3000,74908,838467.0000,3,0.240438,1,-1.327439,0
1999-12-27,sh.600070,11.2000,11.3000,11.1500,11.1700,11.1500,88096,988247.0000,3,0.282769,1,0.179376,0
1999-12-28,sh.600070,11.1700,11.3000,11.1500,11.1900,11.1700,54145,605959.0000,3,0.173794,1,0.179047,0
1999-12-29,sh.600070,11.2000,11.2200,11.0800,11.1300,11.1900,96798,1077108.0000,3,0.310701,1,-0.536188,0
1999-12-30,sh.600070,11.1600,11.4000,11.1300,11.2800,11.1300,26970,303190.0000,3,0.086568,1,1.347705,0
2000-01-04,sh.600070,11.1100,11.4500,11.1100,11.4500,11.2800,102572,1165353.0000,3,0.329234,1,1.507093,0
2000-01-05,sh.600070,11.4000,11.7000,11.3000,11.3500,11.4500,118115,1354852.0000,3,0.379123,1,-0.873357,0
2000-01-06,sh.600070,11.3500,11.6000,11.1600,11.5800,11.3500,220974,2519705.0000,3,0.709278,1,2.026428,0
2000-01-07,sh.600070,11.6200,11.9500,11.5500,11.9400,11.5800,490690,5794002.0000,3,1.575008,1,3.108805,0
2000-01-10,sh.600070,12.0100,12.3000,11.7200,12.1000,11.9400,704711,8464573.0000,3,2.261969,1,1.340040,0
2000-01-11,sh.600070,12.0000,12.0000,11.3000,11.5100,12.1000,437907,5152397.0000,3,1.405586,1,-4.876034,0
2000-01-12,sh.600070,11.5500,11.7200,11.3200,11.5000,11.5100,180179,2062195.0000,3,0.578335,1,-0.086883,0
2000-01-13,sh.600070,11.5000,11.6000,11.2200,11.2600,11.5000,110410,1257096.0000,3,0.354392,1,-2.086955,0
2000-01-14,sh.600070,11.4900,11.4900,11.1200,11.2700,11.2600,151073,1690917.0000,3,0.484911,1,0.088812,0
2000-01-17,sh.600070,11.2800,11.3000,11.0900,11.3000,11.2700,151308,1688372.0000,3,0.485666,1,0.266191,0
2000-01-18,sh.600070,11.3000,11.3100,11.1000,11.2600,11.3000,99000,1108684.0000,3,0.317768,1,-0.353982,0
2000-01-19,sh.600070,11.1500,11.4600,11.1000,11.4600,11.2600,238609,2666963.0000,3,0.765883,1,1.776197,0
2000-01-20,sh.600070,11.3500,11.4800,11.2600,11.4400,11.4600,188583,2148473.0000,3,0.605310,1,-0.174524,0
2000-01-21,sh.600070,11.4400,11.4800,11.1900,11.3000,11.4400,301262,3414611.0000,3,0.966985,1,-1.223771,0
2000-01-24,sh.600070,11.3100,11.7800,11.1100,11.7800,11.3000,366560,4169210.0000,3,1.176578,1,4.247784,0
2000-01-25,sh.600070,11.8800,11.9000,11.6100,11.7000,11.7800,342540,4011299.0000,3,1.099479,1,-0.679117,0
2000-01-26,sh.600070,11.7000,11.8000,11.5500,11.6100,11.7000,171255,1986295.0000,3,0.549691,1,-0.769232,0
2000-01-27,sh.600070,11.5700,11.6400,11.2600,11.4200,11.6100,271746,3119058.0000,3,0.872246,1,-1.636517,0
2000-01-28,sh.600070,11.3200,11.8000,11.2600,11.5000,11.4200,545264,6227292.0000,3,1.750179,1,0.700525,0
2000-02-14,sh.600070,12.1000,12.6500,12.0100,12.6500,11.5000,2158316,27133485.0000,3,6.927725,1,9.999996,0
2000-02-15,sh.600070,13.0000,13.3800,12.3000,12.3800,12.6500,3265447,42459053.0000,3,10.481374,1,-2.134383,0
2000-02-16,sh.600070,12.5500,12.5700,11.8800,12.4500,12.3800,1766557,21598760.0000,3,5.670264,1,0.565426,0
2000-02-17,sh.600070,12.7800,12.7800,11.9000,12.1200,12.4500,1681117,20901606.0000,3,5.396020,1,-2.650602,0
2000-02-18,sh.600070,12.0500,12.5500,11.9500,12.5500,12.1200,893687,10968631.0000,3,2.868541,1,3.547857,0
2000-02-21,sh.600070,12.6500,13.2000,12.3800,12.8000,12.5500,1482228,18945325.0000,3,4.757629,1,1.992032,0
2000-02-22,sh.600070,12.8000,13.0500,12.2000,12.3000,12.8000,705795,8873668.0000,3,2.265448,1,-3.906250,0
2000-02-23,sh.600070,12.3000,12.3000,11.9000,12.0200,12.3000,581381,7001428.0000,3,1.866106,1,-2.276421,0
2000-02-24,sh.600070,11.9200,12.2800,11.8800,12.1400,12.0200,539155,6479809.0000,3,1.730570,1,0.998335,0
2000-02-25,sh.600070,12.1900,12.2500,11.7700,11.8000,12.1400,562850,6715500.0000,3,1.806626,1,-2.800660,0
2000-02-28,sh.600070,11.8000,12.1500,11.7000,12.0000,11.8000,699907,8350849.0000,3,2.246549,1,1.694914,0
2000-02-29,sh.600070,12.0300,12.2300,11.8500,12.2300,12.0000,771855,9254616.0000,3,2.477487,1,1.916663,0
2000-03-01,sh.600070,12.2500,12.7000,12.0000,12.4000,12.2300,842572,10456154.0000,3,2.704473,1,1.390025,0
2000-03-02,sh.600070,12.4000,12.9700,12.3800,12.8900,12.4000,1651977,20990598.0000,3,5.302487,1,3.951619,0
2000-03-03,sh.600070,13.0000,13.1600,12.6500,12.8000,12.8900,1705147,22005799.0000,3,5.473151,1,-0.698217,0
2000-03-06,sh.600070,13.0000,13.5700,12.4100,12.4500,12.8000,2932493,38120353.0000,3,9.412664,1,-2.734378,0
2000-03-07,sh.600070,12.3000,12.6000,12.1500,12.6000,12.4500,631678,7783343.0000,3,2.027549,1,1.204824,0
2000-03-08,sh.600070,12.5900,12.6700,12.3200,12.6000,12.6000,425511,5306020.0000,3,1.365798,1,0.000000,0
2000-03-09,sh.600070,12.5000,12.7500,12.3000,12.5000,12.6000,431809,5390237.0000,3,1.386013,1,-0.793654,0
2000-03-10,sh.600070,12.5000,12.5000,12.2000,12.3000,12.5000,366370,4524968.0000,3,1.175968,1,-1.599998,0
2000-03-13,sh.600070,12.3500,12.6000,12.3000,12.5000,12.3000,278256,3463039.0000,3,0.893141,1,1.626015,0
2000-03-14,sh.600070,12.2800,12.9000,12.0000,12.7500,12.5000,751512,9339858.0000,3,2.412190,1,2.000000,0
2000-03-15,sh.600070,12.9800,13.5000,12.8900,13.0000,12.7500,2149613,28350032.0000,3,6.899790,1,1.960784,0
2000-03-16,sh.600070,12.9900,12.9900,12.5000,12.6400,13.0000,932427,11789239.0000,3,2.992888,1,-2.769228,0
2000-03-17,sh.600070,12.6500,13.2000,12.6000,13.0900,12.6400,1220402,15760788.0000,3,3.917225,1,3.560125,0
2000-03-20,sh.600070,13.1500,14.3000,13.0000,13.9800,13.0900,3426413,47063247.0000,3,10.998040,1,6.799079,0
2000-03-21,sh.600070,13.9500,13.9800,13.5100,13.8500,13.9800,1455199,20006655.0000,3,4.670872,1,-0.929894,0
2000-03-22,sh.600070,13.8500,14.1300,13.7000,13.9400,13.8500,1240976,17251374.0000,3,3.983263,1,0.649814,0
2000-03-23,sh.600070,14.0000,14.2500,13.7000,14.1700,13.9400,1340942,18790599.0000,3,4.304132,1,1.649932,0
2000-03-24,sh.600070,14.2500,14.3400,13.6600,13.6800,14.1700,1610982,22495786.0000,3,5.170902,1,-3.458008,0
2000-03-27,sh.600070,13.7500,15.0300,13.7000,14.9900,13.6800,2539255,36965004.0000,3,8.150456,1,9.576019,0
2000-03-28,sh.600070,15.0000,15.1900,14.3200,14.9000,14.9900,1497942,22031299.0000,3,4.808068,1,-0.600401,0
2000-03-29,sh.600070,14.9000,14.9800,14.1800,14.5300,14.9000,1366849,19793792.0000,3,4.387288,1,-2.483221,0
2000-03-30,sh.600070,14.5000,14.9900,14.3000,14.6000,14.5300,1045924,15323717.0000,3,3.357188,1,0.481766,0
2000-03-31,sh.600070,14.6000,15.8000,14.4500,15.3500,14.6000,1998551,29997214.0000,3,6.414914,1,5.136986,0
2000-04-03,sh.600070,15.3500,15.5800,14.8800,14.9200,15.3500,1431052,21824771.0000,3,4.593366,1,-2.801305,0
2000-04-04,sh.600070,14.8000,14.8000,14.0000,14.1000,14.9200,1438920,20721039.0000,3,4.618620,1,-5.495976,0
2000-04-05,sh.600070,14.0100,14.4000,13.9300,14.2200,14.1000,920158,13009683.0000,3,2.953507,1,0.851063,0
2000-04-06,sh.600070,14.2300,14.5200,14.2300,14.5000,14.2200,755756,10889316.0000,3,2.425812,1,1.969056,0
2000-04-07,sh.600070,14.5200,14.7000,14.4000,14.7000,14.5000,620019,9017272.0000,3,1.990126,1,1.379309,0
2000-04-10,sh.600070,14.7000,14.8000,14.4000,14.4900,14.7000,611085,8871687.0000,3,1.961450,1,-1.428572,0
2000-04-11,sh.600070,14.5000,14.7400,14.4000,14.5500,14.4900,570734,8299865.0000,3,1.831932,1,0.414082,0
2000-04-12,sh.600070,14.7000,15.2800,14.7000,15.0800,14.5500,2064230,31112115.0000,3,6.625729,1,3.642610,0
2000-04-13,sh.600070,15.0800,15.2000,14.8800,15.1400,15.0800,868451,13092105.0000,3,2.787539,1,0.397881,0
2000-04-14,sh.600070,15.0100,15.1900,14.6700,14.7300,15.1400,755364,11199182.0000,3,2.424554,1,-2.708063,0
2000-04-17,sh.600070,14.7000,15.4000,14.2300,15.2600,14.7300,1217723,17839837.0000,3,3.908626,1,3.598104,0
2000-04-18,sh.600070,15.1000,15.7800,14.8200,15.2500,15.2600,1627142,25060274.0000,3,5.222772,1,-0.065532,0
2000-04-19,sh.600070,15.2500,15.5000,15.0500,15.2000,15.2500,563462,8577584.0000,3,1.808590,1,-0.327870,0
2000-04-20,sh.600070,15.2300,15.8500,15.2000,15.4000,15.2000,1139172,17697464.0000,3,3.656494,1,1.315788,0
2000-04-21,sh.600070,15.4000,15.4000,15.4000,15.4000,15.4000,0,0.0000,3,,0,0.000000,0
2000-04-24,sh.600070,15.3000,15.7800,15.1000,15.2000,15.4000,852117,13155413.0000,3,2.735110,1,-1.298700,0
2000-04-25,sh.600070,15.3000,15.3000,14.8200,14.8900,15.2000,647272,9649522.0000,3,2.077602,1,-2.039470,0
2000-04-26,sh.600070,14.8900,15.0000,14.7500,14.9800,14.8900,508506,7555589.0000,3,1.632194,1,0.604427,0
2000-04-27,sh.600070,14.9000,14.9000,14.6200,14.7000,14.9800,318460,4692079.0000,3,1.022187,1,-1.869157,0
2000-04-28,sh.600070,14.6900,15.4400,14.5000,15.3500,14.7000,566999,8366241.0000,3,1.819943,1,4.421773,0
2000-05-08,sh.600070,15.2500,15.2800,14.8500,15.1900,15.3500,407594,6146105.0000,3,1.308288,1,-1.042351,0
2000-05-09,sh.600070,15.1000,15.3000,14.9000,14.9300,15.1900,293500,4427158.0000,3,0.942071,1,-1.711648,0
2000-05-10,sh.600070,14.7000,14.9000,14.4300,14.4300,14.9300,456521,6666302.0000,3,1.465333,1,-3.348962,0
2000-05-11,sh.600070,14.5000,14.5000,14.0600,14.0900,14.4300,512107,7281345.0000,3,1.643752,1,-2.356203,0
2000-05-12,sh.600070,14.1800,14.8000,14.0900,14.5800,14.0900,884812,12814633.0000,3,2.840054,1,3.477642,0
2000-05-15,sh.600070,14.5100,14.7000,14.2800,14.4600,14.5800,253160,3649539.0000,3,0.812589,1,-0.823044,0
2000-05-16,sh.600070,14.5100,14.7700,14.5000,14.6000,14.4600,351470,5157750.0000,3,1.128142,1,0.968190,0
2000-05-17,sh.600070,14.6700,14.6700,14.3200,14.4800,14.6000,210788,3069661.0000,3,0.676584,1,-0.821924,0
2000-05-18,sh.600070,14.4100,15.0000,14.4100,14.9600,14.4800,559536,8276136.0000,3,1.795989,1,3.314920,0
2000-05-19,sh.600070,14.9600,15.7200,14.8300,15.3700,14.9600,1602202,24677867.0000,3,5.142720,1,2.740641,0
2000-05-22,sh.600070,15.6000,16.9100,15.5600,16.3500,15.3700,2781751,45424907.0000,3,8.928815,1,6.376061,0
2000-05-23,sh.600070,16.3800,16.7900,16.0000,16.7000,16.3500,1275148,20914798.0000,3,4.092948,1,2.140675,0
2000-05-24,sh.600070,16.7200,16.7800,16.3300,16.3500,16.7000,922928,15220320.0000,3,2.962398,1,-2.095810,0
2000-05-25,sh.600070,16.6000,16.8000,16.0100,16.4800,16.3500,1172320,19116074.0000,3,3.762892,1,0.795102,0
2000-05-26,sh.600070,16.4800,16.5000,16.0100,16.2000,16.4800,706935,11513071.0000,3,2.269108,1,-1.699022,0
2000-05-29,sh.600070,16.2000,16.7000,16.1600,16.3000,16.2000,762716,12525180.0000,3,2.448152,1,0.617274,0
2000-05-30,sh.600070,16.3100,16.4500,16.1000,16.1800,16.3000,519383,8424653.0000,3,1.667106,1,-0.736190,0
2000-05-31,sh.600070,16.1800,16.8200,16.0800,16.6800,16.1800,716043,11832036.0000,3,2.298342,1,3.090235,0
2000-06-01,sh.600070,16.8000,17.3400,16.6100,16.7000,16.6800,1235095,20963052.0000,3,3.964386,1,0.119907,0
2000-06-02,sh.600070,16.7000,16.7500,16.3100,16.3800,16.7000,480149,7902665.0000,3,1.541174,1,-1.916177,0
2000-06-05,sh.600070,16.4500,16.8800,16.1000,16.5000,16.3800,856816,14071478.0000,3,2.750193,1,0.732606,0
2000-06-06,sh.600070,16.6500,16.9800,16.6000,16.7000,16.5000,446070,7478156.0000,3,1.431788,1,1.212126,0
2000-06-07,sh.600070,16.8000,16.8000,16.4800,16.5000,16.7000,356090,5910447.0000,3,1.142971,1,-1.197609,0
2000-06-08,sh.600070,16.5000,16.5100,16.1600,16.2400,16.5000,531594,8646623.0000,3,1.706301,1,-1.575759,0
2000-06-09,sh.600070,16.2500,16.4000,16.1200,16.1600,16.2400,474569,7695526.0000,3,1.523263,1,-0.492610,0
2000-06-12,sh.600070,16.0000,16.0900,15.5000,15.9000,16.1600,623982,9880294.0000,3,2.002846,1,-1.608912,0
2000-06-13,sh.600070,15.9500,16.1700,15.9000,16.1400,15.9000,450417,7223006.0000,3,1.445741,1,1.509433,0
2000-06-14,sh.600070,16.1600,16.4000,16.1500,16.1800,16.1400,256923,4163676.0000,3,0.824667,1,0.247837,0
2000-06-15,sh.600070,16.2400,16.6000,16.2000,16.6000,16.1800,400498,6565318.0000,3,1.285511,1,2.595798,0
2000-06-16,sh.600070,16.6800,16.6900,16.0000,16.1900,16.6000,283867,4622052.0000,3,0.911151,1,-2.469878,0
2000-06-19,sh.600070,16.1900,16.4600,16.0000,16.0800,16.1900,221288,3581356.0000,3,0.710286,1,-0.679435,0
2000-06-20,sh.600070,16.2000,16.2000,15.6800,15.7500,16.0800,424226,6697212.0000,3,1.361673,1,-2.052238,0
2000-06-21,sh.600070,15.7000,16.2500,15.6100,15.9000,15.7500,364663,5751667.0000,3,1.170489,1,0.952379,0
2000-06-22,sh.600070,16.0000,16.0000,15.8000,15.9000,15.9000,180240,2859887.0000,3,0.578531,1,0.000000,0
2000-06-23,sh.600070,15.9000,16.2000,15.8800,16.1100,15.9000,331000,5311488.0000,3,1.062438,1,1.320761,0
2000-06-26,sh.600070,16.1500,16.3800,16.0000,16.2200,16.1100,463880,7494080.0000,3,1.488954,1,0.682798,0
2000-06-27,sh.600070,16.2900,16.2900,15.7500,15.9000,16.2200,508560,8114192.0000,3,1.632367,1,-1.972871,0
2000-06-28,sh.600070,16.0000,16.0500,15.7300,15.8000,15.9000,503669,7956971.0000,3,1.616668,1,-0.628927,0
2000-06-29,sh.600070,15.8800,15.8800,15.5100,15.8600,15.8000,500835,7840337.0000,3,1.607571,1,0.379744,0
2000-06-30,sh.600070,15.9000,15.9500,15.6600,15.6800,15.8600,244700,3851130.0000,3,0.785434,1,-1.134927,0
2000-07-03,sh.600070,15.5900,15.5900,15.0100,15.0300,15.6800,593830,9061795.0000,3,1.906065,1,-4.145412,0
2000-07-04,sh.600070,15.0200,15.3000,14.8700,15.1700,15.0300,367228,5526938.0000,3,1.178722,1,0.931473,0
2000-07-05,sh.600070,15.2000,15.3000,15.0100,15.2000,15.1700,182236,2764350.0000,3,0.584938,1,0.197757,0
2000-07-06,sh.600070,15.1000,15.1800,14.8800,14.9900,15.2000,291323,4366120.0000,3,0.935083,1,-1.381579,0
2000-07-07,sh.600070,14.9900,15.5900,14.9500,15.5500,14.9900,279223,4278530.0000,3,0.896245,1,3.735827,0
2000-07-10,sh.600070,15.6000,15.7000,15.2500,15.4400,15.5500,251506,3867752.0000,3,0.807280,1,-0.707399,0
2000-07-11,sh.600070,15.4000,15.4800,15.2200,15.4800,15.4400,320084,4903841.0000,3,1.027400,1,0.259067,0
2000-07-12,sh.600070,15.4800,15.6000,15.3900,15.5500,15.4800,281828,4371464.0000,3,0.904607,1,0.452201,0
2000-07-13,sh.600070,15.4500,15.8500,15.2100,15.4000,15.5500,461909,7185149.0000,3,1.482627,1,-0.964634,0
2000-07-14,sh.600070,15.3500,15.5500,15.0000,15.3500,15.4000,1353389,20414983.0000,3,4.344084,1,-0.324670,0
2000-07-17,sh.600070,15.3400,15.3400,15.0000,15.0100,15.3500,404491,6134735.0000,3,1.298328,1,-2.214985,0
2000-07-18,sh.600070,15.1000,15.3200,15.0000,15.2400,15.0100,304599,4619833.0000,3,0.977697,1,1.532309,0
2000-07-19,sh.600070,15.2800,15.2800,15.1000,15.2000,15.2400,189309,2871266.0000,3,0.607641,1,-0.262467,0
2000-07-20,sh.600070,15.1000,15.2000,15.0500,15.1500,15.2000,254669,3843933.0000,3,0.817432,1,-0.328949,0
2000-07-21,sh.600070,15.2500,15.4700,15.1700,15.4000,15.1500,282631,4343896.0000,3,0.907184,1,1.650165,0
2000-07-24,sh.600070,15.4300,15.4500,15.0000,15.2000,15.4000,297923,4552391.0000,3,0.956268,1,-1.298700,0
2000-07-25,sh.600070,15.3000,15.5400,15.1000,15.5300,15.2000,248878,3814720.0000,3,0.798844,1,2.171052,0
2000-07-26,sh.600070,15.5500,16.0800,15.4900,16.0500,15.5300,844140,13425047.0000,3,2.709506,1,3.348355,0
2000-07-27,sh.600070,16.0600,16.1700,15.7000,15.7500,16.0500,530980,8460517.0000,3,1.704330,1,-1.869154,0
2000-07-28,sh.600070,15.7800,15.9800,15.7100,15.7600,15.7500,281460,4440400.0000,3,0.903425,1,0.063494,0
2000-07-31,sh.600070,16.1800,17.3300,16.0100,16.7600,15.7600,2432077,40850389.0000,3,7.806438,1,6.345178,0
2000-08-01,sh.600070,16.4700,16.4700,16.0000,16.0200,16.7600,1508316,24334967.0000,3,4.841366,1,-4.415273,0
2000-08-02,sh.600070,15.9900,16.4500,15.7000,16.4500,16.0200,777611,12401386.0000,3,2.495962,1,2.684147,0
2000-08-03,sh.600070,16.4500,16.4500,16.0300,16.1800,16.4500,459764,7453015.0000,3,1.475742,1,-1.641340,0
2000-08-04,sh.600070,16.2000,16.2600,15.8800,16.0200,16.1800,531981,8516858.0000,3,1.707543,1,-0.988874,0
2000-08-07,sh.600070,16.0000,16.0000,15.7600,15.8000,16.0200,369258,5845076.0000,3,1.185238,1,-1.373285,0
2000-08-08,sh.600070,15.8000,16.3200,15.8000,16.1200,15.8000,400723,6440550.0000,3,1.286234,1,2.025321,0
2000-08-09,sh.600070,16.1200,16.2000,15.9100,16.0600,16.1200,333535,5343826.0000,3,1.070575,1,-0.372217,0
2000-08-10,sh.600070,16.1500,16.3000,16.0400,16.2500,16.0600,500382,8103752.0000,3,1.606117,1,1.183067,0
2000-08-11,sh.600070,16.2500,16.4000,16.0300,16.1300,16.2500,307920,4998100.0000,3,0.988356,1,-0.738467,0
2000-08-14,sh.600070,16.1300,16.4000,16.0000,16.2000,16.1300,251771,4075045.0000,3,0.808130,1,0.433984,0
2000-08-15,sh.600070,16.2000,16.5500,16.1800,16.3800,16.2000,318142,5192770.0000,3,1.021167,1,1.111101,0
2000-08-16,sh.600070,16.3000,16.3900,15.9100,16.1800,16.3800,702922,11313255.0000,3,2.256227,1,-1.220994,0
2000-08-17,sh.600070,16.2600,16.2800,16.0700,16.2500,16.1800,288159,4664191.0000,3,0.924928,1,0.432631,0
2000-08-18,sh.600070,16.2200,16.2500,16.1500,16.2100,16.2500,316881,5131494.0000,3,1.017119,1,-0.246160,0
2000-08-21,sh.600070,15.8700,16.6000,15.8700,16.5000,16.2100,1120387,18362348.0000,3,3.596198,1,1.789025,0
2000-08-22,sh.600070,16.5800,16.6500,15.6800,15.6800,16.5000,491547,8025352.0000,3,1.577759,1,-4.969695,0
2000-08-23,sh.600070,16.2000,16.8500,16.1000,16.7000,15.6800,2848516,46808255.0000,3,9.143116,1,6.505105,0
2000-08-24,sh.600070,16.7000,17.2800,16.5000,16.8900,16.7000,2583985,43881937.0000,3,8.294030,1,1.137716,0
2000-08-25,sh.600070,16.9700,17.3500,16.7700,17.3000,16.8900,1544917,26498042.0000,3,4.958847,1,2.427471,0
2000-08-28,sh.600070,17.5000,17.6000,17.1000,17.2300,17.3000,877794,15176931.0000,3,2.817528,1,-0.404623,0
2000-08-29,sh.600070,17.5000,17.8800,17.2000,17.7800,17.2300,1209221,21222833.0000,3,3.881336,1,3.192113,0
2000-08-30,sh.600070,17.8500,17.8500,17.0200,17.1200,17.7800,988931,17219950.0000,3,3.174253,1,-3.712035,0
2000-08-31,sh.600070,17.0000,17.0900,16.6000,16.6000,17.1200,1231649,20680563.0000,3,3.953325,1,-3.037386,0
2000-09-01,sh.600070,16.4500,17.0000,16.4000,16.6100,16.6000,1187171,19855781.0000,3,3.810561,1,0.060242,0
2000-09-04,sh.600070,16.5100,17.1500,16.5000,17.0200,16.6100,501644,8461484.0000,3,1.610168,1,2.468391,0
2000-09-05,sh.600070,17.1100,17.2000,16.7500,16.7600,17.0200,638783,10825868.0000,3,2.050354,1,-1.527616,0
2000-09-06,sh.600070,16.7000,16.9700,16.7000,16.7900,16.7600,379517,6383705.0000,3,1.218167,1,0.179002,0
2000-09-07,sh.600070,16.2000,17.2000,16.2000,16.8700,16.7900,332955,5596051.0000,3,1.068713,1,0.476474,0
2000-09-08,sh.600070,16.8700,17.0500,16.7400,16.9000,16.8700,451165,7598476.0000,3,1.448141,1,0.177823,0
2000-09-11,sh.600070,16.9900,17.5000,16.9900,17.4900,16.9000,865355,15042849.0000,3,2.777601,1,3.491125,0
2000-09-12,sh.600070,17.5600,17.5700,17.2000,17.4500,17.4900,287430,4987314.0000,3,0.922588,1,-0.228696,0
2000-09-13,sh.600070,17.2700,17.4000,17.0000,17.1700,17.4500,292707,5047143.0000,3,0.939526,1,-1.604588,0
2000-09-14,sh.600070,17.1500,17.5000,17.1400,17.4600,17.1700,360350,6267465.0000,3,1.156645,1,1.688987,0
2000-09-15,sh.600070,17.4200,17.4300,17.1500,17.2800,17.4600,302705,5232210.0000,3,0.971617,1,-1.030919,0
2000-09-18,sh.600070,17.3200,17.3500,17.1500,17.2300,17.2800,212670,3665699.0000,3,0.682624,1,-0.289359,0
2000-09-19,sh.600070,17.2000,17.2000,16.5500,16.7000,17.2300,563997,9467505.0000,3,1.810308,1,-3.076023,0
2000-09-20,sh.600070,16.6500,16.9000,16.4500,16.8000,16.7000,432396,7176659.0000,3,1.387897,1,0.598793,0
2000-09-21,sh.600070,16.7000,16.9000,16.5100,16.5700,16.8000,216000,3605391.0000,3,0.693313,1,-1.369045,0
2000-09-22,sh.600070,16.5000,16.5800,16.4000,16.4100,16.5700,368207,6060465.0000,3,1.181864,1,-0.965600,0
2000-09-25,sh.600070,16.2300,16.4100,16.0100,16.2300,16.4100,443194,7202019.0000,3,1.422556,1,-1.096894,0
2000-09-26,sh.600070,16.2100,16.4500,16.2100,16.3500,16.2300,178418,2913342.0000,3,0.572683,1,0.739377,0
2000-09-27,sh.600070,16.3700,16.7800,16.3700,16.7400,16.3500,201662,3341906.0000,3,0.647291,1,2.385317,0
2000-09-28,sh.600070,16.6100,16.7500,16.3000,16.3000,16.7400,175562,2884524.0000,3,0.563516,1,-2.628438,0
2000-09-29,sh.600070,16.6700,16.9300,16.3500,16.6500,16.3000,108647,1812198.0000,3,0.348733,1,2.147242,0
2000-10-09,sh.600070,16.7000,16.7400,16.3800,16.7000,16.6500,165305,2734555.0000,3,0.530593,1,0.300307,0
2000-10-10,sh.600070,16.9900,17.4300,16.7500,17.3700,16.7000,448308,7692943.0000,3,1.438971,1,4.011976,0
2000-10-11,sh.600070,17.4500,18.2800,17.1200,18.0300,17.3700,2202648,39334738.0000,3,7.070021,1,3.799654,0
2000-10-12,sh.600070,17.9000,18.0800,17.6200,17.9000,18.0300,472536,8435620.0000,3,1.516738,1,-0.721026,0
2000-10-13,sh.600070,17.7000,17.9800,17.4200,17.5100,17.9000,527452,9307565.0000,3,1.693006,1,-2.178767,0
2000-10-16,sh.600070,17.5000,17.6500,17.4300,17.5500,17.5100,250210,4395940.0000,3,0.803120,1,0.228435,0
2000-10-17,sh.600070,17.6000,17.6300,17.4700,17.5200,17.5500,118950,2088134.0000,3,0.381804,1,-0.170933,0
2000-10-18,sh.600070,17.5500,17.9400,17.4900,17.6200,17.5200,245475,4335668.0000,3,0.787921,1,0.570778,0
2000-10-19,sh.600070,17.7400,17.8000,17.3100,17.3300,17.6200,366566,6417413.0000,3,1.176597,1,-1.645862,0
2000-10-20,sh.600070,17.9900,17.9900,17.1600,17.5200,17.3300,232958,4076468.0000,3,0.747744,1,1.096368,0
2000-10-23,sh.600070,17.6800,18.3800,17.5500,18.3000,17.5200,1167444,21182327.0000,3,3.747241,1,4.452048,0
2000-10-24,sh.600070,18.2500,18.5000,18.0800,18.1900,18.3000,423422,7753075.0000,3,1.359092,1,-0.601086,0
2000-10-25,sh.600070,18.2500,18.4000,18.1000,18.2500,18.1900,280573,5115080.0000,3,0.900578,1,0.329849,0
2000-10-26,sh.600070,18.2500,18.8700,18.2000,18.2700,18.2500,615785,11381371.0000,3,1.976536,1,0.109591,0
2000-10-27,sh.600070,18.2900,18.3500,17.9100,18.1200,18.2700,419067,7590262.0000,3,1.345114,1,-0.821016,0
2000-10-30,sh.600070,17.3000,18.6600,17.0900,17.9300,18.1200,1619443,28446522.0000,3,5.198060,1,-1.048568,0
2000-10-31,sh.600070,17.8500,17.8500,17.6000,17.7700,17.9300,301743,5349350.0000,3,0.968529,1,-0.892358,0
2000-11-01,sh.600070,17.9700,18.2800,17.7500,18.2500,17.7700,222311,4015101.0000,3,0.713570,1,2.701179,0
2000-11-02,sh.600070,18.3000,18.4400,18.2200,18.2500,18.2500,246539,4512883.0000,3,0.791337,1,0.000000,0
2000-11-03,sh.600070,18.2300,18.2300,18.0500,18.0600,18.2500,174376,3154424.0000,3,0.559709,1,-1.041099,0
2000-11-06,sh.600070,18.0800,18.8000,18.0800,18.7000,18.0600,461101,8537357.0000,3,1.480034,1,3.543750,0
2000-11-07,sh.600070,18.7000,18.8000,18.4500,18.5800,18.7000,301450,5612384.0000,3,0.967589,1,-0.641716,0
2000-11-08,sh.600070,18.5100,19.1000,18.4500,19.0000,18.5800,1254708,23771381.0000,3,4.027340,1,2.260495,0
2000-11-09,sh.600070,19.0700,19.3200,18.4800,18.6600,19.0000,1321900,24835699.0000,3,4.243011,1,-1.789474,0
2000-11-10,sh.600070,18.8000,18.8600,18.4000,18.7500,18.6600,577118,10708343.0000,3,1.852423,1,0.482316,0
2000-11-13,sh.600070,18.8000,18.8000,18.3400,18.6000,18.7500,615821,11402544.0000,3,1.976651,1,-0.799998,0
2000-11-14,sh.600070,18.5900,18.7000,18.3000,18.6500,18.6000,390997,7207910.0000,3,1.255015,1,0.268813,0
2000-11-15,sh.600070,18.6900,18.9700,18.6000,18.6500,18.6500,409195,7678753.0000,3,1.313427,1,0.000000,0
2000-11-16,sh.600070,18.6600,19.2000,18.6600,18.7500,18.6500,541027,10204991.0000,3,1.736579,1,0.536195,0
2000-11-17,sh.600070,18.8500,19.3000,18.7600,19.1800,18.7500,790307,15089703.0000,3,2.536713,1,2.293335,0
2000-11-20,sh.600070,19.3200,19.4000,18.9200,18.9900,19.1800,349950,6687961.0000,3,1.123263,1,-0.990618,0
2000-11-21,sh.600070,19.0500,19.4000,18.8100,18.8400,18.9900,289761,5542578.0000,3,0.930070,1,-0.789887,0
2000-11-22,sh.600070,18.8100,19.0000,18.6600,18.9000,18.8400,247103,4642024.0000,3,0.793147,1,0.318468,0
2000-11-23,sh.600070,18.9100,19.1000,18.6900,18.7600,18.9000,437418,8204530.0000,3,1.404017,1,-0.740738,0
2000-11-24,sh.600070,18.7600,18.8000,17.9600,17.9700,18.7600,675560,12420704.0000,3,2.168401,1,-4.211092,0
2000-11-27,sh.600070,17.8900,18.1500,17.7000,18.1000,17.9700,498196,8940067.0000,3,1.599101,1,0.723434,0
2000-11-28,sh.600070,18.0500,18.3900,18.0500,18.2200,18.1000,221066,4030760.0000,3,0.709574,1,0.662977,0
2000-11-29,sh.600070,18.2300,18.2500,17.7500,17.9000,18.2200,352630,6310067.0000,3,1.131866,1,-1.756310,0
2000-11-30,sh.600070,17.9500,18.1800,17.8400,18.1800,17.9000,283240,5101991.0000,3,0.909139,1,1.564250,0
2000-12-01,sh.600070,18.1800,18.6000,18.1800,18.5800,18.1800,261316,4825165.0000,3,0.838767,1,2.200218,0
2000-12-04,sh.600070,18.6000,18.7000,18.3100,18.5200,18.5800,208700,3849941.0000,3,0.669882,1,-0.322925,0
2000-12-05,sh.600070,18.5000,18.6000,18.3300,18.3600,18.5200,162690,2996807.0000,3,0.522199,1,-0.863930,0
2000-12-06,sh.600070,18.1400,18.3800,17.9000,17.9200,18.3600,257303,4667375.0000,3,0.825887,1,-2.396517,0
2000-12-07,sh.600070,17.8200,17.9200,17.6000,17.8000,17.9200,256811,4570382.0000,3,0.824307,1,-0.669647,0
2000-12-08,sh.600070,17.8200,18.4000,17.8000,17.9000,17.8000,349761,6261229.0000,3,1.122657,1,0.561800,0
2000-12-11,sh.600070,18.0100,18.0300,17.7800,17.8600,17.9000,202842,3630754.0000,3,0.651079,1,-0.223458,0
2000-12-12,sh.600070,17.7800,18.0500,17.7000,18.0400,17.8600,126379,2261233.0000,3,0.405649,1,1.007840,0
2000-12-13,sh.600070,18.0600,18.1600,17.9000,18.0900,18.0400,139580,2521738.0000,3,0.448021,1,0.277158,0
2000-12-14,sh.600070,18.0900,18.2900,18.0000,18.0500,18.0900,208429,3773525.0000,3,0.669012,1,-0.221122,0
2000-12-15,sh.600070,17.9800,18.1400,17.9800,18.1300,18.0500,101925,1842428.0000,3,0.327157,1,0.443213,0
2000-12-18,sh.600070,18.1800,18.2100,17.9800,18.2000,18.1300,212678,3857657.0000,3,0.682650,1,0.386109,0
2000-12-19,sh.600070,18.2200,18.5000,18.1600,18.4100,18.2000,307904,5647437.0000,3,0.988305,1,1.153841,0
2000-12-20,sh.600070,18.4100,18.4800,18.3100,18.3600,18.4100,242122,4454173.0000,3,0.777159,1,-0.271587,0
2000-12-21,sh.600070,18.3500,18.6400,18.3500,18.4000,18.3600,181484,3358706.0000,3,0.582524,1,0.217860,0
2000-12-22,sh.600070,18.6500,18.8000,18.4000,18.4600,18.4000,121520,2248613.0000,3,0.390053,1,0.326084,0
2000-12-25,sh.600070,18.4500,18.6000,18.2600,18.5600,18.4600,327202,6006654.0000,3,1.050247,1,0.541714,0
2000-12-26,sh.600070,18.7800,18.8000,18.6000,18.6300,18.5600,226276,4225602.0000,3,0.726297,1,0.377153,0
2000-12-27,sh.600070,18.7000,18.7500,18.2800,18.2800,18.6300,196730,3637667.0000,3,0.631460,1,-1.878682,0
2000-12-28,sh.600070,18.2800,18.3000,17.9800,18.0000,18.2800,248212,4489298.0000,3,0.796707,1,-1.531732,0
2000-12-29,sh.600070,18.0000,18.1900,18.0000,18.0800,18.0000,136521,2468254.0000,3,0.438203,1,0.444444,0
2001-01-02,sh.600070,18.0600,18.5500,17.9900,18.4500,18.0800,290303,5320404.0000,3,0.931809,1,2.046465,0
2001-01-03,sh.600070,18.5000,18.6800,18.3000,18.6800,18.4500,269141,4986294.0000,3,0.863884,1,1.246610,0
2001-01-04,sh.600070,18.6800,18.9400,18.5800,18.6000,18.6800,234674,4403332.0000,3,0.753252,1,-0.428265,0
2001-01-05,sh.600070,18.6000,19.1200,18.6000,19.0000,18.6000,577241,10939092.0000,3,1.852818,1,2.150536,0
2001-01-08,sh.600070,19.2000,19.3800,18.7500,19.2000,19.0000,677004,12902997.0000,3,2.173036,1,1.052636,0
2001-01-09,sh.600070,19.1800,19.1800,18.7600,18.8400,19.2000,250156,4726807.0000,3,0.802946,1,-1.875003,0
2001-01-10,sh.600070,18.9000,19.3000,18.8600,18.9300,18.8400,268661,5106098.0000,3,0.862343,1,0.477708,0
2001-01-11,sh.600070,19.0000,19.0000,18.7000,18.7200,18.9300,255450,4798704.0000,3,0.819939,1,-1.109355,0
2001-01-12,sh.600070,18.7000,18.8000,18.4500,18.5600,18.7200,347976,6466615.0000,3,1.116927,1,-0.854700,0
2001-01-15,sh.600070,18.5000,18.5500,17.9800,17.9800,18.5600,415430,7524495.0000,3,1.333440,1,-3.125000,0
2001-01-16,sh.600070,17.9000,18.2000,17.7000,18.1300,17.9800,356982,6420029.0000,3,1.145835,1,0.834258,0
2001-01-17,sh.600070,18.0100,18.3000,18.0100,18.1300,18.1300,201675,3652637.0000,3,0.647333,1,0.000000,0
2001-01-18,sh.600070,18.2500,18.3000,18.1000,18.1900,18.1300,129818,2355073.0000,3,0.416688,1,0.330951,0
2001-01-19,sh.600070,18.1900,18.3500,18.1100,18.2700,18.1900,124850,2283120.0000,3,0.400741,1,0.439802,0
2001-02-05,sh.600070,18.1900,18.1900,17.9000,17.9000,18.2700,324457,5838335.0000,3,1.041436,1,-2.025182,0
2001-02-06,sh.600070,17.7500,18.3900,17.7000,17.9500,17.9000,301399,5369543.0000,3,0.967425,1,0.279336,0
2001-02-07,sh.600070,17.9200,17.9900,17.7900,17.8500,17.9500,169113,3021408.0000,3,0.542816,1,-0.557105,0
2001-02-08,sh.600070,17.7500,17.8200,17.3200,17.3800,17.8500,447990,7840994.0000,3,1.437950,1,-2.633060,0
2001-02-09,sh.600070,17.3500,17.6000,17.3000,17.4200,17.3800,177627,3087890.0000,3,0.570144,1,0.230155,0
2001-02-12,sh.600070,17.3500,17.3500,17.1000,17.2500,17.4200,258366,4438064.0000,3,0.829299,1,-0.975890,0
2001-02-13,sh.600070,17.3000,17.3800,17.2000,17.2800,17.2500,149234,2575612.0000,3,0.479009,1,0.173917,0
2001-02-14,sh.600070,17.2200,17.3100,16.8900,17.0300,17.2800,246024,4213495.0000,3,0.789684,1,-1.446759,0
2001-02-15,sh.600070,16.8900,17.1800,16.8800,16.9600,17.0300,204331,3471676.0000,3,0.655858,1,-0.411049,0
2001-02-16,sh.600070,16.8300,17.0300,16.7600,16.9500,16.9600,153549,2591897.0000,3,0.492859,1,-0.058952,0
2001-02-19,sh.600070,16.9500,17.2000,16.8400,17.1000,16.9500,161750,2757194.0000,3,0.519182,1,0.884953,0
2001-02-20,sh.600070,17.1500,17.3800,17.1100,17.1500,17.1000,73700,1268003.0000,3,0.236561,1,0.292393,0
2001-02-21,sh.600070,17.1000,17.1000,16.7000,16.7800,17.1500,220024,3699382.0000,3,0.706229,1,-2.157428,0
2001-02-22,sh.600070,16.7600,16.7900,16.4000,16.7100,16.7800,86946,1450957.0000,3,0.279078,1,-0.417173,0
2001-02-23,sh.600070,16.5100,17.1200,16.5100,17.0400,16.7100,103010,1746375.0000,3,0.330640,1,1.974876,0
2001-02-26,sh.600070,16.9000,17.1400,16.8000,17.0000,17.0400,71868,1219575.0000,3,0.230681,1,-0.234747,0
2001-02-27,sh.600070,16.9200,17.0100,16.7400,17.0000,17.0000,67455,1141395.0000,3,0.216516,1,0.000000,0
2001-02-28,sh.600070,17.0000,17.1800,16.8100,17.1000,17.0000,40540,691007.0000,3,0.130125,1,0.588237,0
2001-03-01,sh.600070,17.0200,17.3000,17.0200,17.1800,17.1000,28130,482514.0000,3,0.090291,1,0.467836,0
2001-03-02,sh.600070,17.2700,17.5100,17.2700,17.5000,17.1800,104841,1824954.0000,3,0.336517,1,1.862629,0
2001-03-05,sh.600070,17.4000,17.6000,17.4000,17.4800,17.5000,92070,1607552.0000,3,0.295525,1,-0.114288,0
2001-03-06,sh.600070,17.7900,17.7900,17.5100,17.6300,17.4800,115956,2045026.0000,3,0.372194,1,0.858121,0
2001-03-07,sh.600070,17.6300,17.6600,17.3500,17.4000,17.6300,124785,2184055.0000,3,0.400533,1,-1.304592,0
2001-03-08,sh.600070,17.4000,17.5500,17.4000,17.4800,17.4000,72799,1272444.0000,3,0.233669,1,0.459770,0
2001-03-09,sh.600070,17.5100,17.7700,17.4800,17.7700,17.4800,115750,2036064.0000,3,0.371532,1,1.659044,0
2001-03-12,sh.600070,17.7900,17.8600,17.6200,17.7500,17.7700,103272,1832745.0000,3,0.331481,1,-0.112552,0
2001-03-13,sh.600070,17.7800,17.8100,17.6000,17.6000,17.7500,98403,1739993.0000,3,0.315852,1,-0.845068,0
2001-03-14,sh.600070,17.6000,18.0800,17.4100,17.8100,17.6000,312312,5558774.0000,3,1.002454,1,1.193177,0
2001-03-15,sh.600070,18.0000,18.0000,17.7600,17.8000,17.8100,249324,4451347.0000,3,0.800276,1,-0.056150,0
2001-03-16,sh.600070,17.9900,17.9900,17.7400,17.7500,17.8000,186300,3323310.0000,3,0.597982,1,-0.280895,0
2001-03-19,sh.600070,17.7800,18.2700,17.6100,18.2300,17.7500,171657,3099501.0000,3,0.550982,1,2.704223,0
2001-03-20,sh.600070,18.2000,18.4000,18.1500,18.2800,18.2300,201402,3687590.0000,3,0.646457,1,0.274279,0
2001-03-21,sh.600070,18.2800,18.6200,18.2800,18.6200,18.2800,428457,7947832.0000,3,1.375254,1,1.859957,0
2001-03-22,sh.600070,18.3800,18.7800,18.3800,18.7000,18.6200,343463,6396776.0000,3,1.102441,1,0.429645,0
2001-03-23,sh.600070,18.5800,19.3500,18.5500,18.7200,18.7000,820348,15573733.0000,3,2.633139,1,0.106944,0
2001-03-26,sh.600070,18.7400,19.2000,18.7400,19.1000,18.7200,411294,7809245.0000,3,1.320164,1,2.029920,0
2001-03-27,sh.600070,19.2500,19.3000,18.9800,19.1500,19.1000,434796,8315674.0000,3,1.395601,1,0.261776,0
2001-03-28,sh.600070,19.2500,19.2500,18.9100,18.9300,19.1500,296660,5654060.0000,3,0.952214,1,-1.148821,0
2001-03-29,sh.600070,18.9300,19.1800,18.8000,19.1300,18.9300,334532,6346248.0000,3,1.073775,1,1.056518,0
2001-03-30,sh.600070,19.1200,20.3800,19.0600,20.3300,19.1300,1703946,33661274.0000,3,5.469296,1,6.272874,0
2001-04-02,sh.600070,20.5000,21.4000,20.4600,20.7000,20.3300,1508895,31563892.0000,3,4.843225,1,1.819975,0
2001-04-03,sh.600070,20.8000,21.0600,20.4000,20.9500,20.7000,595390,12415894.0000,3,1.911072,1,1.207729,0
2001-04-04,sh.600070,20.9800,21.1500,20.1300,20.2200,20.9500,659500,13533610.0000,3,2.116851,1,-3.484493,0
2001-04-05,sh.600070,20.0000,20.4000,20.0000,20.4000,20.2200,615069,12425633.0000,3,1.974238,1,0.890209,0
2001-04-06,sh.600070,20.3500,20.8700,20.0200,20.1600,20.4000,441774,8986363.0000,3,1.417998,1,-1.176469,0
2001-04-09,sh.600070,20.1600,20.6200,20.1600,20.5200,20.1600,298203,6107339.0000,3,0.957167,1,1.785717,0
2001-04-10,sh.600070,20.5200,20.9000,20.5100,20.6400,20.5200,302438,6269067.0000,3,0.970760,1,0.584790,0
2001-04-11,sh.600070,20.6500,20.8000,20.2000,20.7500,20.6400,265768,5438280.0000,3,0.853057,1,0.532949,0
2001-04-12,sh.600070,20.6400,20.8500,20.3500,20.4800,20.7500,272124,5602981.0000,3,0.873459,1,-1.301207,0
2001-04-13,sh.600070,20.5000,20.5000,20.2000,20.3500,20.4800,265981,5396082.0000,3,0.853741,1,-0.634761,0
2001-04-16,sh.600070,20.4000,20.7000,20.2600,20.5500,20.3500,310837,6349556.0000,3,0.997719,1,0.982795,0
2001-04-17,sh.600070,20.6500,20.6500,20.3000,20.3300,20.5500,307015,6257784.0000,3,0.985451,1,-1.070556,0
2001-04-18,sh.600070,20.3300,20.3300,20.3300,20.3300,20.3300,0,0.0000,3,,0,0.000000,0
2001-04-19,sh.600070,20.3100,20.3100,19.8900,20.0200,20.3300,259180,5187575.0000,3,0.831911,1,-1.524837,0
2001-04-20,sh.600070,20.0200,20.2000,19.5300,19.5300,20.0200,542967,10750003.0000,3,1.742806,1,-2.447551,0
2001-04-23,sh.600070,19.5000,20.2700,19.4000,20.2500,19.5300,371777,7311274.0000,3,1.193323,1,3.686632,0
2001-04-24,sh.600070,20.2500,20.4700,20.0000,20.1100,20.2500,253220,5122531.0000,3,0.812781,1,-0.691355,0
2001-04-25,sh.600070,20.1200,20.1300,19.5000,19.5500,20.1100,227800,4502078.0000,3,0.731188,1,-2.784691,0
2001-04-26,sh.600070,19.5100,19.8500,19.4000,19.4000,19.5500,213640,4171250.0000,3,0.685738,1,-0.767262,0
2001-04-27,sh.600070,19.4100,19.6500,19.4100,19.5600,19.4000,140595,2748228.0000,3,0.451279,1,0.824742,0
2001-04-30,sh.600070,19.5700,19.6200,19.2100,19.3000,19.5600,156645,3037401.0000,3,0.502796,1,-1.329245,0
2001-05-08,sh.600070,19.5000,19.7000,19.3500,19.7000,19.3000,123310,2404806.0000,3,0.395798,1,2.072547,0
2001-05-09,sh.600070,19.7800,20.2800,19.6000,20.0000,19.7000,190787,3809790.0000,3,0.612385,1,1.522839,0
2001-05-10,sh.600070,20.0100,20.1500,19.8000,19.9700,20.0000,133823,2673747.0000,3,0.429543,1,-0.150003,0
2001-05-11,sh.600070,20.0000,20.1000,19.8000,20.0900,19.9700,129576,2583156.0000,3,0.415911,1,0.600906,0
2001-05-14,sh.600070,20.1500,20.3900,19.9800,20.3800,20.0900,257628,5205160.0000,3,0.826930,1,1.443499,0
2001-05-15,sh.600070,20.3700,20.6000,20.2000,20.4000,20.3800,289784,5922387.0000,3,0.930144,1,0.098138,0
2001-05-16,sh.600070,20.4000,20.4000,20.0200,20.3500,20.4000,236830,4777652.0000,3,0.760173,1,-0.245094,0
2001-05-17,sh.600070,20.3600,20.5000,20.1500,20.2100,20.3500,236357,4812697.0000,3,0.758655,1,-0.687967,0
2001-05-18,sh.600070,20.2200,20.8500,20.1500,20.8400,20.2100,438465,9012022.0000,3,1.407377,1,3.117274,0
2001-05-21,sh.600070,20.8600,21.9500,20.8600,21.4700,20.8400,1006360,21725732.0000,3,3.230197,1,3.023029,0
2001-05-22,sh.600070,21.5000,21.5200,21.0500,21.2400,21.4700,295526,6293156.0000,3,0.948574,1,-1.071260,0
2001-05-23,sh.600070,21.2000,21.2800,20.5100,20.9000,21.2400,423224,8821977.0000,3,1.358457,1,-1.600754,0
2001-05-24,sh.600070,20.8900,21.6400,20.7000,21.5000,20.9000,368675,7843512.0000,3,1.183367,1,2.870815,0
2001-05-25,sh.600070,21.5000,21.8400,21.3000,21.4500,21.5000,335002,7233079.0000,3,1.075284,1,-0.232555,0
2001-05-28,sh.600070,21.5000,21.5000,20.6300,20.8000,21.2500,216946,4552533.0000,3,0.696349,1,-2.117651,0
2001-05-29,sh.600070,20.8500,20.9000,20.5200,20.6000,20.8000,209037,4326581.0000,3,0.670963,1,-0.961533,0
2001-05-30,sh.600070,20.6200,21.0800,20.4900,20.9500,20.6000,176500,3671658.0000,3,0.566527,1,1.699031,0
2001-05-31,sh.600070,21.0100,21.1600,20.7700,21.0000,20.9500,224941,4715481.0000,3,0.722012,1,0.238660,0
2001-06-01,sh.600070,21.2000,21.3000,20.8400,20.8400,21.0000,204188,4289809.0000,3,0.655399,1,-0.761904,0
2001-06-04,sh.600070,20.9000,21.5300,20.8500,21.5300,20.8400,297812,6316575.0000,3,0.955912,1,3.310943,0
2001-06-05,sh.600070,21.7000,22.2800,21.6000,22.1200,21.5300,817368,17977610.0000,3,2.623573,1,2.740363,0
2001-06-06,sh.600070,22.1800,22.2600,21.6000,21.6600,22.1200,325250,7091342.0000,3,1.043982,1,-2.079571,0
2001-06-07,sh.600070,21.6000,21.9000,21.5800,21.6600,21.6600,272826,5935212.0000,3,0.875712,1,0.000000,0
2001-06-08,sh.600070,21.7000,21.8500,21.1000,21.4000,21.6600,284856,6101777.0000,3,0.914326,1,-1.200370,0
2001-06-11,sh.600070,21.5900,21.7500,21.2000,21.3000,21.4000,377187,8075578.0000,3,1.210688,1,-0.467292,0
2001-06-12,sh.600070,21.3100,21.4500,21.2200,21.3500,21.3000,307152,6550069.0000,3,0.985891,1,0.234747,0
2001-06-13,sh.600070,21.5000,21.8000,21.4100,21.7800,21.3500,355416,7688462.0000,3,1.140808,1,2.014053,0
2001-06-14,sh.600070,21.8900,22.0800,21.0300,21.0300,21.7800,470300,10064770.0000,3,1.509561,1,-3.443526,0
2001-06-15,sh.600070,21.0000,21.3000,20.8100,21.1000,21.0300,511589,10747136.0000,3,1.642089,1,0.332856,0
2001-06-18,sh.600070,21.1200,21.2900,20.6100,20.7000,21.1000,524011,10936630.0000,3,1.681961,1,-1.895733,0
2001-06-19,sh.600070,20.6900,20.8000,20.5000,20.6800,20.7000,238676,4922823.0000,3,0.766098,1,-0.096621,0
2001-06-20,sh.600070,20.6800,20.6800,20.6800,20.6800,20.6800,0,0.0000,3,,0,0.000000,0
2001-06-21,sh.600070,21.0100,21.0100,20.5500,20.9000,20.6800,332309,6905022.0000,3,1.066640,1,1.063826,0
2001-06-22,sh.600070,21.0000,21.0000,20.7500,20.9500,20.9000,264235,5522723.0000,3,0.848137,1,0.239240,0
2001-06-25,sh.600070,20.9500,21.4600,20.8000,21.4500,20.9500,309419,6548269.0000,3,0.993168,1,2.386635,0
2001-06-26,sh.600070,21.5200,21.8500,21.4500,21.4600,21.4500,288389,6234275.0000,3,0.925666,1,0.046612,0
2001-06-27,sh.600070,21.5000,21.5800,21.1100,21.1500,21.4600,205629,4380408.0000,3,0.660024,1,-1.444546,0
2001-06-28,sh.600070,21.2000,21.4000,21.1000,21.2500,21.1500,250527,5313988.0000,3,0.804137,1,0.472815,0
2001-06-29,sh.600070,21.2100,21.4700,21.0000,21.1700,21.2500,329680,6977473.0000,3,1.058201,1,-0.376470,0
2001-07-02,sh.600070,21.1700,21.2000,20.7500,20.8000,21.1700,363050,7599722.0000,3,1.165311,1,-1.747760,0
2001-07-03,sh.600070,20.7000,21.0000,20.6100,20.7800,20.8000,387431,8033623.0000,3,1.243569,1,-0.096147,0
2001-07-04,sh.600070,20.8500,20.9000,20.6400,20.6500,20.7800,78400,1626848.0000,3,0.251647,1,-0.625607,0
2001-07-05,sh.600070,20.6500,20.7000,20.1500,20.4000,20.6500,447700,9124882.0000,3,1.437020,1,-1.210654,0
2001-07-06,sh.600070,20.3000,20.4500,20.2000,20.2500,20.4000,295200,6002491.0000,3,0.947528,1,-0.735292,0
2001-07-09,sh.600070,20.2500,20.3600,20.0300,20.1000,20.2500,150250,3031521.0000,3,0.482270,1,-0.740739,0
2001-07-10,sh.600070,20.1800,20.4700,20.0800,20.4500,20.1000,110906,2252808.0000,3,0.355984,1,1.741295,0
2001-07-11,sh.600070,20.5500,20.6500,20.3000,20.5500,20.4500,528450,10794883.0000,3,1.696210,1,0.488990,0
2001-07-12,sh.600070,20.5400,20.7400,20.4000,20.5600,20.5500,366600,7495953.0000,3,1.176706,1,0.048663,0
2001-07-13,sh.600070,20.5600,20.7600,20.4600,20.6100,20.5600,78330,1616574.0000,3,0.251422,1,0.243196,0
2001-07-16,sh.600070,20.6500,20.8500,20.4800,20.4800,20.6100,94010,1941299.0000,3,0.301752,1,-0.630767,0
2001-07-17,sh.600070,20.4500,20.4500,20.0600,20.3300,20.4800,111580,2255392.0000,3,0.358148,1,-0.732420,0
2001-07-18,sh.600070,20.4000,20.4500,20.0600,20.3000,20.3300,79240,1599529.0000,3,0.254343,1,-0.147569,0
2001-07-19,sh.600070,20.3800,20.4000,20.1300,20.2500,20.3000,37723,763926.0000,3,0.121083,1,-0.246302,0
2001-07-20,sh.600070,20.1000,20.1000,19.6600,19.8100,20.2500,580099,11501063.0000,3,1.861992,1,-2.172842,0
2001-07-23,sh.600070,19.7500,19.8800,19.5100,19.6000,19.8100,401913,7879792.0000,3,1.290053,1,-1.060066,0
2001-07-24,sh.600070,19.5600,19.7000,19.5100,19.6000,19.6000,276548,5415167.0000,3,0.887659,1,0.000000,0
2001-07-25,sh.600070,19.5500,19.7000,19.2100,19.2100,19.6000,131660,2560106.0000,3,0.422600,1,-1.989802,0
2001-07-26,sh.600070,19.1600,19.3000,19.0200,19.0600,19.2100,158005,3017754.0000,3,0.507162,1,-0.780841,0
2001-07-27,sh.600070,19.0600,19.1500,18.7900,18.7900,19.0600,173471,3279294.0000,3,0.556804,1,-1.416572,0
2001-07-30,sh.600070,18.7800,18.7800,17.7000,17.7200,18.7900,256462,4637790.0000,3,0.823187,1,-5.694527,0
2001-07-31,sh.600070,17.5200,17.9900,17.1300,17.3000,17.7200,214641,3770807.0000,3,0.688951,1,-2.370204,0
2001-08-01,sh.600070,17.4000,17.8700,17.4000,17.7900,17.3000,217742,3837514.0000,3,0.698904,1,2.832380,0
2001-08-02,sh.600070,17.8300,17.8400,17.1100,17.3200,17.7900,157859,2731435.0000,3,0.506693,1,-2.641941,0
2001-08-03,sh.600070,17.4000,17.7500,17.3500,17.6800,17.3200,78410,1375938.0000,3,0.251679,1,2.078526,0
2001-08-06,sh.600070,17.6900,17.6900,17.2200,17.2900,17.6800,271037,4702580.0000,3,0.869970,1,-2.205879,0
2001-08-07,sh.600070,17.4200,18.0000,17.4000,17.8900,17.2900,115809,2058302.0000,3,0.371722,1,3.470205,0
2001-08-08,sh.600070,17.9000,18.3000,17.7600,18.0200,17.8900,212986,3845036.0000,3,0.683639,1,0.726669,0
2001-08-09,sh.600070,18.0000,18.3000,18.0000,18.2900,18.0200,101528,1848401.0000,3,0.325883,1,1.498338,0
2001-08-10,sh.600070,18.4000,18.4100,18.2000,18.4000,18.2900,155413,2850840.0000,3,0.498842,1,0.601414,0
2001-08-13,sh.600070,18.4000,18.4800,18.3000,18.3500,18.4000,183535,3373820.0000,3,0.589107,1,-0.271735,0
2001-08-14,sh.600070,18.4000,18.4500,18.1000,18.1100,18.3500,172213,3143022.0000,3,0.552766,1,-1.307901,0
2001-08-15,sh.600070,18.1000,18.3700,18.1000,18.3400,18.1100,86335,1574016.0000,3,0.277117,1,1.270014,0
2001-08-16,sh.600070,18.3100,18.3100,18.1500,18.1700,18.3400,100149,1821019.0000,3,0.321456,1,-0.926936,0
2001-08-17,sh.600070,18.0000,18.1500,17.9500,17.9500,18.1700,67200,1211584.0000,3,0.215697,1,-1.210783,0
2001-08-20,sh.600070,17.9500,18.1500,17.8500,18.1100,17.9500,34009,612705.0000,3,0.109161,1,0.891364,0
2001-08-21,sh.600070,18.0800,18.2900,18.0800,18.2000,18.1100,55011,1000700.0000,3,0.176573,1,0.496964,0
2001-08-22,sh.600070,18.0700,18.0700,17.6000,17.9000,18.2000,65100,1163623.0000,3,0.208957,1,-1.648358,0
2001-08-23,sh.600070,17.6100,17.9000,17.5500,17.8600,17.9000,46138,817879.0000,3,0.148093,1,-0.223458,0
2001-08-24,sh.600070,17.7000,17.8600,17.6000,17.6000,17.8600,54915,974194.0000,3,0.176265,1,-1.455768,0
2001-08-27,sh.600070,17.6100,17.6100,17.1000,17.1600,17.6000,101351,1749471.0000,3,0.325315,1,-2.500003,0
2001-08-28,sh.600070,17.2200,17.2500,16.8100,17.1800,17.1600,78550,1340980.0000,3,0.252128,1,0.116553,0
2001-08-29,sh.600070,17.2200,17.4000,17.1800,17.2100,17.1800,72615,1256200.0000,3,0.233078,1,0.174615,0
2001-08-30,sh.600070,16.8800,17.2500,16.8800,16.9500,17.2100,40850,693388.0000,3,0.131120,1,-1.510740,0
2001-08-31,sh.600070,17.0100,17.0100,16.9100,16.9700,16.9500,29301,497485.0000,3,0.094050,1,0.117985,0
2001-09-03,sh.600070,16.9500,17.3500,16.9500,17.0300,16.9700,26615,454451.0000,3,0.085428,1,0.353573,0
2001-09-04,sh.600070,16.9900,17.6600,16.9900,17.5000,17.0300,72820,1264907.0000,3,0.233736,1,2.759831,0
2001-09-05,sh.600070,17.4300,17.6800,17.4300,17.5200,17.5000,53416,939193.0000,3,0.171454,1,0.114288,0
2001-09-06,sh.600070,17.5000,17.6400,17.2500,17.3300,17.5200,33000,576892.0000,3,0.105923,1,-1.084478,0
2001-09-07,sh.600070,17.5500,17.5500,17.1000,17.1100,17.3300,64045,1099168.0000,3,0.205571,1,-1.269471,0
2001-09-10,sh.600070,17.1100,17.1100,17.1100,17.1100,17.1100,0,0.0000,3,,0,0.000000,0
2001-09-11,sh.600070,17.5300,18.1300,17.5000,17.8900,17.1100,258138,4622949.0000,3,0.828567,1,4.558730,0
2001-09-12,sh.600070,17.5000,17.7000,17.2000,17.5900,17.8900,157118,2747753.0000,3,0.504315,1,-1.676910,0
2001-09-13,sh.600070,17.9300,18.0000,17.5500,17.6000,17.5900,45060,793376.0000,3,0.144633,1,0.056852,0
2001-09-14,sh.600070,17.6000,17.8000,17.3800,17.4000,17.6000,53294,930225.0000,3,0.171062,1,-1.136368,0
2001-09-17,sh.600070,17.3800,17.3800,16.9900,17.0000,17.4000,138300,2358587.0000,3,0.443913,1,-2.298849,0
2001-09-18,sh.600070,17.3800,17.4000,17.0000,17.2500,17.0000,22550,386704.0000,3,0.072381,1,1.470588,0
2001-09-19,sh.600070,17.2500,17.3800,17.0200,17.3000,17.2500,32661,562139.0000,3,0.104835,1,0.289851,0
2001-09-20,sh.600070,17.4500,17.4800,17.2100,17.2100,17.3000,39500,683415.0000,3,0.126786,1,-0.520232,0
2001-09-21,sh.600070,17.2000,17.2500,17.1100,17.1900,17.2100,28880,496187.0000,3,0.092699,1,-0.116203,0
2001-09-24,sh.600070,17.1900,17.2000,17.0000,17.0500,17.1900,45420,774593.0000,3,0.145788,1,-0.814434,0
2001-09-25,sh.600070,17.0600,17.3000,17.0000,17.0000,17.0500,20100,343001.0000,3,0.064517,1,-0.293251,0
2001-09-26,sh.600070,17.0000,17.0100,16.8800,16.9000,17.0000,47582,806026.0000,3,0.152728,1,-0.588237,0
2001-09-27,sh.600070,16.8000,16.8600,16.2000,16.4400,16.9000,76600,1265646.0000,3,0.245869,1,-2.721888,0
2001-09-28,sh.600070,16.5000,16.5000,16.0000,16.1700,16.4400,92200,1494488.0000,3,0.295942,1,-1.642339,0
2001-10-08,sh.600070,16.2500,16.2500,15.3800,15.4500,16.1700,116100,1817368.0000,3,0.372656,1,-4.452692,0
2001-10-09,sh.600070,15.5000,15.7000,15.3400,15.6500,15.4500,63170,982316.0000,3,0.202762,1,1.294497,0
2001-10-10,sh.600070,15.2100,15.6500,15.1500,15.1500,15.6500,206200,3164771.0000,3,0.661857,1,-3.194888,0
2001-10-11,sh.600070,15.1500,15.6800,15.0000,15.4200,15.1500,280772,4257882.0000,3,0.901217,1,1.782181,0
2001-10-12,sh.600070,15.4800,16.1100,15.1500,15.8800,15.4200,168615,2623650.0000,3,0.541217,1,2.983139,0
2001-10-15,sh.600070,15.9000,16.2800,15.8000,16.0500,15.8800,122289,1961086.0000,3,0.392521,1,1.070524,0
2001-10-16,sh.600070,16.0600,16.0600,15.7500,15.7500,16.0500,212770,3373426.0000,3,0.682945,1,-1.869154,0
2001-10-17,sh.600070,15.7200,15.7200,15.3500,15.4300,15.7500,131300,2041250.0000,3,0.421444,1,-2.031744,0
2001-10-18,sh.600070,15.4000,15.6900,15.3000,15.3500,15.4300,223700,3458818.0000,3,0.718028,1,-0.518470,0
2001-10-19,sh.600070,15.2100,15.4500,14.9000,15.0500,15.3500,446200,6728986.0000,3,1.432205,1,-1.954399,0
2001-10-22,sh.600070,14.3200,14.8000,14.3200,14.4500,15.0500,123800,1803098.0000,3,0.397371,1,-3.986713,0
2001-10-23,sh.600070,15.5000,15.9000,15.3800,15.9000,14.4500,410820,6502202.0000,3,1.318643,1,10.034600,0
2001-10-24,sh.600070,16.3800,16.5000,15.9000,16.1200,15.9000,413684,6681888.0000,3,1.327836,1,1.383656,0
2001-10-25,sh.600070,16.0000,16.0000,15.5000,15.5100,16.1200,129749,2027130.0000,3,0.416466,1,-3.784123,0
2001-10-26,sh.600070,15.5200,15.7100,15.3100,15.5500,15.5100,74973,1163204.0000,3,0.240647,1,0.257898,0
2001-10-29,sh.600070,15.5600,15.8000,15.4800,15.7600,15.5500,69002,1082648.0000,3,0.221481,1,1.350483,0
2001-10-30,sh.600070,15.8700,15.9500,15.6300,15.8100,15.7600,27810,439758.0000,3,0.089264,1,0.317260,0
2001-10-31,sh.600070,15.7000,16.6600,15.6500,16.5000,15.8100,192600,3104018.0000,3,0.618204,1,4.364324,0
2001-11-01,sh.600070,16.2900,16.5800,16.1800,16.4500,16.5000,248945,4084859.0000,3,0.799059,1,-0.303026,0
2001-11-02,sh.600070,16.4500,16.4800,16.1000,16.1300,16.4500,82299,1335579.0000,3,0.264162,1,-1.945298,0
2001-11-05,sh.600070,16.2000,16.2800,16.0200,16.2100,16.1300,62600,1011526.0000,3,0.200932,1,0.495970,0
2001-11-06,sh.600070,16.2000,16.2100,16.0800,16.1100,16.2100,63600,1026832.0000,3,0.204142,1,-0.616894,0
2001-11-07,sh.600070,16.0200,16.1000,15.3400,15.3500,16.1100,456600,7103310.0000,3,1.465587,1,-4.717568,0
2001-11-08,sh.600070,15.0000,15.5800,14.7000,15.5800,15.3500,71369,1087135.0000,3,0.229079,1,1.498368,0
2001-11-09,sh.600070,15.4500,15.7300,15.2200,15.6100,15.4200,63830,985934.0000,3,0.204880,1,1.232163,0
2001-11-12,sh.600070,15.5000,15.8800,15.5000,15.8000,15.6100,74254,1169365.0000,3,0.238339,1,1.217172,0
2001-11-13,sh.600070,15.5000,15.6600,15.3800,15.6400,15.8000,28450,440280.0000,3,0.091318,1,-1.012657,0
2001-11-14,sh.600070,15.5800,15.7700,15.4700,15.6500,15.6400,31159,485243.0000,3,0.100014,1,0.063934,0
2001-11-15,sh.600070,15.7400,15.7400,15.4600,15.6800,15.6500,41851,655710.0000,3,0.134333,1,0.191698,0
2001-11-16,sh.600070,15.9900,17.0000,15.9900,16.1500,15.6800,297423,4829104.0000,3,0.954663,1,2.997445,0
2001-11-19,sh.600070,16.1900,16.3600,16.0200,16.3000,16.1500,66246,1075495.0000,3,0.212635,1,0.928790,0
2001-11-20,sh.600070,16.3000,16.5800,16.2000,16.4300,16.3000,80536,1323048.0000,3,0.258503,1,0.797553,0
2001-11-21,sh.600070,16.5000,16.5800,16.0500,16.3000,16.4300,91860,1509686.0000,3,0.294851,1,-0.791242,0
2001-11-22,sh.600070,16.3000,16.5000,16.3000,16.4000,16.3000,58750,963917.0000,3,0.188575,1,0.613499,0
2001-11-23,sh.600070,16.4000,16.4000,16.2000,16.2300,16.4000,50800,825623.0000,3,0.163057,1,-1.036586,0
2001-11-26,sh.600070,16.2000,16.3000,16.1500,16.2000,16.2300,32850,531472.0000,3,0.105441,1,-0.184835,0
2001-11-27,sh.600070,16.2000,16.5000,16.1200,16.4700,16.2000,101400,1658267.0000,3,0.325472,1,1.666658,0
2001-11-28,sh.600070,16.5000,16.7600,16.4800,16.6400,16.4700,204573,3397686.0000,3,0.656635,1,1.032180,0
2001-11-29,sh.600070,16.5700,16.7300,16.4700,16.7000,16.6400,163928,2726856.0000,3,0.526173,1,0.360585,0
2001-11-30,sh.600070,16.7000,17.0000,16.6700,16.9000,16.7000,306237,5155953.0000,3,0.982954,1,1.197598,0
2001-12-03,sh.600070,17.0000,17.2000,16.7500,16.9500,16.9000,199845,3396635.0000,3,0.641459,1,0.295865,0
2001-12-04,sh.600070,16.9500,17.0800,16.8000,16.9100,16.9500,84313,1424649.0000,3,0.270626,1,-0.235994,0
2001-12-05,sh.600070,16.8900,17.0500,16.5200,16.6800,16.9100,120410,2028398.0000,3,0.386490,1,-1.360139,0
2001-12-06,sh.600070,16.6100,16.8900,16.5000,16.7100,16.6800,71900,1198534.0000,3,0.230783,1,0.179849,0
2001-12-07,sh.600070,16.7500,16.7600,16.5000,16.6800,16.7100,62140,1031470.0000,3,0.199456,1,-0.179526,0
2001-12-10,sh.600070,16.6400,16.6800,16.5100,16.6700,16.6800,54497,905020.0000,3,0.174924,1,-0.059953,0
2001-12-11,sh.600070,16.7300,16.7300,16.5000,16.5100,16.6700,45424,752818.0000,3,0.145801,1,-0.959807,0
2001-12-12,sh.600070,16.4500,16.5800,16.3500,16.3800,16.5100,39373,647941.0000,3,0.126379,1,-0.787408,0
2001-12-13,sh.600070,16.3200,16.3600,15.9500,15.9700,16.3800,81700,1319580.0000,3,0.262239,1,-2.503046,0
2001-12-14,sh.600070,16.0000,16.0000,15.7500,15.8300,15.9700,42300,669314.0000,3,0.135774,1,-0.876646,0
2001-12-17,sh.600070,15.9000,15.9000,15.5100,15.7200,15.8300,29200,460232.0000,3,0.093726,1,-0.694881,0
2001-12-18,sh.600070,15.7300,16.1900,15.7000,16.1800,15.7200,52102,828694.0000,3,0.167236,1,2.926209,0
2001-12-19,sh.600070,16.0300,16.2000,15.9800,16.0300,16.1800,30209,486532.0000,3,0.096964,1,-0.927068,0
2001-12-20,sh.600070,15.8400,15.8700,15.6000,15.6000,16.0300,62590,982993.0000,3,0.200900,1,-2.682472,0
2001-12-21,sh.600070,15.5600,15.7500,15.5000,15.6400,15.6000,58227,908096.0000,3,0.186896,1,0.256410,0
2001-12-24,sh.600070,15.5800,15.6900,15.2500,15.2900,15.6400,68300,1055932.0000,3,0.219228,1,-2.237854,0
2001-12-25,sh.600070,15.4000,15.5000,15.0800,15.3600,15.2900,32274,495460.0000,3,0.103593,1,0.457814,0
2001-12-26,sh.600070,15.3000,16.0000,15.2600,15.9700,15.3600,452213,7121535.0000,3,1.451505,1,3.971358,0
2001-12-27,sh.600070,15.9700,16.5000,15.8200,16.2300,15.9700,109959,1781069.0000,3,0.352944,1,1.628048,0
2001-12-28,sh.600070,16.0300,16.3500,16.0300,16.1600,16.2300,100686,1632697.0000,3,0.323180,1,-0.431298,0
2001-12-31,sh.600070,16.2000,16.3500,16.0200,16.2700,16.1600,68409,1108797.0000,3,0.219578,1,0.680697,0
2002-01-04,sh.600070,16.0600,16.2500,15.7500,15.8000,16.2700,20759,328994.0000,3,0.066632,1,-2.888754,0
2002-01-07,sh.600070,15.7800,15.9000,15.5900,15.7100,15.8000,28820,452021.0000,3,0.092506,1,-0.569621,0
2002-01-08,sh.600070,15.7800,15.8700,15.6500,15.6500,15.7100,23345,366371.0000,3,0.074932,1,-0.381925,0
2002-01-09,sh.600070,15.7000,15.7000,15.5200,15.5400,15.6500,60010,936166.0000,3,0.192619,1,-0.702873,0
2002-01-10,sh.600070,15.7400,16.0000,15.2800,16.0000,15.5400,69188,1079099.0000,3,0.222078,1,2.960103,0
2002-01-11,sh.600070,15.9000,15.9800,15.6900,15.8200,16.0000,46312,734595.0000,3,0.148651,1,-1.125002,0
2002-01-14,sh.600070,15.6500,15.7000,15.3200,15.3500,15.8200,55498,858883.0000,3,0.178137,1,-2.970919,0
2002-01-15,sh.600070,15.3500,15.4200,15.1000,15.1100,15.3500,68609,1049064.0000,3,0.220220,1,-1.563523,0
2002-01-16,sh.600070,15.2200,15.4000,14.9100,15.2400,15.1100,113984,1718288.0000,3,0.365864,1,0.860358,0
2002-01-17,sh.600070,15.2000,15.2000,14.0900,14.2700,15.2400,76757,1134661.0000,3,0.246373,1,-6.364825,0
2002-01-18,sh.600070,14.0200,14.4200,13.5000,14.0500,14.2700,147567,2060048.0000,3,0.473658,1,-1.541698,0
2002-01-21,sh.600070,14.0500,14.0500,13.6500,13.7000,14.0500,142548,1977510.0000,3,0.457548,1,-2.491106,0
2002-01-22,sh.600070,13.6000,14.1500,13.5300,13.5400,13.7000,59900,823569.0000,3,0.192266,1,-1.167882,0
2002-01-23,sh.600070,13.5200,14.5800,13.5200,14.5000,13.5400,79080,1105025.0000,3,0.253830,1,7.090104,0
2002-01-24,sh.600070,14.4000,14.8000,13.7600,14.4700,14.5000,103732,1498475.0000,3,0.332957,1,-0.206895,0
2002-01-25,sh.600070,14.2100,14.5600,14.2000,14.3100,14.4700,48709,700987.0000,3,0.156345,1,-1.105735,0
2002-01-28,sh.600070,14.5000,14.5000,13.3000,13.3000,14.3100,87700,1209974.0000,3,0.281498,1,-7.058003,0
2002-01-29,sh.600070,13.3000,13.8700,13.0100,13.6100,13.3000,69924,948377.0000,3,0.224441,1,2.330823,0
2002-01-30,sh.600070,13.6000,13.8500,13.5300,13.7200,13.6100,40360,552340.0000,3,0.129547,1,0.808234,0
2002-01-31,sh.600070,13.7000,15.0000,13.7000,14.8200,13.7200,270266,3966153.0000,3,0.867495,1,8.017488,0
2002-02-01,sh.600070,14.6000,15.1000,14.6000,14.8500,14.8200,137810,2057084.0000,3,0.442340,1,0.202434,0
2002-02-04,sh.600070,14.7800,15.0900,14.7800,15.0400,14.8500,93350,1396118.0000,3,0.299633,1,1.279458,0
2002-02-05,sh.600070,14.9000,15.0800,14.8000,15.0400,15.0400,87280,1306246.0000,3,0.280150,1,0.000000,0
2002-02-06,sh.600070,14.6400,14.8000,14.1100,14.1600,15.0400,248860,3543453.0000,3,0.798786,1,-5.851065,0
2002-02-07,sh.600070,14.1000,14.8500,14.1000,14.5700,14.1600,161550,2356348.0000,3,0.518540,1,2.895479,0
2002-02-08,sh.600070,14.6000,14.6800,14.4000,14.4600,14.5700,91317,1328368.0000,3,0.293108,1,-0.754974,0
2002-02-25,sh.600070,14.8000,15.0700,14.7000,14.9200,14.4600,139443,2080617.0000,3,0.447582,1,3.181190,0
2002-02-26,sh.600070,14.8000,15.0800,14.6000,15.0000,14.9200,54910,815869.0000,3,0.176249,1,0.536192,0
2002-02-27,sh.600070,14.8500,14.9900,14.7300,14.8600,15.0000,17100,254104.0000,3,0.054887,1,-0.933336,0
2002-02-28,sh.600070,14.8500,14.9500,14.5500,14.5700,14.8600,27600,407484.0000,3,0.088590,1,-1.951548,0
2002-03-01,sh.600070,14.5700,14.7500,14.4600,14.5000,14.5700,42900,623145.0000,3,0.137700,1,-0.480437,0
2002-03-04,sh.600070,14.8000,15.2000,14.4000,14.6800,14.5000,44390,650541.0000,3,0.142482,1,1.241381,0
2002-03-05,sh.600070,14.9800,15.3000,14.6100,15.1000,14.6800,211525,3185432.0000,3,0.678949,1,2.861036,0
2002-03-06,sh.600070,15.1100,15.3500,14.9500,15.0100,15.1000,175908,2666002.0000,3,0.564626,1,-0.596028,0
2002-03-07,sh.600070,14.5000,15.4800,14.5000,15.4100,15.0100,470644,7149304.0000,3,1.510665,1,2.664887,0
2002-03-08,sh.600070,15.4000,15.8000,15.2000,15.4100,15.4100,485840,7524827.0000,3,1.559441,1,0.000000,0
2002-03-11,sh.600070,15.6000,16.0000,14.8000,15.9600,15.4100,1384605,21738990.0000,3,4.444281,1,3.569112,0
2002-03-12,sh.600070,15.9800,16.1800,15.5000,15.5100,15.9600,406202,6383188.0000,3,1.303820,1,-2.819548,0
2002-03-13,sh.600070,15.5500,15.7400,15.2100,15.3200,15.5100,267600,4157108.0000,3,0.858938,1,-1.225020,0
2002-03-14,sh.600070,15.4300,15.6000,15.2300,15.5800,15.3200,229149,3532156.0000,3,0.735518,1,1.697129,0
2002-03-15,sh.600070,15.6500,16.1600,15.4100,15.4100,15.5800,821721,13076266.0000,3,2.637546,1,-1.091143,0
2002-03-18,sh.600070,15.5400,15.8600,14.9600,15.1000,15.4100,383964,5833537.0000,3,1.232441,1,-2.011677,0
2002-03-19,sh.600070,15.1100,15.6200,15.0500,15.5900,15.1000,230386,3556104.0000,3,0.739489,1,3.245031,0
2002-03-20,sh.600070,15.6400,16.0400,15.6400,15.9000,15.5900,1252099,19761235.0000,3,4.018965,1,1.988451,0
2002-03-21,sh.600070,15.8200,15.8800,15.6400,15.7800,15.9000,386894,6101209.0000,3,1.241846,1,-0.754716,0
2002-03-22,sh.600070,15.7800,15.8000,14.9100,15.6100,15.7800,293881,4534661.0000,3,0.943294,1,-1.077314,0
2002-03-25,sh.600070,15.6100,15.7500,15.4600,15.7500,15.6100,255408,3983411.0000,3,0.819804,1,0.896863,0
2002-03-26,sh.600070,16.6600,16.6600,15.5800,15.8800,15.7500,492149,7805495.0000,3,1.579691,1,0.825398,0
2002-03-27,sh.600070,15.9700,15.9700,15.6000,15.7900,15.8800,175578,2757069.0000,3,0.563567,1,-0.566752,0
2002-03-28,sh.600070,15.7900,15.7900,15.7900,15.7900,15.7900,0,0.0000,3,,0,0.000000,0
2002-03-29,sh.600070,15.7500,15.8800,15.4500,15.4900,15.7900,372128,5771977.0000,3,1.194450,1,-1.899938,0
2002-04-01,sh.600070,15.4500,15.6000,15.2300,15.4800,15.4900,74550,1148790.0000,3,0.239289,1,-0.064559,0
2002-04-02,sh.600070,15.3000,15.5900,15.0100,15.1400,15.4800,115922,1764054.0000,3,0.372084,1,-2.196377,0
2002-04-03,sh.600070,15.1500,15.4200,14.9900,15.3700,15.1400,176048,2669584.0000,3,0.565076,1,1.519151,0
2002-04-04,sh.600070,15.4800,15.7500,15.2000,15.7500,15.3700,132770,2067069.0000,3,0.426163,1,2.472349,0
2002-04-05,sh.600070,15.8500,15.9400,15.4000,15.7300,15.7500,747962,11759834.0000,3,2.400795,1,-0.126987,0
2002-04-08,sh.600070,16.0700,16.0700,15.4100,15.7000,15.7300,338200,5319646.0000,3,1.085548,1,-0.190717,0
2002-04-09,sh.600070,15.6900,15.9000,15.4500,15.8900,15.7000,742594,11631624.0000,3,2.383565,1,1.210194,0
2002-04-10,sh.600070,15.8800,15.8900,15.6000,15.6600,15.8900,430756,6760724.0000,3,1.382633,1,-1.447454,0
2002-04-11,sh.600070,15.7900,15.8000,15.5500,15.5600,15.6600,312350,4891058.0000,3,1.002576,1,-0.638566,0
2002-04-12,sh.600070,15.4100,15.7100,15.4100,15.6000,15.5600,156279,2440824.0000,3,0.501622,1,0.257069,0
2002-04-15,sh.600070,15.6000,15.6000,15.4300,15.4700,15.6000,162070,2511029.0000,3,0.520209,1,-0.833334,0
2002-04-16,sh.600070,15.4900,15.6000,15.4700,15.5100,15.4700,113775,1764823.0000,3,0.365193,1,0.258565,0
2002-04-17,sh.600070,15.4900,15.6500,15.4500,15.6000,15.5100,82360,1280514.0000,3,0.264358,1,0.580272,0
2002-04-18,sh.600070,15.5100,15.6000,15.3300,15.3600,15.6000,52446,808009.0000,3,0.168340,1,-1.538466,0
2002-04-19,sh.600070,15.2100,15.7500,15.2100,15.5700,15.3600,128200,1978160.0000,3,0.411494,1,1.367188,0
2002-04-22,sh.600070,15.9300,15.9300,15.4000,15.4500,15.5700,138740,2168035.0000,3,0.445325,1,-0.770712,0
2002-04-23,sh.600070,15.4500,15.7500,15.4400,15.6400,15.4500,208347,3253565.0000,3,0.668749,1,1.229777,0
2002-04-24,sh.600070,15.5600,15.7000,15.4000,15.5000,15.6400,352800,5478950.0000,3,1.132411,1,-0.895143,0
2002-04-25,sh.600070,15.5000,15.5500,15.3600,15.3700,15.5000,69051,1067197.0000,3,0.221639,1,-0.838711,0
2002-04-26,sh.600070,15.4500,15.7500,15.4000,15.7100,15.3700,325268,5084325.0000,3,1.044039,1,2.212102,0
2002-04-29,sh.600070,15.7100,16.1500,15.7000,15.9100,15.7100,1063341,16897042.0000,3,3.413093,1,1.273073,0
2002-04-30,sh.600070,16.0500,16.0500,15.7800,15.8200,15.9100,373746,5933254.0000,3,1.199643,1,-0.565683,0
2002-05-08,sh.600070,15.8500,15.9100,15.6100,15.7900,15.8200,126960,2004988.0000,3,0.407514,1,-0.189632,0
2002-05-09,sh.600070,15.7900,16.0500,15.6700,15.9500,15.7900,465078,7373247.0000,3,1.492799,1,1.013299,0
2002-05-10,sh.600070,15.9500,16.0300,15.7000,15.8400,15.9500,288503,4564529.0000,3,0.926032,1,-0.689653,0
2002-05-13,sh.600070,15.5000,15.7800,15.5000,15.6300,15.8400,138550,2173034.0000,3,0.444715,1,-1.325758,0
2002-05-14,sh.600070,15.5500,15.7000,15.4000,15.4600,15.6300,140600,2184618.0000,3,0.451295,1,-1.087652,0
2002-05-15,sh.600070,15.6000,15.6000,15.3600,15.3800,15.4600,198385,3067527.0000,3,0.636773,1,-0.517464,0
2002-05-16,sh.600070,15.3200,15.3500,14.5500,14.6700,15.3800,555500,8298706.0000,3,1.783034,1,-4.616385,0
2002-05-17,sh.600070,14.7000,14.8800,14.5000,14.7700,14.6700,156236,2297039.0000,3,0.501484,1,0.681666,0
2002-05-20,sh.600070,14.6100,14.6200,14.2000,14.3800,14.7700,159510,2297717.0000,3,0.511992,1,-2.640490,0
2002-05-21,sh.600070,14.8000,15.0900,14.5500,14.8200,14.3800,175320,2599273.0000,3,0.562739,1,3.059802,0
2002-05-22,sh.600070,14.8200,14.8200,14.6000,14.6600,14.6600,78150,1148487.0000,3,0.250844,1,0.000000,0
2002-05-23,sh.600070,14.7800,14.9500,14.6600,14.9400,14.6600,79888,1180354.0000,3,0.256423,1,1.909957,0
2002-05-24,sh.600070,14.5000,14.7100,13.7300,14.1800,14.9400,457407,6471638.0000,3,1.468177,1,-5.087010,0
2002-05-27,sh.600070,14.0700,14.4600,14.0700,14.1800,14.1800,148532,2109022.0000,3,0.476755,1,0.000000,0
2002-05-28,sh.600070,14.2000,14.4000,14.2000,14.3800,14.1800,85361,1222320.0000,3,0.273990,1,1.410436,0
2002-05-29,sh.600070,14.3800,14.3800,14.1000,14.1500,14.3800,129072,1825071.0000,3,0.414293,1,-1.599447,0
2002-05-30,sh.600070,14.2500,14.3700,14.1500,14.3200,14.1500,94673,1348611.0000,3,0.303880,1,1.201414,0
2002-05-31,sh.600070,14.3400,14.9600,14.3400,14.7300,14.3200,904558,13203661.0000,3,2.903434,1,2.863127,0
2002-06-03,sh.600070,14.6900,14.6900,14.2700,14.3100,14.7300,67560,972270.0000,3,0.216853,1,-2.851318,0
2002-06-04,sh.600070,14.2800,14.5900,14.2800,14.5500,14.3100,181600,2631070.0000,3,0.582896,1,1.677147,0
2002-06-05,sh.600070,14.5000,14.5500,14.2700,14.3700,14.5500,106691,1537564.0000,3,0.342455,1,-1.237116,0
2002-06-06,sh.600070,14.2700,14.9500,14.1900,14.7200,14.3700,488749,7108220.0000,3,1.568778,1,2.435632,0
2002-06-07,sh.600070,14.6700,14.8500,14.5200,14.6000,14.7200,254474,3736998.0000,3,0.816806,1,-0.815217,0
2002-06-10,sh.600070,14.7000,14.8400,14.5200,14.6500,14.6000,72400,1059467.0000,3,0.232388,1,0.342461,0
2002-06-11,sh.600070,14.5200,14.6800,14.4400,14.5700,14.6500,36576,532601.0000,3,0.117401,1,-0.546075,0
2002-06-12,sh.600070,14.7500,14.7700,14.4600,14.6300,14.5700,48604,707947.0000,3,0.156008,1,0.411808,0
2002-06-13,sh.600070,14.6300,14.6800,14.5100,14.6100,14.6300,40100,585224.0000,3,0.128712,1,-0.136709,0
2002-06-14,sh.600070,14.3400,14.3400,13.8100,13.8600,14.6100,268880,3778951.0000,3,0.863046,1,-5.133471,0
2002-06-17,sh.600070,13.6200,13.7800,13.6000,13.6800,13.8600,96016,1312720.0000,3,0.308190,1,-1.298697,0
2002-06-18,sh.600070,13.7300,14.0000,13.7300,13.8800,13.6800,548823,7606531.0000,3,1.761602,1,1.461987,0
2002-06-19,sh.600070,13.8800,14.1000,13.8500,13.9300,13.8800,230789,3230426.0000,3,0.740782,1,0.360232,0
2002-06-20,sh.600070,13.9500,13.9800,13.8000,13.8600,13.9300,328216,4562961.0000,3,1.053502,1,-0.502517,0
2002-06-21,sh.600070,13.8700,14.7000,13.8700,14.5000,13.8600,1976442,28067690.0000,3,6.343949,1,4.617607,0
2002-06-24,sh.600070,15.3300,15.5700,14.6000,15.3400,14.1500,1979680,30058104.0000,3,4.887181,1,8.409898,0
2002-06-25,sh.600070,15.3800,15.4700,15.0900,15.1800,15.3400,2571268,39348607.0000,3,6.347618,1,-1.043024,0
2002-06-26,sh.600070,15.0200,15.1800,14.8000,15.0100,15.1800,419606,6290141.0000,3,1.035870,1,-1.119895,0
2002-06-27,sh.600070,15.0100,15.2400,14.7200,14.8000,15.0100,333759,4973542.0000,3,0.823942,1,-1.399068,0
2002-06-28,sh.600070,14.7600,14.9000,14.5000,14.6600,14.8000,444219,6498996.0000,3,1.096631,1,-0.945948,0
2002-07-01,sh.600070,14.5600,14.7900,14.5000,14.5900,14.6600,1325650,19501477.0000,3,3.272595,1,-0.480000,0
2002-07-02,sh.600070,14.5800,14.7000,14.5000,14.5600,14.5900,180890,2630179.0000,3,0.446558,1,-0.210000,0
2002-07-03,sh.600070,14.5600,14.6800,14.3500,14.3800,14.5600,310060,4477719.0000,3,0.765437,1,-1.240000,0
2002-07-04,sh.600070,14.4500,14.5000,14.2100,14.2400,14.3800,538757,7720021.0000,3,1.330014,1,-0.970000,0
2002-07-05,sh.600070,14.2400,14.6500,14.2100,14.5900,14.2400,522588,7514239.0000,3,1.290099,1,2.460000,0
2002-07-08,sh.600070,14.6100,14.6300,14.5000,14.5700,14.5900,169935,2472702.0000,3,0.419514,1,-0.140000,0
2002-07-09,sh.600070,14.5800,14.6800,14.4700,14.5200,14.5700,235078,3416876.0000,3,0.580331,1,-0.340000,0
2002-07-10,sh.600070,14.6000,14.6000,14.3000,14.3500,14.5200,150100,2161895.0000,3,0.370548,1,-1.170000,0
2002-07-11,sh.600070,14.3500,14.4800,14.2200,14.4600,14.3500,312000,4487885.0000,3,0.770226,1,0.770000,0
2002-07-12,sh.600070,14.4500,14.5500,14.4000,14.4800,14.4600,135887,1966730.0000,3,0.335460,1,0.140000,0
2002-07-15,sh.600070,14.4000,14.4800,14.3000,14.4200,14.4800,79060,1139260.0000,3,0.195173,1,-0.410000,0
2002-07-16,sh.600070,14.4200,14.5000,14.2600,14.3500,14.4200,90100,1294888.0000,3,0.222427,1,-0.490000,0
2002-07-17,sh.600070,14.3500,14.4500,14.2800,14.4300,14.3500,251213,3612273.0000,3,0.620163,1,0.560000,0
2002-07-18,sh.600070,14.4500,14.4800,14.4000,14.4600,14.4300,132735,1917515.0000,3,0.327679,1,0.210000,0
2002-07-19,sh.600070,14.4000,14.4700,14.2200,14.4300,14.4600,793714,11404311.0000,3,1.959420,1,-0.210000,0
2002-07-22,sh.600070,14.5000,14.5800,14.2500,14.3300,14.4300,287594,4141596.0000,3,0.709975,1,-0.690000,0
2002-07-23,sh.600070,14.2100,14.4500,14.2000,14.2600,14.3300,293406,4182129.0000,3,0.724323,1,-0.490000,0
2002-07-24,sh.600070,14.3000,14.3400,13.9900,14.0500,14.2600,312930,4415603.0000,3,0.772522,1,-1.470000,0
2002-07-25,sh.600070,14.0600,14.1500,13.9100,14.0300,14.0500,203615,2848101.0000,3,0.502659,1,-0.140000,0
2002-07-26,sh.600070,14.0500,14.1400,13.9300,14.1000,14.0300,105328,1481019.0000,3,0.260020,1,0.498935,0
2002-07-29,sh.600070,14.0000,14.1000,13.9000,14.0900,14.1000,145362,2027912.0000,3,0.358851,1,-0.070000,0
2002-07-30,sh.600070,14.0000,14.0900,13.9400,14.0800,14.0900,118390,1659870.0000,3,0.292266,1,-0.070000,0
2002-07-31,sh.600070,13.9600,14.1500,13.7000,13.9400,14.0800,479603,6677753.0000,3,1.183983,1,-0.990000,0
2002-08-01,sh.600070,13.8500,14.1000,13.7500,14.0500,13.9400,207387,2898874.0000,3,0.511971,1,0.790000,0
2002-08-02,sh.600070,14.0900,14.6300,13.9300,14.3000,14.0500,424446,6078959.0000,3,1.047818,1,1.780000,0
2002-08-05,sh.600070,14.3500,14.6000,14.2000,14.5500,14.3000,623223,9027888.0000,3,1.538533,1,1.750000,0
2002-08-06,sh.600070,14.5500,14.5500,14.4200,14.5100,14.5500,235769,3414320.0000,3,0.582036,1,-0.270000,0
2002-08-07,sh.600070,14.4700,14.4900,14.3500,14.3900,14.5100,243671,3512113.0000,3,0.601544,1,-0.830000,0
2002-08-08,sh.600070,14.3700,14.4300,14.1800,14.2900,14.3900,227370,3255485.0000,3,0.561302,1,-0.690000,0
2002-08-09,sh.600070,14.5500,14.5500,14.2000,14.3400,14.2900,229496,3287500.0000,3,0.566550,1,0.350000,0
2002-08-12,sh.600070,14.3000,14.4000,14.1800,14.3100,14.3400,148484,2120776.0000,3,0.366558,1,-0.210000,0
2002-08-13,sh.600070,14.3500,14.3500,14.2000,14.2800,14.3100,118727,1697462.0000,3,0.293098,1,-0.210000,0
2002-08-14,sh.600070,14.3500,14.4600,14.2500,14.3800,14.2800,213718,3063963.0000,3,0.527600,1,0.700000,0
2002-08-15,sh.600070,14.4000,14.5000,14.2200,14.3600,14.3800,411249,5911849.0000,3,1.015239,1,-0.140000,0
2002-08-16,sh.600070,14.2600,14.3800,14.2000,14.2800,14.3600,140750,2010839.0000,3,0.347466,1,-0.560000,0
2002-08-19,sh.600070,14.2900,14.3500,14.2000,14.2900,14.2800,131780,1884604.0000,3,0.325322,1,0.070000,0
2002-08-20,sh.600070,14.2800,14.5400,14.2100,14.4700,14.2900,450106,6498056.0000,3,1.111164,1,1.260000,0
2002-08-21,sh.600070,14.4600,14.5400,14.3800,14.4200,14.4700,215210,3111372.0000,3,0.531283,1,-0.350000,0
2002-08-22,sh.600070,14.4500,14.6000,14.3600,14.5000,14.4200,342261,4957067.0000,3,0.844930,1,0.550000,0
2002-08-23,sh.600070,14.5000,14.5900,14.4000,14.4800,14.5000,162161,2349626.0000,3,0.400322,1,-0.140000,0
2002-08-26,sh.600070,14.4500,14.7200,14.4500,14.6700,14.4800,450915,6595389.0000,3,1.113161,1,1.310000,0
2002-08-27,sh.600070,14.6600,15.1500,14.6600,14.8500,14.6700,971286,14487122.0000,3,2.397787,1,1.230000,0
2002-08-28,sh.600070,14.8000,14.9300,14.6700,14.7700,14.8500,314530,4643420.0000,3,0.776471,1,-0.540000,0
2002-08-29,sh.600070,14.7700,14.7700,14.4900,14.6600,14.7700,158555,2314399.0000,3,0.391420,1,-0.740000,0
2002-08-30,sh.600070,14.5100,14.7700,14.5100,14.6700,14.6600,79350,1160624.0000,3,0.195889,1,0.070000,0
2002-09-02,sh.600070,14.7000,14.8000,13.5000,14.7300,14.6700,230907,3290296.0000,3,0.570034,1,0.410000,0
2002-09-03,sh.600070,14.6500,14.7500,14.5500,14.6700,14.7300,247515,3622819.0000,3,0.611033,1,-0.410000,0
2002-09-04,sh.600070,14.6500,14.7300,14.5600,14.6600,14.6700,169700,2484253.0000,3,0.418934,1,-0.070000,0
2002-09-05,sh.600070,14.4500,14.6000,14.3900,14.4400,14.6600,148500,2150100.0000,3,0.366598,1,-1.500000,0
2002-09-06,sh.600070,14.4100,14.5000,14.3000,14.4100,14.4400,175942,2531424.0000,3,0.434343,1,-0.210000,0
2002-09-09,sh.600070,14.3000,14.4000,14.1000,14.2600,14.4100,231774,3290782.0000,3,0.572174,1,-1.040000,0
2002-09-10,sh.600070,14.3000,14.4000,14.2100,14.2700,14.2600,74170,1058998.0000,3,0.183101,1,0.070000,0
2002-09-11,sh.600070,14.3000,14.3500,14.1000,14.2300,14.2700,121372,1726955.0000,3,0.299628,1,-0.280000,0
2002-09-12,sh.600070,14.2300,14.3500,14.2000,14.2600,14.2300,73292,1047203.0000,3,0.180934,1,0.210000,0
2002-09-13,sh.600070,14.2500,14.3500,14.2300,14.3200,14.2600,108598,1551507.0000,3,0.268093,1,0.420000,0
2002-09-16,sh.600070,14.3000,14.3000,14.1000,14.2200,14.3200,107730,1527875.0000,3,0.265950,1,-0.700000,0
2002-09-17,sh.600070,14.1200,14.3300,14.1000,14.2300,14.2200,104710,1486435.0000,3,0.258495,1,0.070000,0
2002-09-18,sh.600070,14.2900,14.3500,14.2000,14.2800,14.2300,126446,1805377.0000,3,0.312154,1,0.350000,0
2002-09-19,sh.600070,14.2800,14.5500,14.2200,14.5300,14.2800,121338,1750116.0000,3,0.299544,1,1.750000,0
2002-09-20,sh.600070,14.5000,14.5000,14.3000,14.4600,14.5300,132275,1906556.0000,3,0.326544,1,-0.480000,0
2002-09-23,sh.600070,14.2100,14.4300,14.2000,14.4200,14.4600,31049,445736.0000,3,0.076650,1,-0.280000,0
2002-09-24,sh.600070,14.4000,14.4600,14.3400,14.4200,14.4200,138606,1996672.0000,3,0.342173,1,0.000000,0
2002-09-25,sh.600070,14.4000,14.4200,14.2000,14.2500,14.4200,78729,1130250.0000,3,0.194356,1,-1.180000,0
2002-09-26,sh.600070,14.2300,14.4400,14.1800,14.2600,14.2500,184000,2629539.0000,3,0.454236,1,0.070000,0
2002-09-27,sh.600070,14.2500,14.3400,14.1500,14.2700,14.2600,85905,1221097.0000,3,0.212071,1,0.070000,0
2002-10-08,sh.600070,14.2800,14.2800,13.8800,14.1500,14.2700,73540,1033943.0000,3,0.181546,1,-0.840000,0
2002-10-09,sh.600070,14.0800,14.0800,13.8500,13.9900,14.1500,75118,1046717.0000,3,0.185442,1,-1.130000,0
2002-10-10,sh.600070,13.9400,13.9900,13.8700,13.9900,13.9900,27641,385163.0000,3,0.068237,1,0.000000,0
2002-10-11,sh.600070,13.9900,14.0000,13.7800,13.9800,13.9900,54490,756574.0000,3,0.134518,1,-0.070000,0
2002-10-14,sh.600070,13.9700,14.2500,13.8100,14.0000,13.9800,35000,489181.0000,3,0.086404,1,0.140000,0
2002-10-15,sh.600070,13.9700,13.9700,13.7000,13.8100,14.0000,73235,1008976.0000,3,0.180793,1,-1.360000,0
2002-10-16,sh.600070,13.8700,14.0500,13.8500,13.9900,13.8100,114000,1589569.0000,3,0.281429,1,1.300000,0
2002-10-17,sh.600070,13.9000,13.9500,13.7000,13.8500,13.9900,57672,795194.0000,3,0.142373,1,-1.000000,0
2002-10-18,sh.600070,13.6100,13.8200,13.6000,13.7000,13.8500,81500,1114850.0000,3,0.201197,1,-1.080000,0
2002-10-21,sh.600070,13.5700,13.7800,13.5500,13.7700,13.7000,39571,541955.0000,3,0.097688,1,0.510000,0
2002-10-22,sh.600070,13.8000,13.9700,13.7500,13.9000,13.7700,103793,1440777.0000,3,0.256231,1,0.940000,0
2002-10-23,sh.600070,13.9000,13.9500,13.8300,13.9000,13.9000,33084,459610.0000,3,0.081674,1,0.000000,0
2002-10-24,sh.600070,13.8800,13.8900,13.7400,13.8300,13.9000,26300,363302.0000,3,0.064926,1,-0.500000,0
2002-10-25,sh.600070,13.8000,13.8000,13.5800,13.7100,13.8300,79918,1089681.0000,3,0.197291,1,-0.870000,0
2002-10-28,sh.600070,13.5100,13.6800,13.5000,13.6400,13.7100,49410,672829.0000,3,0.121977,1,-0.510000,0
2002-10-29,sh.600070,13.6000,13.8300,13.4000,13.7700,13.6400,99119,1348984.0000,3,0.244692,1,0.950000,0
2002-10-30,sh.600070,13.6300,13.7600,13.5200,13.7400,13.7700,65380,895698.0000,3,0.161402,1,-0.220000,0
2002-10-31,sh.600070,13.5100,13.8500,13.5100,13.7800,13.7400,57790,796436.0000,3,0.142665,1,0.290000,0
2002-11-01,sh.600070,13.7900,13.7900,13.6100,13.7600,13.7800,54990,754349.0000,3,0.135752,1,-0.150000,0
2002-11-04,sh.600070,13.8200,13.9800,13.7500,13.9600,13.7600,112240,1553580.0000,3,0.277084,1,1.450000,0
2002-11-05,sh.600070,13.9800,14.2000,13.8000,13.9800,13.9600,310166,4343304.0000,3,0.765698,1,0.140000,0
2002-11-06,sh.600070,13.9600,13.9600,13.8000,13.8800,13.9800,73110,1012762.0000,3,0.180485,1,-0.720000,0
2002-11-07,sh.600070,13.8200,13.8500,13.6800,13.7800,13.8800,72805,1002866.0000,3,0.179732,1,-0.720000,0
2002-11-08,sh.600070,14.0000,14.0000,13.4300,13.6200,13.7800,147525,2003402.0000,3,0.364191,1,-1.160000,0
2002-11-11,sh.600070,13.6000,13.6000,13.3600,13.4600,13.6200,62110,834279.0000,3,0.153329,1,-1.170000,0
2002-11-12,sh.600070,13.4400,13.5700,12.9800,13.1500,13.4600,178245,2347187.0000,3,0.440028,1,-2.300000,0
2002-11-13,sh.600070,13.1300,13.1900,12.8900,13.1800,13.1500,175443,2288036.0000,3,0.433111,1,0.230000,0
2002-11-14,sh.600070,12.6900,13.1400,12.6900,12.8700,13.1800,137978,1781821.0000,3,0.340622,1,-2.350000,0
2002-11-15,sh.600070,12.9000,12.9900,12.6900,12.7600,12.8700,177349,2274360.0000,3,0.437817,1,-0.850000,0
2002-11-18,sh.600070,12.6900,12.7300,12.3300,12.3300,12.7600,37300,464322.0000,3,0.092081,1,-3.370000,0
2002-11-19,sh.600070,12.4500,12.6300,12.2600,12.6000,12.3300,87764,1096135.0000,3,0.216661,1,2.190000,0
2002-11-20,sh.600070,12.5500,12.5500,12.2000,12.4100,12.6000,74690,923497.0000,3,0.184385,1,-1.510000,0
2002-11-21,sh.600070,12.3000,12.3000,11.9100,12.1200,12.4100,109610,1321897.0000,3,0.270591,1,-2.340000,0
2002-11-22,sh.600070,12.1100,12.3800,11.8600,12.0000,12.1200,43060,520483.0000,3,0.106301,1,-0.990000,0
2002-11-25,sh.600070,12.0000,12.0000,11.7400,11.9400,12.0000,79965,953025.0000,3,0.197407,1,-0.500000,0
2002-11-26,sh.600070,11.9300,12.0000,11.4800,11.7300,11.9400,55290,649368.0000,3,0.136493,1,-1.760000,0
2002-11-27,sh.600070,11.5100,12.0000,11.3900,11.9000,11.7300,193523,2268147.0000,3,0.477745,1,1.450000,0
2002-11-28,sh.600070,11.8600,12.1500,11.6700,12.1000,11.9000,139818,1679141.0000,3,0.345165,1,1.680000,0
2002-11-29,sh.600070,12.0000,12.2500,11.9800,12.2200,12.1000,162110,1974840.0000,3,0.400196,1,0.990000,0
2002-12-02,sh.600070,12.0900,12.0900,11.7500,11.9600,12.2200,92930,1107226.0000,3,0.229414,1,-2.130000,0
2002-12-03,sh.600070,11.9000,12.0000,11.8200,11.9800,11.9600,104590,1247004.0000,3,0.258198,1,0.170000,0
2002-12-04,sh.600070,11.9500,12.1500,11.8700,12.0300,11.9800,83604,1006769.0000,3,0.206391,1,0.420000,0
2002-12-05,sh.600070,11.9800,11.9800,11.7000,11.9400,12.0300,52754,624665.0000,3,0.130232,1,-0.750000,0
2002-12-06,sh.600070,11.8500,11.9400,11.7000,11.9100,11.9400,58635,696763.0000,3,0.144751,1,-0.250000,0
2002-12-09,sh.600070,11.7200,11.9000,11.7200,11.8800,11.9100,37174,440504.0000,3,0.091770,1,-0.250000,0
2002-12-10,sh.600070,11.8500,11.8500,11.6000,11.7400,11.8800,89130,1041981.0000,3,0.220033,1,-1.180000,0
2002-12-11,sh.600070,11.7200,11.7200,11.4500,11.6300,11.7400,84814,982304.0000,3,0.209378,1,-0.940000,0
2002-12-12,sh.600070,11.6700,11.7900,11.6000,11.7000,11.6300,118234,1384512.0000,3,0.291881,1,0.600000,0
2002-12-13,sh.600070,11.6000,11.8900,11.5000,11.8200,11.7000,88320,1036084.0000,3,0.218033,1,1.030000,0
2002-12-16,sh.600070,11.8100,11.9500,11.7700,11.8300,11.8200,59950,710415.0000,3,0.147997,1,0.080000,0
2002-12-17,sh.600070,11.9000,11.9400,11.8100,11.9000,11.8300,84850,1008886.0000,3,0.209467,1,0.590000,0
2002-12-18,sh.600070,11.9900,12.0900,11.8800,11.8800,11.9000,61570,736206.0000,3,0.151996,1,-0.170000,0
2002-12-19,sh.600070,11.9000,11.9400,11.8100,11.8600,11.8800,34100,404766.0000,3,0.084182,1,-0.170000,0
2002-12-20,sh.600070,11.8600,12.1000,11.8500,12.0200,11.8600,37707,451387.0000,3,0.093086,1,1.350000,0
2002-12-23,sh.600070,12.0900,12.1200,11.9600,12.0700,12.0200,65194,784892.0000,3,0.160943,1,0.420000,0
2002-12-24,sh.600070,12.2100,12.6000,12.1100,12.1200,12.0700,405760,4986995.0000,3,1.001688,1,0.410000,0
2002-12-25,sh.600070,12.0800,12.2500,12.0400,12.0500,12.1200,103573,1254421.0000,3,0.255688,1,-0.580000,0
2002-12-26,sh.600070,11.9900,11.9900,11.6100,11.6700,12.0500,93235,1097606.0000,3,0.230167,1,-3.150000,0
2002-12-27,sh.600070,11.7000,11.7100,11.4900,11.5500,11.6700,67771,784725.0000,3,0.167304,1,-1.030000,0
2002-12-30,sh.600070,11.9700,11.9700,11.5500,11.5800,11.5500,2062413,24333423.0000,3,5.091422,1,0.260000,0
2002-12-31,sh.600070,11.5800,11.5800,11.0300,11.1500,11.5800,128283,1457411.0000,3,0.316689,1,-3.710000,0
2003-01-02,sh.600070,11.1600,11.1600,10.7000,10.7800,11.1500,124290,1345693.0000,3,0.306831,1,-3.320000,0
2003-01-03,sh.600070,10.7800,10.9000,10.5000,10.7300,10.7800,74330,791382.0000,3,0.183496,1,-0.460000,0
2003-01-06,sh.600070,10.7000,11.0000,10.6100,10.9400,10.7300,49042,527197.0000,3,0.121069,1,1.960000,0
2003-01-07,sh.600070,10.9000,10.9800,10.6100,10.7500,10.9400,59137,637682.0000,3,0.145990,1,-1.740000,0
2003-01-08,sh.600070,10.7100,11.1700,10.7100,11.1400,10.7500,135888,1490239.0000,3,0.335463,1,3.630000,0
2003-01-09,sh.600070,11.0200,11.4600,11.0200,11.3600,11.1400,295796,3320932.0000,3,0.730223,1,1.970000,0
2003-01-10,sh.600070,11.3600,11.3900,11.1800,11.2500,11.3600,171281,1936643.0000,3,0.422837,1,-0.970000,0
2003-01-13,sh.600070,11.2400,11.2500,11.1000,11.1200,11.2500,47911,536128.0000,3,0.118277,1,-1.160000,0
2003-01-14,sh.600070,11.1000,11.8000,11.0400,11.5500,11.1200,358354,4109036.0000,3,0.884659,1,3.870000,0
2003-01-15,sh.600070,11.8000,11.8000,11.4000,11.5100,11.5500,246033,2854399.0000,3,0.607375,1,-0.350000,0
2003-01-16,sh.600070,11.5000,11.7000,11.4800,11.6700,11.5100,279433,3240849.0000,3,0.689829,1,1.390000,0
2003-01-17,sh.600070,11.6800,11.6900,11.5700,11.6400,11.6700,232200,2704884.0000,3,0.573226,1,-0.260000,0
2003-01-20,sh.600070,11.6700,11.8300,11.6500,11.8200,11.6400,294516,3467683.0000,3,0.727063,1,1.550000,0
2003-01-21,sh.600070,11.8800,11.8900,11.4000,11.4300,11.8200,138705,1610960.0000,3,0.342417,1,-3.300000,0
2003-01-22,sh.600070,11.4100,11.5000,11.3200,11.4400,11.4300,74855,855043.0000,3,0.184792,1,0.090000,0
2003-01-23,sh.600070,11.4300,11.5200,11.3500,11.3500,11.4400,55400,631824.0000,3,0.136764,1,-0.790000,0
2003-01-24,sh.600070,11.3200,11.5200,11.3200,11.4700,11.3500,52003,593196.0000,3,0.128378,1,1.060000,0
2003-01-27,sh.600070,11.4500,11.7200,11.4000,11.6400,11.4700,225108,2610675.0000,3,0.555718,1,1.480000,0
2003-01-28,sh.600070,11.6400,11.7100,11.5600,11.6900,11.6400,83433,971631.0000,3,0.205969,1,0.430000,0
2003-01-29,sh.600070,11.7000,11.7800,11.6000,11.7000,11.6900,134440,1576084.0000,3,0.331888,1,0.090000,0
2003-02-10,sh.600070,11.7000,11.8200,11.5000,11.5100,11.7000,116490,1356741.0000,3,0.287576,1,-1.620000,0
2003-02-11,sh.600070,11.7500,11.7600,11.6000,11.7500,11.5100,69810,815079.0000,3,0.172338,1,2.090000,0
2003-02-12,sh.600070,11.7000,11.9500,11.6600,11.8900,11.7500,211984,2515266.0000,3,0.523319,1,1.190000,0
2003-02-13,sh.600070,11.9000,11.9800,11.8000,11.8800,11.8900,153011,1819811.0000,3,0.377734,1,-0.080000,0
2003-02-14,sh.600070,11.9600,11.9600,11.8300,11.9300,11.8800,126840,1511836.0000,3,0.313126,1,0.420000,0
2003-02-17,sh.600070,11.9500,12.1000,11.9000,11.9600,11.9300,262460,3153058.0000,3,0.647928,1,0.250000,0
2003-02-18,sh.600070,12.0800,12.1000,11.9300,12.1000,11.9600,247890,2982361.0000,3,0.611959,1,1.170000,0
2003-02-19,sh.600070,12.3000,12.3500,12.1000,12.1500,12.1000,214474,2610091.0000,3,0.529466,1,0.410000,0
2003-02-20,sh.600070,12.1600,12.1600,11.9800,12.0000,12.1500,162220,1956847.0000,3,0.400468,1,-1.230000,0
2003-02-21,sh.600070,11.9800,12.0000,11.6600,11.7000,12.0000,169192,1997274.0000,3,0.417680,1,-2.500000,0
2003-02-24,sh.600070,11.7100,11.8000,11.6100,11.6500,11.7000,85231,996092.0000,3,0.210407,1,-0.430000,0
2003-02-25,sh.600070,11.7700,11.9800,11.7400,11.9800,11.6500,157379,1870515.0000,3,0.388517,1,2.830000,0
2003-02-26,sh.600070,12.1000,12.1000,11.9200,12.0400,11.9800,96990,1163431.0000,3,0.239437,1,0.500000,0
2003-02-27,sh.600070,12.0200,12.1000,11.9500,11.9500,12.0400,92309,1109912.0000,3,0.227881,1,-0.750000,0
2003-02-28,sh.600070,11.9100,11.9200,11.7000,11.9100,11.9500,103760,1228993.0000,3,0.256149,1,-0.330000,0
2003-03-03,sh.600070,11.8800,12.0300,11.8500,12.0300,11.9100,105065,1257950.0000,3,0.259371,1,1.010000,0
2003-03-04,sh.600070,12.0300,12.0900,11.9800,12.0600,12.0300,123255,1484621.0000,3,0.304276,1,0.250000,0
2003-03-05,sh.600070,12.0200,12.0200,11.8600,11.9300,12.0600,59240,705384.0000,3,0.146244,1,-1.080000,0
2003-03-06,sh.600070,11.9800,12.0800,11.8500,11.8500,11.9300,65400,781337.0000,3,0.161451,1,-0.670000,0
2003-03-07,sh.600070,11.8400,11.9000,11.7500,11.8000,11.8500,54090,638063.0000,3,0.133530,1,-0.420000,0
2003-03-10,sh.600070,11.7500,11.7500,11.4600,11.4700,11.8000,123780,1434285.0000,3,0.305572,1,-2.800000,0
2003-03-11,sh.600070,11.4500,11.5000,11.4000,11.4400,11.4700,87605,1001403.0000,3,0.216268,1,-0.260000,0
2003-03-12,sh.600070,11.5000,11.5000,11.3600,11.4400,11.4400,57620,657039.0000,3,0.142245,1,0.000000,0
2003-03-13,sh.600070,11.3800,11.4900,11.3500,11.4000,11.4400,54200,619582.0000,3,0.133802,1,-0.350000,0
2003-03-14,sh.600070,11.3700,11.8400,11.3500,11.8100,11.4000,345425,4064062.0000,3,0.852741,1,3.600000,0
2003-03-17,sh.600070,11.7800,12.0600,11.7800,12.0100,11.8100,696983,8347617.0000,3,1.720623,1,1.690000,0
2003-03-18,sh.600070,12.0500,12.3500,12.0500,12.1500,12.0100,644106,7854127.0000,3,1.590087,1,1.170000,0
2003-03-19,sh.600070,12.1700,12.1700,12.0000,12.1300,12.1500,199205,2406544.0000,3,0.491772,1,-0.160000,0
2003-03-20,sh.600070,12.1300,12.2000,12.0300,12.1200,12.1300,237116,2870328.0000,3,0.585362,1,-0.080000,0
2003-03-21,sh.600070,12.0800,12.1700,11.9200,12.1100,12.1200,267574,3223575.0000,3,0.660553,1,-0.080000,0
2003-03-24,sh.600070,12.1100,12.1100,11.9300,12.0400,12.1100,228784,2746301.0000,3,0.564793,1,-0.580000,0
2003-03-25,sh.600070,11.7000,11.9400,11.7000,11.8300,12.0400,147140,1739309.0000,3,0.363240,1,-1.740000,0
2003-03-26,sh.600070,11.8100,12.0700,11.7700,12.0400,11.8300,183998,2192132.0000,3,0.454231,1,1.780000,0
2003-03-27,sh.600070,12.0500,12.8800,12.0500,12.3800,12.0400,2770694,34780373.0000,3,6.839936,1,2.820000,0
2003-03-28,sh.600070,12.4000,12.4700,12.0600,12.2000,12.3800,724785,8881073.0000,3,1.789257,1,-1.450000,0
2003-03-31,sh.600070,12.2300,12.2500,11.9900,12.1100,12.2000,389385,4695859.0000,3,0.961264,1,-0.740000,0
2003-04-01,sh.600070,12.1500,12.4500,12.0400,12.3000,12.1100,452496,5522839.0000,3,1.117064,1,1.570000,0
2003-04-02,sh.600070,12.3000,12.3000,12.1000,12.2200,12.3000,137670,1675974.0000,3,0.339862,1,-0.650000,0
2003-04-03,sh.600070,12.1800,12.2500,12.1000,12.1300,12.2200,171816,2085725.0000,3,0.424157,1,-0.740000,0
2003-04-04,sh.600070,12.1300,12.1800,12.0300,12.1000,12.1300,165460,2001094.0000,3,0.408467,1,-0.250000,0
2003-04-07,sh.600070,12.1200,12.1200,12.0000,12.0600,12.1000,217650,2622817.0000,3,0.537307,1,-0.330000,0
2003-04-08,sh.600070,12.0400,12.1000,11.8500,11.9700,12.0600,145380,1739039.0000,3,0.358896,1,-0.750000,0
2003-04-09,sh.600070,11.9700,12.0800,11.8000,11.9800,11.9700,150164,1794102.0000,3,0.370706,1,0.080000,0
2003-04-10,sh.600070,11.9600,12.4500,11.9200,12.3100,11.9800,372218,4544810.0000,3,0.918884,1,2.750000,0
2003-04-11,sh.600070,12.3000,12.5800,12.2000,12.5600,12.3100,657116,8183221.0000,3,1.622204,1,2.030000,0
2003-04-14,sh.600070,12.6500,12.9100,12.5000,12.6400,12.5600,1038046,13200972.0000,3,2.562595,1,0.640000,0
2003-04-15,sh.600070,12.8000,12.8800,12.5100,12.5700,12.6400,554948,7019037.0000,3,1.369985,1,-0.550000,0
2003-04-16,sh.600070,12.6500,12.8100,12.5000,12.5500,12.5700,616031,7780164.0000,3,1.520779,1,-0.160000,0
2003-04-17,sh.600070,12.5500,12.7800,12.5500,12.6900,12.5500,350834,4448371.0000,3,0.866094,1,1.120000,0
2003-04-18,sh.600070,12.8700,12.8700,12.4500,12.5400,12.6900,345768,4340759.0000,3,0.853588,1,-1.180000,0
2003-04-21,sh.600070,12.5600,12.5600,12.1900,12.3400,12.5400,236275,2912454.0000,3,0.583286,1,-1.590000,0
2003-04-22,sh.600070,12.4500,12.4800,12.3100,12.3900,12.3400,132226,1634999.0000,3,0.326423,1,0.410000,0
2003-04-23,sh.600070,12.3700,12.3900,12.2500,12.2600,12.3900,129212,1589362.0000,3,0.318982,1,-1.050000,0
2003-04-24,sh.600070,12.1900,12.2200,11.8500,11.9500,12.2600,292251,3502635.0000,3,0.721472,1,-2.530000,0
2003-04-25,sh.600070,11.9000,12.0000,11.7100,11.7400,11.9500,130351,1543102.0000,3,0.321794,1,-1.760000,0
2003-04-28,sh.600070,11.7400,11.7400,11.7400,11.7400,11.7400,0,0.0000,3,,0,0.000000,0
2003-04-29,sh.600070,11.9600,12.1800,11.7000,11.8900,11.7400,168826,1996728.0000,3,0.416776,1,1.280000,0
2003-04-30,sh.600070,11.8000,12.1000,11.6200,11.6600,11.8900,307801,3640318.0000,3,0.759860,1,-1.930000,0
2003-05-12,sh.600070,11.7000,11.8600,11.0100,11.4800,11.6600,173254,2007551.0000,3,0.427707,1,-1.540000,0
2003-05-13,sh.600070,11.5000,11.5800,10.5500,10.6800,11.4800,516634,5596004.0000,3,1.275400,1,-6.970000,0
2003-05-14,sh.600070,10.6000,10.8700,10.5300,10.8000,10.6800,282178,3020021.0000,3,0.696605,1,1.120000,0
2003-05-15,sh.600070,10.8000,11.2000,10.5800,10.9300,10.8000,360833,3920362.0000,3,0.890778,1,1.200000,0
2003-05-16,sh.600070,10.9300,11.0900,10.8200,10.8400,10.9300,150120,1636637.0000,3,0.370597,1,-0.820000,0
2003-05-19,sh.600070,10.8500,11.0000,10.6900,10.9300,10.8400,214484,2314624.0000,3,0.529491,1,0.830000,0
2003-05-20,sh.600070,11.0000,11.0000,10.8200,10.9200,10.9300,113300,1234015.0000,3,0.279701,1,-0.090000,0
2003-05-21,sh.600070,10.9200,11.0800,10.8900,11.0800,10.9200,209239,2300548.0000,3,0.516543,1,1.470000,0
2003-05-22,sh.600070,11.1000,11.3500,11.0800,11.3300,11.0800,434374,4883925.0000,3,1.072327,1,2.260000,0
2003-05-23,sh.600070,11.3300,11.9800,11.3300,11.4000,11.3300,733296,8631309.0000,3,1.810268,1,0.620000,0
2003-05-26,sh.600070,11.4100,11.4200,11.1200,11.2100,11.4000,224395,2509922.0000,3,0.553958,1,-1.670000,0
2003-05-27,sh.600070,11.2100,11.2900,11.0800,11.2300,11.2100,85168,951134.0000,3,0.210252,1,0.180000,0
2003-05-28,sh.600070,11.2000,11.2000,11.0100,11.0200,11.2300,217330,2408514.0000,3,0.536517,1,-1.870000,0
2003-05-29,sh.600070,11.0100,11.1600,10.9100,11.1200,11.0200,183530,2018829.0000,3,0.453075,1,0.910000,0
2003-05-30,sh.600070,11.0800,11.1600,11.0000,11.1300,11.1200,223987,2474116.0000,3,0.552951,1,0.090000,0
2003-06-02,sh.600070,11.1600,11.4600,11.0500,11.4600,11.1300,481087,5423072.0000,3,1.187646,1,2.960000,0
2003-06-03,sh.600070,11.4200,11.6800,11.4000,11.5900,11.4600,768877,8905888.0000,3,1.898105,1,1.130000,0
2003-06-04,sh.600070,11.5700,11.8700,11.3500,11.7800,11.5900,743011,8669556.0000,3,1.834251,1,1.640000,0
2003-06-05,sh.600070,11.8000,11.8000,11.5500,11.5500,11.7800,92700,1081549.0000,3,0.228846,1,-1.950000,0
2003-06-06,sh.600070,11.5200,11.8400,11.3200,11.8000,11.5500,558041,6552969.0000,3,1.377620,1,2.160000,0
2003-06-09,sh.600070,11.8000,11.9500,11.6500,11.7200,11.8000,175794,2078897.0000,3,0.433978,1,-0.680000,0
2003-06-10,sh.600070,11.2400,11.8000,11.2400,11.5600,11.7200,48722,564398.0000,3,0.120279,1,-1.370000,0
2003-06-11,sh.600070,11.5600,11.8300,11.5600,11.8300,11.5600,111908,1314434.0000,3,0.276264,1,2.340000,0
2003-06-12,sh.600070,11.8000,12.1000,11.7000,12.0100,11.8300,424566,5095043.0000,3,1.048114,1,1.520000,0
2003-06-13,sh.600070,12.2200,12.2200,11.7900,11.8500,12.0100,314804,3755808.0000,3,0.777148,1,-1.330000,0
2003-06-16,sh.600070,12.0500,12.0500,11.7000,11.7100,11.8500,204210,2409030.0000,3,0.504128,1,-1.180000,0
2003-06-17,sh.600070,11.8500,12.0500,11.8500,12.0200,11.7100,371040,4450630.0000,3,0.915976,1,2.650000,0
2003-06-18,sh.600070,11.7100,12.3600,11.7100,12.3500,11.8700,841157,10290206.0000,3,2.076541,1,4.040000,0
2003-06-19,sh.600070,12.3600,12.3800,12.0900,12.1800,12.3500,622852,7638710.0000,3,1.537617,1,-1.380000,0
2003-06-20,sh.600070,12.2600,12.3000,11.9800,12.0500,12.1800,109850,1331184.0000,3,0.271184,1,-1.070000,0
2003-06-23,sh.600070,12.0900,12.0900,11.9100,11.9200,12.0500,98530,1181889.0000,3,0.243238,1,-1.080000,0
2003-06-24,sh.600070,12.0200,12.0500,11.8000,11.8300,11.9200,102110,1211766.0000,3,0.252076,1,-0.760000,0
2003-06-25,sh.600070,11.9800,11.9800,11.7000,11.7300,11.8300,76700,907167.0000,3,0.189347,1,-0.850000,0
2003-06-26,sh.600070,11.8400,12.3500,11.7000,12.2200,11.7300,1390400,16931700.0000,3,3.432442,1,4.180000,0
2003-06-27,sh.600070,12.1900,12.2700,12.0100,12.1000,12.2200,112021,1360371.0000,3,0.276543,1,-0.980000,0
2003-06-30,sh.600070,11.9800,12.1500,11.8900,12.0000,12.1000,318800,3867600.0000,3,0.787013,1,-0.830000,0
2003-07-01,sh.600070,11.9800,12.0700,11.8100,11.8100,12.0000,143000,1708589.0000,3,0.353020,1,-1.580000,0
2003-07-02,sh.600070,11.9300,11.9800,11.8000,11.9200,11.8100,84940,1007232.0000,3,0.209689,1,0.930000,0
2003-07-03,sh.600070,11.9000,12.1000,11.8200,12.0200,11.9200,184389,2217050.0000,3,0.455196,1,0.840000,0
2003-07-04,sh.600070,11.8700,12.0500,11.8700,11.9500,12.0200,15506,185286.0000,3,0.038279,1,-0.580000,0
2003-07-07,sh.600070,11.9000,11.9400,11.7900,11.8200,11.9500,39280,464695.0000,3,0.096969,1,-1.090000,0
2003-07-08,sh.600070,11.9000,11.9500,11.8100,11.8900,11.8200,26700,317219.0000,3,0.065914,1,0.590000,0
2003-07-09,sh.600070,11.9600,11.9600,11.8000,11.8400,11.8900,16400,193909.0000,3,0.040486,1,-0.420000,0
2003-07-10,sh.600070,11.9600,11.9600,11.8300,11.9300,11.8400,58650,697644.0000,3,0.144788,1,0.760000,0
2003-07-11,sh.600070,11.9100,11.9500,11.8000,11.8200,11.9300,21200,251280.0000,3,0.052336,1,-0.920000,0
2003-07-14,sh.600070,11.7200,11.8200,11.7200,11.7600,11.8200,37001,435533.0000,3,0.091343,1,-0.510000,0
2003-07-15,sh.600070,11.9000,11.9000,11.7500,11.8700,11.7600,19730,232885.0000,3,0.048707,1,0.940000,0
2003-07-16,sh.600070,11.8900,11.8900,11.8100,11.8500,11.8700,44770,530621.0000,3,0.110522,1,-0.170000,0
2003-07-17,sh.600070,11.7200,11.7900,11.7000,11.7900,11.8500,48316,567782.0000,3,0.119276,1,-0.510000,0
2003-07-18,sh.600070,11.8000,11.8400,11.7000,11.8000,11.7900,140920,1658751.0000,3,0.347885,1,0.080000,0
2003-07-21,sh.600070,11.7800,11.9500,11.6600,11.7000,11.8000,103620,1224853.0000,3,0.255804,1,-0.850000,0
2003-07-22,sh.600070,11.8000,11.8500,11.6500,11.6800,11.7000,40200,471424.0000,3,0.099241,1,-0.170000,0
2003-07-23,sh.600070,11.7900,11.8000,11.6100,11.7500,11.6800,101028,1187629.0000,3,0.249405,1,0.600000,0
2003-07-24,sh.600070,11.8000,11.8000,11.6800,11.7500,11.7500,52700,620679.0000,3,0.130099,1,0.000000,0
2003-07-25,sh.600070,11.7000,11.7300,11.6300,11.6600,11.7500,34945,407961.0000,3,0.086268,1,-0.770000,0
2003-07-28,sh.600070,11.7400,11.7400,11.3600,11.3600,11.6600,35700,409100.0000,3,0.088132,1,-2.570000,0
2003-07-29,sh.600070,11.4900,11.5800,11.2300,11.2500,11.3600,92700,1058464.0000,3,0.228846,1,-0.970000,0
2003-07-30,sh.600070,11.2000,11.4200,11.2000,11.2100,11.2500,21535,241411.0000,3,0.053163,1,-0.360000,0
2003-07-31,sh.600070,11.4700,11.4700,11.1500,11.2300,11.2100,17616,198020.0000,3,0.043488,1,0.180000,0
2003-08-01,sh.600070,11.2000,11.6100,11.2000,11.5900,11.2300,186143,2135654.0000,3,0.459526,1,3.210000,0
2003-08-04,sh.600070,11.7600,11.7600,11.4000,11.4100,11.5900,14800,169905.0000,3,0.036536,1,-1.550000,0
2003-08-05,sh.600070,11.6000,11.6000,11.4000,11.4200,11.4100,13178,151238.0000,3,0.032532,1,0.090000,0
2003-08-06,sh.600070,11.6000,11.6000,11.4000,11.4100,11.4200,12400,141694.0000,3,0.030612,1,-0.090000,0
2003-08-07,sh.600070,11.4100,11.4800,11.4000,11.4200,11.4100,15260,174090.0000,3,0.037672,1,0.090000,0
2003-08-08,sh.600070,11.3000,11.4500,11.3000,11.4400,11.4200,18874,213807.0000,3,0.046594,1,0.180000,0
2003-08-11,sh.600070,11.5000,11.5000,11.3000,11.3600,11.4400,54150,619022.0000,3,0.133679,1,-0.700000,0
2003-08-12,sh.600070,11.3200,11.5500,11.2500,11.5000,11.3600,410139,4676524.0000,3,1.012499,1,1.230000,0
2003-08-13,sh.600070,11.3100,11.4900,11.2500,11.3200,11.5000,31251,353009.0000,3,0.077148,1,-1.570000,0
2003-08-14,sh.600070,11.3300,11.4100,11.3000,11.3000,11.3200,14800,167772.0000,3,0.036536,1,-0.180000,0
2003-08-15,sh.600070,11.3000,11.3000,11.2000,11.2300,11.3000,14358,161428.0000,3,0.035445,1,-0.620000,0
2003-08-18,sh.600070,11.3600,11.3600,11.1500,11.1700,11.2300,12810,143362.0000,3,0.031624,1,-0.530000,0
2003-08-19,sh.600070,11.1800,11.3500,11.1000,11.1300,11.1700,46891,527098.0000,3,0.115759,1,-0.360000,0
2003-08-20,sh.600070,11.0800,11.3000,10.8000,11.1500,11.1300,99601,1102256.0000,3,0.245882,1,0.180000,0
2003-08-21,sh.600070,11.1400,11.2600,11.0100,11.1100,11.1500,300131,3368470.0000,3,0.740925,1,-0.360000,0
2003-08-22,sh.600070,11.1000,11.2400,11.0300,11.1200,11.1100,29367,327257.0000,3,0.072497,1,0.090000,0
2003-08-25,sh.600070,11.0200,11.5500,11.0200,11.5100,11.1200,123913,1401222.0000,3,0.305901,1,3.510000,0
2003-08-26,sh.600070,11.4300,11.4300,11.1300,11.3000,11.5100,9500,106937.0000,3,0.023452,1,-1.820000,0
2003-08-27,sh.600070,11.7100,11.7100,11.2400,11.3700,11.3000,274421,3196740.0000,3,0.677456,1,0.620000,0
2003-08-28,sh.600070,11.3700,11.3900,11.1600,11.1600,11.3700,11100,124945.0000,3,0.027402,1,-1.850000,0
2003-08-29,sh.600070,11.1500,11.2900,11.1400,11.1600,11.1600,6350,70904.0000,3,0.015676,1,0.000000,0
2003-09-01,sh.600070,11.1600,11.2900,11.1200,11.1900,11.1600,79240,885449.0000,3,0.195618,1,0.270000,0
2003-09-02,sh.600070,11.2000,11.4200,11.1700,11.2900,11.1900,90105,1016148.0000,3,0.222440,1,0.890000,0
2003-09-03,sh.600070,11.4000,11.4000,11.1700,11.2800,11.2900,17940,202010.0000,3,0.044288,1,-0.090000,0
2003-09-04,sh.600070,11.1900,11.4500,11.1800,11.2100,11.2800,87100,987538.0000,3,0.215021,1,-0.620000,0
2003-09-05,sh.600070,11.2100,11.3100,11.0800,11.0800,11.2100,42358,472783.0000,3,0.104568,1,-1.160000,0
2003-09-08,sh.600070,11.2800,11.2800,11.0500,11.1000,11.0800,27200,303543.0000,3,0.067148,1,0.180000,0
2003-09-09,sh.600070,11.1100,11.1100,11.0000,11.0000,11.1000,24300,268263.0000,3,0.059989,1,-0.900000,0
2003-09-10,sh.600070,11.0000,11.0600,10.9100,11.0500,11.0000,17739,194782.0000,3,0.043792,1,0.450000,0
2003-09-11,sh.600070,11.3000,11.3000,11.0500,11.0600,11.0500,590685,6626012.0000,3,1.458208,1,0.090000,0
2003-09-12,sh.600070,10.6400,11.2500,10.6400,11.0200,11.0600,9570,103991.0000,3,0.023625,1,-0.360000,0
2003-09-15,sh.600070,10.8100,10.8900,10.8100,10.8300,11.0200,16590,179619.0000,3,0.040955,1,-1.720000,0
2003-09-16,sh.600070,10.8500,10.8500,10.8000,10.8000,10.8300,4600,49829.0000,3,0.011356,1,-0.280000,0
2003-09-17,sh.600070,10.9600,10.9800,10.7000,10.8000,10.8000,14500,155898.0000,3,0.035796,1,0.000000,0
2003-09-18,sh.600070,10.7200,10.7800,10.5700,10.6000,10.8000,74740,792752.0000,3,0.184509,1,-1.850000,0
2003-09-19,sh.600070,10.7900,10.7900,10.3500,10.5800,10.6000,42470,445443.0000,3,0.104845,1,-0.190000,0
2003-09-22,sh.600070,10.3600,10.6100,10.3600,10.4400,10.5800,6060,63299.0000,3,0.014960,1,-1.320000,0
2003-09-23,sh.600070,10.4300,10.4300,10.2500,10.2600,10.4400,39445,406864.0000,3,0.097377,1,-1.720000,0
2003-09-24,sh.600070,10.2800,10.4800,10.2600,10.4000,10.2600,62170,644699.0000,3,0.153477,1,1.360000,0
2003-09-25,sh.600070,10.3100,10.3500,10.0800,10.1000,10.4000,47120,481073.0000,3,0.116324,1,-2.880000,0
2003-09-26,sh.600070,10.1100,10.3000,9.8800,9.9600,10.1000,92760,927136.0000,3,0.228994,1,-1.390000,0
2003-09-29,sh.600070,9.7300,9.7300,9.5600,9.6000,9.9600,67070,648961.0000,3,0.165574,1,-3.610000,0
2003-09-30,sh.600070,9.5900,9.7100,9.2800,9.5400,9.6000,224300,2103528.0000,3,0.553723,1,-0.630000,0
2003-10-08,sh.600070,9.4900,9.5300,9.2000,9.5200,9.5400,76912,725819.0000,3,0.189871,1,-0.210000,0
2003-10-09,sh.600070,9.5400,9.5400,9.4000,9.4400,9.5200,21731,204936.0000,3,0.053647,1,-0.840000,0
2003-10-10,sh.600070,9.3000,9.6500,9.1100,9.6000,9.4400,129210,1229377.0000,3,0.318977,1,1.690000,0
2003-10-13,sh.600070,9.6100,9.6100,9.2900,9.3900,9.6000,197760,1844641.0000,3,0.488205,1,-2.190000,0
2003-10-14,sh.600070,9.3800,9.3800,9.1200,9.1400,9.3900,81194,747993.0000,3,0.200441,1,-2.660000,0
2003-10-15,sh.600070,9.1000,9.2900,9.0900,9.1000,9.1400,50400,461157.0000,3,0.124421,1,-0.440000,0
2003-10-16,sh.600070,9.1200,9.1400,8.7900,8.8100,9.1000,67400,603441.0000,3,0.166389,1,-3.190000,0
2003-10-17,sh.600070,8.8000,8.8800,8.1000,8.7500,8.8100,84131,727358.0000,3,0.207692,1,-0.680000,0
2003-10-20,sh.600070,8.7000,8.7000,8.4000,8.6600,8.7500,58160,496496.0000,3,0.143578,1,-1.030000,0
2003-10-21,sh.600070,8.6000,8.7000,8.3400,8.6700,8.6600,72376,616505.0000,3,0.178673,1,0.120000,0
2003-10-22,sh.600070,8.7000,8.9900,8.3800,8.9600,8.6700,144282,1278665.0000,3,0.356185,1,3.340000,0
2003-10-23,sh.600070,9.0100,9.0700,8.7600,8.7800,8.9600,106774,944337.0000,3,0.263590,1,-2.010000,0
2003-10-24,sh.600070,8.7500,8.8600,8.6800,8.8000,8.7800,69370,607414.0000,3,0.171252,1,0.230000,0
2003-10-27,sh.600070,8.7800,8.8600,8.6000,8.7300,8.8000,111970,981339.0000,3,0.276417,1,-0.800000,0
2003-10-28,sh.600070,8.5100,8.7800,8.5100,8.7100,8.7300,54498,475924.0000,3,0.134538,1,-0.230000,0
2003-10-29,sh.600070,8.6300,8.6400,8.4200,8.6400,8.7100,59949,511328.0000,3,0.147994,1,-0.800000,0
2003-10-30,sh.600070,8.4800,8.5700,8.3500,8.4700,8.6400,77310,651725.0000,3,0.190853,1,-1.970000,0
2003-10-31,sh.600070,8.3800,8.6000,8.3000,8.4400,8.4700,32460,273320.0000,3,0.080133,1,-0.350000,0
2003-11-03,sh.600070,8.3600,8.4200,8.2000,8.4000,8.4400,96770,799964.0000,3,0.238893,1,-0.470000,0
2003-11-04,sh.600070,8.4000,8.6800,8.3700,8.6100,8.4000,437011,3702583.0000,3,1.078837,1,2.500000,0
2003-11-05,sh.600070,8.5200,8.5200,8.2400,8.3800,8.6100,104980,880296.0000,3,0.259161,1,-2.670000,0
2003-11-06,sh.600070,8.3800,8.3800,7.9400,8.1600,8.3800,174308,1411181.0000,3,0.430309,1,-2.630000,0
2003-11-07,sh.600070,7.9200,8.0900,7.9000,8.0300,8.1600,87940,700017.0000,3,0.217095,1,-1.590000,0
2003-11-10,sh.600070,7.8800,8.0500,7.8500,8.0200,8.0300,64088,509555.0000,3,0.158212,1,-0.120000,0
2003-11-11,sh.600070,7.8800,8.0500,7.8000,8.0400,8.0200,44590,355983.0000,3,0.110078,1,0.250000,0
2003-11-12,sh.600070,7.9000,8.0900,7.9000,8.0000,8.0400,25770,205476.0000,3,0.063618,1,-0.500000,0
2003-11-13,sh.600070,7.9900,8.1800,7.9900,8.1500,8.0000,62330,504226.0000,3,0.153872,1,1.880000,0
2003-11-14,sh.600070,8.1000,8.4500,8.1000,8.4300,8.1500,377967,3120008.0000,3,0.933077,1,3.440000,0
2003-11-17,sh.600070,8.4300,8.4300,8.2300,8.3600,8.4300,150990,1264039.0000,3,0.372745,1,-0.830368,0
2003-11-18,sh.600070,8.4200,8.4200,8.1000,8.1900,8.3600,127128,1043018.0000,3,0.313837,1,-2.030000,0
2003-11-19,sh.600070,8.1800,8.4400,8.1800,8.2400,8.1900,344545,2864480.0000,3,0.850569,1,0.610000,0
2003-11-20,sh.600070,8.2800,8.6800,8.2100,8.6600,8.2400,659916,5604226.0000,3,1.629116,1,5.100000,0
2003-11-21,sh.600070,8.7700,8.7700,8.4900,8.6300,8.6600,361139,3115735.0000,3,0.891534,1,-0.350000,0
2003-11-24,sh.600070,8.6300,8.6300,8.6300,8.6300,8.6300,0,0.0000,3,,0,0.000000,0
2003-11-25,sh.600070,9.1000,9.2000,8.8800,8.9300,8.6300,782092,7049309.0000,3,1.930729,1,3.480000,0
2003-11-26,sh.600070,9.0000,9.1700,8.8100,9.1500,8.9300,392102,3510703.0000,3,0.967971,1,2.460000,0
2003-11-27,sh.600070,9.1500,9.2000,8.9000,8.9100,9.1500,106400,959508.0000,3,0.262667,1,-2.620000,0
2003-11-28,sh.600070,8.8100,9.0300,8.8100,8.9700,8.9100,143763,1287865.0000,3,0.354904,1,0.670000,0
2003-12-01,sh.600070,8.9800,9.2000,8.8500,9.1800,8.9700,386470,3514978.0000,3,0.954068,1,2.340000,0
2003-12-02,sh.600070,9.2100,9.4900,9.0200,9.4100,9.1800,753352,7032324.0000,3,1.859779,1,2.510000,0
2003-12-03,sh.600070,9.3800,9.5400,9.2600,9.4800,9.4100,401025,3789293.0000,3,0.989999,1,0.740000,0
2003-12-04,sh.600070,9.4000,9.5400,9.4000,9.4200,9.4800,101460,956389.0000,3,0.250471,1,-0.630000,0
2003-12-05,sh.600070,9.4500,9.4500,9.3200,9.3900,9.4200,68850,646572.0000,3,0.169968,1,-0.320000,0
2003-12-08,sh.600070,9.4500,9.5000,9.2800,9.3000,9.3900,72900,681237.0000,3,0.179966,1,-0.960000,0
2003-12-09,sh.600070,9.3000,9.3400,9.0600,9.1800,9.3000,226929,2069154.0000,3,0.560213,1,-1.290000,0
2003-12-10,sh.600070,9.2400,9.4000,9.1500,9.2000,9.1800,46365,427135.0000,3,0.114460,1,0.220000,0
2003-12-11,sh.600070,9.2000,9.2000,9.1000,9.1700,9.2000,56040,512304.0000,3,0.138344,1,-0.330000,0
2003-12-12,sh.600070,9.1900,9.4500,9.0000,9.3900,9.1700,286989,2668059.0000,3,0.708482,1,2.400000,0
2003-12-15,sh.600070,9.2900,9.5300,9.1100,9.5000,9.3900,484775,4549264.0000,3,1.196751,1,1.170000,0
2003-12-16,sh.600070,9.4300,9.5500,9.1200,9.5300,9.5000,737053,6928778.0000,3,1.819542,1,0.320000,0
2003-12-17,sh.600070,9.5000,9.6100,9.3500,9.3600,9.5300,470721,4468937.0000,3,1.162056,1,-1.780000,0
2003-12-18,sh.600070,9.2900,9.4200,9.2800,9.3500,9.3600,55180,513150.0000,3,0.136221,1,-0.110000,0
2003-12-19,sh.600070,9.3000,9.3500,9.0100,9.3200,9.3500,241687,2208106.0000,3,0.596646,1,-0.320000,0
2003-12-22,sh.600070,9.3000,9.5000,8.8200,9.4700,9.3200,346748,3162545.0000,3,0.856007,1,1.610000,0
2003-12-23,sh.600070,9.4800,9.4800,9.2400,9.3100,9.4700,132249,1231980.0000,3,0.326479,1,-1.690000,0
2003-12-24,sh.600070,9.2800,9.4000,9.2300,9.4000,9.3100,266735,2487367.0000,3,0.658481,1,0.970000,0
2003-12-25,sh.600070,9.3800,9.4000,9.2600,9.3100,9.4000,163400,1523956.0000,3,0.403381,1,-0.960000,0
2003-12-26,sh.600070,9.2600,9.5200,9.2600,9.5100,9.3100,160972,1508723.0000,3,0.397387,1,2.150000,0
2003-12-29,sh.600070,9.6000,9.6000,9.2600,9.3600,9.5100,93840,878330.0000,3,0.231660,1,-1.580000,0
2003-12-30,sh.600070,9.4300,9.8900,9.3300,9.8900,9.3600,575130,5559917.0000,3,1.419808,1,5.660000,0
2003-12-31,sh.600070,9.7000,9.8000,9.5000,9.5400,9.8900,405160,3907260.0000,3,1.000207,1,-3.540000,0
2004-01-02,sh.600070,9.4800,9.6300,9.4400,9.5600,9.5400,157675,1497805.0000,3,0.389248,1,0.210000,0
2004-01-05,sh.600070,9.4900,9.7800,9.4800,9.7300,9.5600,330794,3177987.0000,3,0.816622,1,1.780000,0
2004-01-06,sh.600070,9.7000,10.1000,9.6900,10.0300,9.7300,296705,2931237.0000,3,0.732467,1,3.080000,0
2004-01-07,sh.600070,10.0000,10.3300,9.9000,10.3200,10.0300,1168544,11757249.0000,3,2.884752,1,2.890000,0
2004-01-08,sh.600070,10.2500,10.2800,10.0000,10.1100,10.3200,2420569,24288059.0000,3,5.975592,1,-2.030000,0
2004-01-09,sh.600070,10.0500,10.2700,9.8500,9.8500,10.1100,467108,4655681.0000,3,1.153137,1,-2.570000,0
2004-01-12,sh.600070,9.8500,9.9000,9.7400,9.8500,9.8500,140075,1374749.0000,3,0.345799,1,0.000000,0
2004-01-13,sh.600070,9.9000,9.9800,9.7500,9.8000,9.8500,103780,1020083.0000,3,0.256199,1,-0.510000,0
2004-01-14,sh.600070,9.8000,9.8500,9.6500,9.6700,9.8000,108300,1052503.0000,3,0.267357,1,-1.330000,0
2004-01-15,sh.600070,9.6500,9.9400,9.6400,9.7300,9.6700,83220,812654.0000,3,0.205443,1,0.620000,0
2004-01-16,sh.600070,9.7000,9.9100,9.6600,9.7000,9.7300,113640,1105680.0000,3,0.280540,1,-0.310000,0
2004-01-29,sh.600070,9.8500,10.1500,9.7700,10.1100,9.7000,315830,3148637.0000,3,0.779681,1,4.230000,0
2004-01-30,sh.600070,10.2000,10.2000,9.8800,10.1400,10.1100,188115,1890623.0000,3,0.464394,1,0.300000,0
2004-02-02,sh.600070,10.1000,10.3600,9.9500,10.2900,10.1400,880563,8967678.0000,3,2.173821,1,1.480000,0
2004-02-03,sh.600070,10.2700,10.3000,10.1000,10.3000,10.2900,278579,2849865.0000,3,0.687720,1,0.100000,0
2004-02-04,sh.600070,10.3000,10.5500,10.1500,10.5400,10.3000,595893,6192452.0000,3,1.471065,1,2.330000,0
2004-02-05,sh.600070,10.5200,10.5300,10.2500,10.4600,10.5400,172044,1785082.0000,3,0.424720,1,-0.760000,0
2004-02-06,sh.600070,10.2800,11.4400,10.1700,11.0000,10.4600,2205037,24535570.0000,3,5.443514,1,5.160000,0
2004-02-09,sh.600070,11.3500,11.7000,11.0000,11.1800,11.0000,677392,7640138.0000,3,1.672259,1,1.640000,0
2004-02-10,sh.600070,11.1000,11.3500,10.7800,10.9400,11.1800,746411,8101826.0000,3,1.842644,1,-2.150000,0
2004-02-11,sh.600070,11.0000,11.0000,10.7100,10.9200,10.9400,350896,3783629.0000,3,0.866247,1,-0.180000,0
2004-02-12,sh.600070,11.0000,11.0000,10.7100,10.7200,10.9200,453465,4878526.0000,3,1.119456,1,-1.830000,0
2004-02-13,sh.600070,10.7400,10.8700,10.6100,10.6200,10.7200,190800,2042211.0000,3,0.471023,1,-0.930000,0
2004-02-16,sh.600070,10.6500,10.8000,10.6000,10.7900,10.6200,434587,4652302.0000,3,1.072853,1,1.600000,0
2004-02-17,sh.600070,10.7700,10.9600,10.6500,10.9600,10.7900,625284,6725320.0000,3,1.543621,1,1.580000,0
2004-02-18,sh.600070,10.9500,11.1200,10.8400,10.9600,10.9600,832410,9094247.0000,3,2.054948,1,0.000000,0
2004-02-19,sh.600070,10.9900,11.1100,10.8800,10.9600,10.9600,311255,3417578.0000,3,0.768387,1,0.000000,0
2004-02-20,sh.600070,10.9500,10.9500,10.7000,10.8400,10.9600,276504,2984886.0000,3,0.682598,1,-1.090000,0
2004-02-23,sh.600070,10.8400,11.1200,10.8200,10.9800,10.8400,654985,7196154.0000,3,1.616943,1,1.290000,0
2004-02-24,sh.600070,10.9200,11.0000,10.6000,10.8400,10.9800,278788,2992001.0000,3,0.688236,1,-1.280000,0
2004-02-25,sh.600070,10.8400,10.8900,10.5500,10.7300,10.8400,209450,2247905.0000,3,0.517063,1,-1.010000,0
2004-02-26,sh.600070,10.6900,10.7000,10.2200,10.3400,10.7300,182480,1888052.0000,3,0.450483,1,-3.630000,0
2004-02-27,sh.600070,10.3400,10.4200,10.2000,10.4000,10.3400,131011,1355820.0000,3,0.323423,1,0.580000,0
2004-03-01,sh.600070,10.4000,10.4500,10.1800,10.3000,10.4000,233694,2391489.0000,3,0.576914,1,-0.960000,0
2004-03-02,sh.600070,10.3500,10.4500,10.2200,10.2800,10.3000,164760,1701729.0000,3,0.406738,1,-0.190000,0
2004-03-03,sh.600070,10.3100,10.3800,10.1900,10.1900,10.2800,93728,961307.0000,3,0.231384,1,-0.880000,0
2004-03-04,sh.600070,10.1600,10.3200,10.0400,10.2300,10.1900,125653,1276049.0000,3,0.310196,1,0.390000,0
2004-03-05,sh.600070,10.3300,10.3300,10.1400,10.1600,10.2300,99358,1013899.0000,3,0.245282,1,-0.680000,0
2004-03-08,sh.600070,10.2100,10.2100,9.9100,9.9200,10.1600,150752,1515742.0000,3,0.372157,1,-2.360000,0
2004-03-09,sh.600070,9.9800,9.9800,9.8500,9.8600,9.9200,105900,1048937.0000,3,0.261432,1,-0.600000,0
2004-03-10,sh.600070,9.9000,9.9800,9.8000,9.9800,9.8600,256853,2530395.0000,3,0.634086,1,1.220000,0
2004-03-11,sh.600070,9.9800,10.1800,9.8900,10.1500,9.9800,307753,3094781.0000,3,0.759741,1,1.700000,0
2004-03-12,sh.600070,10.1800,10.1800,10.0000,10.0200,10.1500,114310,1148440.0000,3,0.282194,1,-1.280000,0
2004-03-15,sh.600070,10.0400,10.2600,10.0200,10.1800,10.0200,237338,2413323.0000,3,0.585910,1,1.600000,0
2004-03-16,sh.600070,10.1700,10.5300,10.1700,10.4700,10.1800,455404,4728740.0000,3,1.124243,1,2.850000,0
2004-03-17,sh.600070,10.4000,10.6500,10.4000,10.5000,10.4700,571000,5996476.0000,3,1.409612,1,0.290000,0
2004-03-18,sh.600070,10.5000,10.6000,10.2200,10.2800,10.5000,237400,2469303.0000,3,0.586063,1,-2.100000,0
2004-03-19,sh.600070,10.2200,10.3800,10.1500,10.2500,10.2800,476273,4865695.0000,3,1.175762,1,-0.290000,0
2004-03-22,sh.600070,10.2800,10.3000,10.1800,10.2400,10.2500,291788,2984511.0000,3,0.720329,1,-0.100000,0
2004-03-23,sh.600070,10.2400,10.2500,10.1900,10.2000,10.2400,276459,2822913.0000,3,0.682487,1,-0.390000,0
2004-03-24,sh.600070,10.4000,10.4000,10.1000,10.1800,10.2000,305365,3116195.0000,3,0.753846,1,-0.200000,0
2004-03-25,sh.600070,10.4000,10.4800,10.2400,10.3000,10.1800,263300,2710299.0000,3,0.650001,1,1.180000,0
2004-03-26,sh.600070,10.3700,10.3700,10.1500,10.1500,10.3000,209940,2154826.0000,3,0.518273,1,-1.460000,0
2004-03-29,sh.600070,10.1700,10.2800,10.1200,10.1900,10.1500,149390,1523178.0000,3,0.368795,1,0.390000,0
2004-03-30,sh.600070,10.1500,10.3500,10.1500,10.3500,10.1900,159374,1637824.0000,3,0.393442,1,1.570000,0
2004-03-31,sh.600070,10.4500,10.5700,10.3500,10.5500,10.3500,352896,3683860.0000,3,0.871185,1,1.930000,0
2004-04-01,sh.600070,10.5500,10.6000,10.3800,10.5500,10.5500,621310,6537138.0000,3,1.533811,1,0.000000,0
2004-04-02,sh.600070,10.5300,10.7000,10.5000,10.6900,10.5500,460037,4880147.0000,3,1.135681,1,1.330000,0
2004-04-05,sh.600070,10.6800,10.8000,10.6600,10.7900,10.6900,452469,4852551.0000,3,1.116998,1,0.940000,0
2004-04-06,sh.600070,10.8500,10.8700,10.7200,10.8000,10.7900,442722,4782570.0000,3,1.092936,1,0.090000,0
2004-04-07,sh.600070,10.7900,10.8000,10.5800,10.6400,10.8000,329405,3510326.0000,3,0.813193,1,-1.480000,0
2004-04-08,sh.600070,10.6300,10.7300,10.5600,10.6600,10.6400,190339,2025001.0000,3,0.469885,1,0.190000,0
2004-04-09,sh.600070,10.7300,10.7600,10.3500,10.3800,10.6600,351002,3697421.0000,3,0.866509,1,-2.630000,0
2004-04-12,sh.600070,10.4000,10.4000,10.2500,10.2700,10.3800,166220,1711960.0000,3,0.410343,1,-1.060000,0
2004-04-13,sh.600070,10.2700,10.4900,10.2000,10.4900,10.2700,404557,4166739.0000,3,0.998719,1,2.140000,0
2004-04-14,sh.600070,10.6400,10.6500,10.2300,10.4000,10.4900,459449,4764002.0000,3,1.134229,1,-0.860000,0
2004-04-15,sh.600070,10.4000,10.4700,10.2100,10.2800,10.4000,538822,5575836.0000,3,1.330175,1,-1.150000,0
2004-04-16,sh.600070,10.2500,10.2500,9.9200,10.1400,10.2800,382215,3856802.0000,3,0.943564,1,-1.360000,0
2004-04-19,sh.600070,10.1900,10.1900,9.9000,9.9900,10.1400,252920,2530257.0000,3,0.624377,1,-1.480000,0
2004-04-20,sh.600070,9.9700,10.1000,9.7500,10.0800,9.9900,239256,2387987.0000,3,0.590645,1,0.900000,0
2004-04-21,sh.600070,10.1200,10.1800,10.0000,10.1000,10.0800,215670,2173978.0000,3,0.532419,1,0.200000,0
2004-04-22,sh.600070,10.0800,10.1400,9.9700,10.1300,10.1000,83139,834583.0000,3,0.205243,1,0.300000,0
2004-04-23,sh.600070,10.0600,10.1300,9.7500,9.8600,10.1300,130000,1290924.0000,3,0.320927,1,-2.670000,0
2004-04-26,sh.600070,9.7000,9.9100,9.7000,9.8900,9.8600,66020,646815.0000,3,0.162982,1,0.300000,0
2004-04-27,sh.600070,9.9000,9.9000,9.5600,9.5900,9.8900,103880,1008271.0000,3,0.256446,1,-3.030000,0
2004-04-28,sh.600070,9.6000,9.6900,9.4200,9.6100,9.5900,107185,1019466.0000,3,0.264605,1,0.210000,0
2004-04-29,sh.600070,9.6100,9.6100,9.6100,9.6100,9.6100,0,0.0000,3,,0,0.000000,0
2004-04-30,sh.600070,9.4700,9.5700,9.3800,9.5100,9.6100,132940,1260506.0000,3,0.328185,1,-1.040000,0
2004-05-10,sh.600070,9.4500,9.4500,9.1300,9.1700,9.5100,69600,642861.0000,3,0.171820,1,-3.580000,0
2004-05-11,sh.600070,9.1800,9.3600,9.1500,9.2100,9.1700,88580,820142.0000,3,0.218675,1,0.440000,0
2004-05-12,sh.600070,9.2100,9.3500,9.2000,9.3000,9.2100,120440,1119127.0000,3,0.297327,1,0.980000,0
2004-05-13,sh.600070,9.3000,9.3500,9.2500,9.2600,9.3000,58190,540290.0000,3,0.143652,1,-0.430000,0
2004-05-14,sh.600070,9.2800,9.3300,9.0300,9.0500,9.2600,101923,929382.0000,3,0.251614,1,-2.270000,0
2004-05-17,sh.600070,9.0400,9.1000,8.9200,9.0800,9.0500,39180,354108.0000,3,0.096723,1,0.330000,0
2004-05-18,sh.600070,9.0600,9.2700,8.9800,9.2600,9.0800,159418,1445096.0000,3,0.393551,1,1.980000,0
2004-05-19,sh.600070,9.2600,9.6800,9.1300,9.4000,9.2600,579378,5468643.0000,3,1.430294,1,1.510000,0
2004-05-20,sh.600070,9.3900,9.3900,9.1600,9.1900,9.4000,60470,557188.0000,3,0.149281,1,-2.230000,0
2004-05-21,sh.600070,9.1300,9.2400,9.1300,9.2300,9.1900,48720,447094.0000,3,0.120274,1,0.440000,0
2004-05-24,sh.600070,9.3700,9.3700,9.1800,9.1800,9.2300,21700,200603.0000,3,0.053570,1,-0.540000,0
2004-05-25,sh.600070,9.2400,9.2400,8.9000,8.9800,9.1800,85500,770733.0000,3,0.211071,1,-2.180000,0
2004-05-26,sh.600070,8.8800,9.0000,8.7800,8.8800,8.9800,178924,1580861.0000,3,0.441705,1,-1.110000,0
2004-05-27,sh.600070,8.8700,9.0800,8.8000,9.0400,8.8800,568459,5087825.0000,3,1.403339,1,1.800000,0
2004-05-28,sh.600070,9.3000,9.4800,9.0300,9.0800,9.0400,731755,6662413.0000,3,1.806463,1,0.440000,0
2004-05-31,sh.600070,9.0500,9.1100,8.9000,9.1000,9.0800,139385,1254349.0000,3,0.344096,1,0.220000,0
2004-06-01,sh.600070,9.0100,9.2600,9.0000,9.1900,9.1000,271370,2485748.0000,3,0.669924,1,0.990000,0
2004-06-02,sh.600070,9.2700,9.2700,9.0800,9.2300,9.1900,320190,2938061.0000,3,0.790444,1,0.440000,0
2004-06-03,sh.600070,9.2300,9.2300,9.0000,9.0900,9.2300,77800,705121.0000,3,0.192063,1,-1.520000,0
2004-06-04,sh.600070,9.0700,9.1400,8.9000,9.0800,9.0900,114150,1027231.0000,3,0.281799,1,-0.110000,0
2004-06-07,sh.600070,9.0700,9.1100,8.8000,8.9400,9.0800,159566,1421698.0000,3,0.393916,1,-1.540000,0
2004-06-08,sh.600070,8.8600,8.9300,8.6800,8.7200,8.9400,111371,976841.0000,3,0.274939,1,-2.460000,0
2004-06-09,sh.600070,8.7000,8.7000,8.3400,8.3500,8.7200,164900,1405571.0000,3,0.407084,1,-4.240000,0
2004-06-10,sh.600070,8.3200,8.3600,8.1400,8.1600,8.3500,130240,1075381.0000,3,0.321520,1,-2.280000,0
2004-06-11,sh.600070,8.1600,8.3900,8.1600,8.2000,8.1600,122700,1014571.0000,3,0.302906,1,0.490000,0
2004-06-14,sh.600070,8.1400,8.2000,7.9200,7.9700,8.2000,95475,768586.0000,3,0.235696,1,-2.800000,0
2004-06-15,sh.600070,7.9500,8.1500,7.8800,8.0200,7.9700,129100,1027468.0000,3,0.318706,1,0.630000,0
2004-06-16,sh.600070,8.0500,8.3800,8.0000,8.0300,8.0200,388693,3165274.0000,3,0.959556,1,0.120000,0
2004-06-17,sh.600070,8.0200,8.1200,8.0000,8.0100,8.0300,287850,2324978.0000,3,0.710607,1,-0.250000,0
2004-06-18,sh.600070,8.0200,8.1000,7.9600,8.0400,8.0100,211890,1696006.0000,3,0.523087,1,0.370000,0
2004-06-21,sh.600070,8.0400,8.0600,7.9600,8.0500,8.0400,431704,3462769.0000,3,1.065736,1,0.120000,0
2004-06-22,sh.600070,6.9300,7.2400,6.7800,7.0200,6.5800,4083915,29029860.0000,3,8.390687,1,6.690000,0
2004-06-23,sh.600070,6.9500,6.9500,6.7500,6.8700,7.0200,1362268,9292980.0000,3,2.798874,1,-2.140000,0
2004-06-24,sh.600070,6.8000,6.9100,6.8000,6.8800,6.8700,800425,5498941.0000,3,1.644529,1,0.150000,0
2004-06-25,sh.600070,6.8500,6.8500,6.4600,6.5400,6.8800,695646,4581425.0000,3,1.429253,1,-4.940000,0
2004-06-28,sh.600070,6.5000,6.7100,6.4600,6.5300,6.5400,418211,2736180.0000,3,0.859244,1,-0.150000,0
2004-06-29,sh.600070,6.7000,6.7000,6.3300,6.6800,6.5300,576841,3758312.0000,3,1.185160,1,2.300000,0
2004-06-30,sh.600070,6.6900,6.7500,6.6300,6.6700,6.6800,2764777,18532794.0000,3,5.680426,1,-0.150000,0
2004-07-01,sh.600070,6.5000,6.7400,6.2900,6.7400,6.6700,1739549,11378553.0000,3,3.574024,1,1.050000,0
2004-07-02,sh.600070,6.6900,6.6900,6.4800,6.6100,6.7400,732469,4813990.0000,3,1.504908,1,-1.930000,0
2004-07-05,sh.600070,6.5500,6.6700,6.5400,6.6000,6.6100,434020,2861185.0000,3,0.891724,1,-0.150000,0
2004-07-06,sh.600070,6.5600,6.6700,6.5600,6.6100,6.6000,390124,2582724.0000,3,0.801537,1,0.150000,0
2004-07-07,sh.600070,6.6000,6.6000,6.4300,6.4400,6.6100,362840,2356204.0000,3,0.745480,1,-2.570000,0
2004-07-08,sh.600070,6.4000,6.4200,6.3500,6.3700,6.4400,241460,1540099.0000,3,0.496096,1,-1.090000,0
2004-07-09,sh.600070,6.4000,6.4600,6.3500,6.3600,6.3700,310628,1987923.0000,3,0.638207,1,-0.160000,0
2004-07-12,sh.600070,6.3200,6.3200,5.9800,5.9900,6.3600,449212,2727997.0000,3,0.922937,1,-5.820000,0
2004-07-13,sh.600070,5.9800,6.0100,5.8000,5.8600,5.9900,360820,2108861.0000,3,0.741330,1,-2.170000,0
2004-07-14,sh.600070,5.8600,5.9100,5.6400,5.8000,5.8600,344752,1977172.0000,3,0.708317,1,-1.020000,0
2004-07-15,sh.600070,5.8000,5.8500,5.7200,5.8000,5.8000,212540,1228936.0000,3,0.436678,1,0.000000,0
2004-07-16,sh.600070,5.8100,6.0300,5.8000,5.9900,5.8000,385867,2282011.0000,3,0.792791,1,3.280000,0
2004-07-19,sh.600070,5.9900,6.0600,5.8500,5.9300,5.9900,271360,1603170.0000,3,0.557528,1,-1.000000,0
2004-07-20,sh.600070,5.9200,5.9200,5.8200,5.8900,5.9300,118871,697311.0000,3,0.244229,1,-0.670000,0
2004-07-21,sh.600070,5.9300,5.9700,5.8500,5.9500,5.8900,176861,1047495.0000,3,0.363373,1,1.020000,0
2004-07-22,sh.600070,5.9700,5.9800,5.7500,5.7900,5.9500,228300,1335758.0000,3,0.469058,1,-2.690000,0
2004-07-23,sh.600070,5.7400,5.7500,5.6800,5.7500,5.7900,137079,781107.0000,3,0.281638,1,-0.690000,0
2004-07-26,sh.600070,5.7400,5.7400,5.5500,5.5600,5.7500,216200,1215910.0000,3,0.444198,1,-3.300000,0
2004-07-27,sh.600070,5.5700,5.6300,5.4800,5.6000,5.5600,123740,684532.0000,3,0.254232,1,0.720000,0
2004-07-28,sh.600070,5.5600,5.6300,5.5200,5.5600,5.6000,135040,751095.0000,3,0.277449,1,-0.710000,0
2004-07-29,sh.600070,5.5500,5.9900,5.5500,5.9700,5.5600,469591,2694781.0000,3,0.964807,1,7.370000,0
2004-07-30,sh.600070,5.9300,5.9400,5.8100,5.8400,5.9700,513149,3010355.0000,3,1.054300,1,-2.180000,0
2004-08-02,sh.600070,5.8400,5.9400,5.8100,5.8700,5.8400,247308,1451845.0000,3,0.508111,1,0.510000,0
2004-08-03,sh.600070,6.0200,6.0200,5.8600,5.9400,5.8700,345300,2040763.0000,3,0.709443,1,1.190000,0
2004-08-04,sh.600070,5.9400,6.1900,5.9300,6.1400,5.9400,903027,5497533.0000,3,1.855332,1,3.370000,0
2004-08-05,sh.600070,6.1400,6.1500,5.9800,6.0200,6.1400,364888,2205631.0000,3,0.749688,1,-1.950000,0
2004-08-06,sh.600070,6.0300,6.0500,5.8800,5.9300,6.0200,145320,861806.0000,3,0.298570,1,-1.500000,0
2004-08-09,sh.600070,5.8900,5.9500,5.8500,5.9100,5.9300,91298,537025.0000,3,0.187578,1,-0.340000,0
2004-08-10,sh.600070,5.8900,5.9300,5.8800,5.9000,5.9100,85200,502311.0000,3,0.175049,1,-0.170000,0
2004-08-11,sh.600070,5.9100,5.9100,5.7000,5.7600,5.9000,127340,739677.0000,3,0.261629,1,-2.370000,0
2004-08-12,sh.600070,5.7600,5.7600,5.6100,5.6500,5.7600,114280,646111.0000,3,0.234796,1,-1.910000,0
2004-08-13,sh.600070,5.6900,5.8000,5.6700,5.6800,5.6500,58140,331542.0000,3,0.119453,1,0.530000,0
2004-08-16,sh.600070,5.6500,5.6800,5.5500,5.6200,5.6800,93404,522998.0000,3,0.191905,1,-1.060000,0
2004-08-17,sh.600070,5.5800,5.5900,5.4500,5.5600,5.6200,113952,630990.0000,3,0.234122,1,-1.070000,0
2004-08-18,sh.600070,5.5500,5.6500,5.5000,5.5400,5.5600,104940,585015.0000,3,0.215607,1,-0.360000,0
2004-08-19,sh.600070,5.5400,5.5500,5.4600,5.4600,5.5400,129800,713892.0000,3,0.266683,1,-1.440000,0
2004-08-20,sh.600070,5.4600,5.4600,5.3000,5.4100,5.4600,178278,956307.0000,3,0.366285,1,-0.920000,0
2004-08-23,sh.600070,5.3000,5.4100,5.3000,5.3400,5.4100,67180,359709.0000,3,0.138026,1,-1.290000,0
2004-08-24,sh.600070,5.3400,5.7000,5.3400,5.6100,5.3400,410510,2301773.0000,3,0.843421,1,5.060000,0
2004-08-25,sh.600070,5.6000,5.6400,5.5100,5.5800,5.6100,161767,900244.0000,3,0.332362,1,-0.530000,0
2004-08-26,sh.600070,5.5800,5.6100,5.5100,5.6100,5.5800,115600,644089.0000,3,0.237508,1,0.540000,0
2004-08-27,sh.600070,5.6100,5.6400,5.4900,5.5000,5.6100,141700,785180.0000,3,0.291132,1,-1.960000,0
2004-08-30,sh.600070,5.5100,5.5200,5.4000,5.4900,5.5000,95046,520184.0000,3,0.195279,1,-0.180000,0
2004-08-31,sh.600070,5.6600,5.7000,5.6000,5.6300,5.4900,228380,1289935.0000,3,0.469223,1,2.550000,0
2004-09-01,sh.600070,5.5800,5.5800,5.5000,5.5000,5.6300,41740,230484.0000,3,0.085758,1,-2.310000,0
2004-09-02,sh.600070,5.5000,5.6800,5.4300,5.6000,5.5000,79127,441947.0000,3,0.162572,1,1.820000,0
2004-09-03,sh.600070,5.6600,5.6600,5.5600,5.6300,5.6000,79993,448789.0000,3,0.164351,1,0.540000,0
2004-09-06,sh.600070,5.6300,5.6900,5.6100,5.6900,5.6300,80036,452104.0000,3,0.164440,1,1.070000,0
2004-09-07,sh.600070,5.6900,5.7000,5.5900,5.6300,5.6900,87200,492273.0000,3,0.179158,1,-1.050000,0
2004-09-08,sh.600070,5.6800,5.6800,5.5300,5.5600,5.6300,130496,725002.0000,3,0.268113,1,-1.240000,0
2004-09-09,sh.600070,5.5500,5.5600,5.4800,5.5000,5.5600,84564,467177.0000,3,0.173743,1,-1.080000,0
2004-09-10,sh.600070,5.5000,5.6000,5.4500,5.5200,5.5000,99370,547053.0000,3,0.204163,1,0.360000,0
2004-09-13,sh.600070,5.5400,5.6800,5.5100,5.6000,5.5200,514180,2888686.0000,3,1.056418,1,1.450000,0
2004-09-14,sh.600070,5.6000,5.8500,5.5800,5.7600,5.6000,622964,3567199.0000,3,1.279923,1,2.860000,0
2004-09-15,sh.600070,5.8000,6.1500,5.7500,6.0600,5.7600,1169853,7008510.0000,3,2.403544,1,5.210000,0
2004-09-16,sh.600070,6.1100,6.1100,5.8800,6.0800,6.0600,711816,4287758.0000,3,1.462475,1,0.330000,0
2004-09-17,sh.600070,6.0800,6.3900,6.0800,6.2500,6.0800,844196,5235405.0000,3,1.734459,1,2.800000,0
2004-09-20,sh.600070,6.2500,6.5300,6.1500,6.5000,6.2500,1333771,8415712.0000,3,2.740325,1,4.000000,0
2004-09-21,sh.600070,6.5200,6.5900,6.3200,6.3900,6.5000,803752,5150864.0000,3,1.651364,1,-1.690000,0
2004-09-22,sh.600070,6.3700,6.4700,6.1000,6.2200,6.3900,833526,5187339.0000,3,1.712537,1,-2.660000,0
2004-09-23,sh.600070,6.2200,6.3000,6.0500,6.2900,6.2200,504138,3122901.0000,3,1.035786,1,1.130000,0
2004-09-24,sh.600070,6.3500,6.3600,6.1000,6.1000,6.2900,1080196,6725011.0000,3,2.219338,1,-3.020000,0
2004-09-27,sh.600070,6.1000,6.1800,5.9700,6.0900,6.1000,539692,3279344.0000,3,1.108835,1,-0.160000,0
2004-09-28,sh.600070,6.0900,6.1300,6.0300,6.1000,6.0900,384881,2346498.0000,3,0.790765,1,0.160000,0
2004-09-29,sh.600070,6.1500,6.1500,6.0000,6.0300,6.1000,221159,1335208.0000,3,0.454387,1,-1.150000,0
2004-09-30,sh.600070,6.0300,6.0300,5.8600,5.8800,6.0300,233240,1388731.0000,3,0.479208,1,-2.490000,0
2004-10-08,sh.600070,5.9000,6.1500,5.8300,6.1100,5.8800,213154,1270995.0000,3,0.437940,1,3.910000,0
2004-10-11,sh.600070,6.1200,6.1800,5.9800,6.0200,6.1100,465552,2837161.0000,3,0.956509,1,-1.470000,0
2004-10-12,sh.600070,6.0000,6.0200,5.9100,5.9200,6.0200,173560,1034084.0000,3,0.356591,1,-1.660000,0
2004-10-13,sh.600070,5.9100,6.1400,5.9100,6.1300,5.9200,514711,3077706.0000,3,1.057509,1,3.550000,0
2004-10-14,sh.600070,6.1200,6.1400,5.7200,5.8600,6.1300,1323737,7984113.0000,3,2.719709,1,-4.400000,0
2004-10-15,sh.600070,5.8600,5.9100,5.6000,5.7400,5.8600,251256,1429613.0000,3,0.516223,1,-2.050000,0
2004-10-18,sh.600070,5.7400,5.7400,5.7400,5.7400,5.7400,0,0.0000,3,,0,0.000000,0
2004-10-19,sh.600070,5.9500,5.9900,5.7500,5.9800,5.7400,421000,2458593.0000,3,0.864974,1,4.180000,0
2004-10-20,sh.600070,5.9800,5.9800,5.7000,5.8600,5.9800,388338,2260437.0000,3,0.797867,1,-2.010000,0
2004-10-21,sh.600070,5.8600,5.8600,5.6500,5.8400,5.8600,256408,1471392.0000,3,0.526808,1,-0.340000,0
2004-10-22,sh.600070,5.8100,5.9800,5.5300,5.9400,5.8400,601204,3463259.0000,3,1.235215,1,1.710000,0
2004-10-25,sh.600070,5.9200,6.0200,5.8800,6.0000,5.9400,1660840,9915123.0000,3,3.412311,1,1.010000,0
2004-10-26,sh.600070,5.9700,6.0000,5.7500,5.9800,6.0000,442617,2593565.0000,3,0.909387,1,-0.330000,0
2004-10-27,sh.600070,5.9700,6.0800,5.8500,6.0200,5.9800,493078,2952385.0000,3,1.013063,1,0.670000,0
2004-10-28,sh.600070,6.0300,6.3000,6.0100,6.0300,6.0200,1057346,6520247.0000,3,2.172391,1,0.170000,0
2004-10-29,sh.600070,6.0100,6.2000,5.7800,6.1000,6.0300,1753471,10650443.0000,3,3.602628,1,1.160000,0
2004-11-01,sh.600070,6.0900,6.1000,5.8800,5.9200,6.1000,407940,2451083.0000,3,0.838141,1,-2.950000,0
2004-11-02,sh.600070,5.8500,5.9100,5.7300,5.8600,5.9200,393967,2278694.0000,3,0.809433,1,-1.010000,0
2004-11-03,sh.600070,5.8500,5.9800,5.7800,5.9200,5.8600,483064,2847048.0000,3,0.992488,1,1.020000,0
2004-11-04,sh.600070,5.9200,6.0000,5.6100,5.7000,5.9200,458236,2662394.0000,3,0.941478,1,-3.720000,0
2004-11-05,sh.600070,5.7200,5.7800,5.5600,5.5900,5.7000,476100,2682468.0000,3,0.978180,1,-1.930000,0
2004-11-08,sh.600070,5.5500,5.6600,5.5300,5.6100,5.5900,199122,1110951.0000,3,0.409110,1,0.360000,0
2004-11-09,sh.600070,5.6000,5.6800,5.6000,5.6700,5.6100,132732,748810.0000,3,0.272707,1,1.070000,0
2004-11-10,sh.600070,5.6600,5.9000,5.6000,5.8500,5.6700,361127,2086465.0000,3,0.741960,1,3.170000,0
2004-11-11,sh.600070,5.8400,5.9300,5.7600,5.7600,5.8500,623824,3653057.0000,3,1.281690,1,-1.540000,0
2004-11-12,sh.600070,5.7200,5.8000,5.6000,5.6900,5.7600,361412,2063303.0000,3,0.742546,1,-1.220000,0
2004-11-15,sh.600070,5.6500,5.8000,5.6500,5.7900,5.6900,312724,1790905.0000,3,0.642513,1,1.760000,0
2004-11-16,sh.600070,5.8000,5.8300,5.7500,5.7900,5.7900,217550,1259159.0000,3,0.446972,1,0.000000,0
2004-11-17,sh.600070,5.7600,5.7900,5.6900,5.7000,5.7900,162135,926060.0000,3,0.333118,1,-1.550000,0
2004-11-18,sh.600070,5.7000,5.8000,5.6900,5.7900,5.7000,201516,1156802.0000,3,0.414029,1,1.580000,0
2004-11-19,sh.600070,5.8000,5.9900,5.7900,5.9900,5.7900,719792,4252384.0000,3,1.478863,1,3.450000,0
2004-11-22,sh.600070,6.0000,6.0700,5.8600,6.0400,5.9900,504871,3029416.0000,3,1.037292,1,0.830000,0
2004-11-23,sh.600070,6.0300,6.0600,5.9000,5.9900,6.0400,477155,2846235.0000,3,0.980348,1,-0.830000,0
2004-11-24,sh.600070,5.9700,5.9800,5.8500,5.8700,5.9900,352990,2094239.0000,3,0.725242,1,-2.000000,0
2004-11-25,sh.600070,5.8800,6.2600,5.8800,6.1900,5.8700,2415912,14850063.0000,3,4.963659,1,5.450000,0
2004-11-26,sh.600070,6.1200,6.1900,6.0300,6.1000,6.1900,761305,4654204.0000,3,1.564154,1,-1.450000,0
2004-11-29,sh.600070,6.1000,6.1500,5.9800,6.0200,6.1000,601164,3627557.0000,3,1.235133,1,-1.310000,0
2004-11-30,sh.600070,6.0100,6.0300,5.8800,6.0000,6.0200,382592,2270909.0000,3,0.786062,1,-0.330000,0
2004-12-01,sh.600070,5.9200,6.0000,5.9000,5.9900,6.0000,279381,1658342.0000,3,0.574008,1,-0.170000,0
2004-12-02,sh.600070,5.9500,6.1200,5.8800,6.1100,5.9900,484988,2913613.0000,3,0.996441,1,2.000000,0
2004-12-03,sh.600070,6.1100,6.2000,6.0100,6.1000,6.1100,584530,3576202.0000,3,1.200957,1,-0.160000,0
2004-12-06,sh.600070,6.0800,6.1400,6.0300,6.1400,6.1000,259070,1576431.0000,3,0.532277,1,0.660000,0
2004-12-07,sh.600070,6.1300,6.1500,5.9100,5.9200,6.1400,283258,1708023.0000,3,0.581973,1,-3.580000,0
2004-12-08,sh.600070,5.9400,5.9800,5.9000,5.9700,5.9200,213300,1266655.0000,3,0.438240,1,0.840000,0
2004-12-09,sh.600070,5.9700,6.0500,5.9200,6.0100,5.9700,296323,1777981.0000,3,0.608816,1,0.670000,0
2004-12-10,sh.600070,6.0300,6.0300,5.7400,5.7400,6.0100,417000,2434750.0000,3,0.856755,1,-4.490000,0
2004-12-13,sh.600070,5.7600,5.7900,5.6400,5.7300,5.7400,148392,845596.0000,3,0.304882,1,-0.170000,0
2004-12-14,sh.600070,5.7200,5.7200,5.6700,5.7000,5.7300,107121,610538.0000,3,0.220088,1,-0.520000,0
2004-12-15,sh.600070,5.6600,5.7300,5.6100,5.6600,5.7000,177668,1004185.0000,3,0.365031,1,-0.700000,0
2004-12-16,sh.600070,5.6100,5.6800,5.5400,5.5600,5.6600,198280,1109337.0000,3,0.407380,1,-1.770000,0
2004-12-17,sh.600070,5.5600,5.5600,5.4500,5.4800,5.5600,168000,922121.0000,3,0.345168,1,-1.440000,0
2004-12-20,sh.600070,5.4500,5.5400,5.4000,5.5100,5.4800,63252,346087.0000,3,0.129956,1,0.550000,0
2004-12-21,sh.600070,5.4800,5.5600,5.4500,5.4600,5.5100,74000,407256.0000,3,0.152038,1,-0.910000,0
2004-12-22,sh.600070,5.4800,5.6300,5.4800,5.6000,5.4600,263095,1460552.0000,3,0.540547,1,2.560000,0
2004-12-23,sh.600070,5.5800,5.5900,5.3500,5.3700,5.6000,189400,1046165.0000,3,0.389135,1,-4.110000,0
2004-12-24,sh.600070,5.4100,5.5100,5.3700,5.4000,5.3700,196828,1065116.0000,3,0.404397,1,0.560000,0
2004-12-27,sh.600070,5.4000,5.5000,5.3700,5.4100,5.4000,110200,594142.0000,3,0.226414,1,0.190000,0
2004-12-28,sh.600070,5.4100,5.5100,5.3900,5.4200,5.4100,96670,526452.0000,3,0.198615,1,0.180000,0
2004-12-29,sh.600070,5.4500,5.6000,5.3600,5.5500,5.4200,1293064,7125462.0000,3,2.656690,1,2.400000,0
2004-12-30,sh.600070,5.4800,5.5800,5.3900,5.4300,5.5500,238908,1307154.0000,3,0.490853,1,-2.160000,0
2004-12-31,sh.600070,5.4400,5.4600,5.0300,5.0900,5.4300,647920,3340746.0000,3,1.331197,1,-6.260000,0
2005-01-04,sh.600070,5.0600,5.0900,4.9800,4.9900,5.0900,190999,958198.0000,3,0.392421,1,-1.960000,0
2005-01-05,sh.600070,4.9900,5.1100,4.9800,5.0500,4.9900,146756,738439.0000,3,0.301520,1,1.200000,0
2005-01-06,sh.600070,5.0000,5.0200,4.8600,4.9200,5.0500,252465,1241580.0000,3,0.518707,1,-2.570000,0
2005-01-07,sh.600070,4.8800,5.0100,4.8800,4.9300,4.9200,192494,950904.0000,3,0.395492,1,0.200000,0
2005-01-10,sh.600070,4.9400,5.0300,4.9300,5.0000,4.9300,132717,663147.0000,3,0.272676,1,1.420000,0
2005-01-11,sh.600070,5.0000,5.0800,4.9800,5.0700,5.0000,124551,624640.0000,3,0.255899,1,1.400000,0
2005-01-12,sh.600070,5.0700,5.0700,5.0000,5.0500,5.0700,113436,569183.0000,3,0.233062,1,-0.390000,0
2005-01-13,sh.600070,5.0200,5.0600,4.9800,5.0100,5.0500,178600,895365.0000,3,0.366946,1,-0.790000,0
2005-01-14,sh.600070,5.0200,5.0600,4.9700,5.0000,5.0100,153620,770363.0000,3,0.315623,1,-0.200000,0
2005-01-17,sh.600070,4.9000,4.9800,4.8300,4.8400,5.0000,188856,921771.0000,3,0.388018,1,-3.200000,0
2005-01-18,sh.600070,4.8300,5.0000,4.8300,4.9900,4.8400,142976,701490.0000,3,0.293754,1,3.100000,0
2005-01-19,sh.600070,4.9800,4.9900,4.9000,4.9700,4.9900,95750,473919.0000,3,0.196725,1,-0.400000,0
2005-01-20,sh.600070,4.9800,5.0000,4.8500,4.9600,4.9700,112900,554943.0000,3,0.231961,1,-0.200000,0
2005-01-21,sh.600070,4.8700,5.0800,4.8300,5.0500,4.9600,279297,1388582.0000,3,0.573835,1,1.810000,0
2005-01-24,sh.600070,5.2000,5.2000,5.0500,5.1200,5.0500,293994,1501483.0000,3,0.604031,1,1.390000,0
2005-01-25,sh.600070,5.1000,5.1000,4.9800,5.0400,5.1200,171310,858200.0000,3,0.351968,1,-1.560000,0
2005-01-26,sh.600070,5.0400,5.0400,4.8800,4.9200,5.0400,259245,1283398.0000,3,0.532637,1,-2.380000,0
2005-01-27,sh.600070,4.9000,4.9500,4.8300,4.8800,4.9200,141200,689712.0000,3,0.290105,1,-0.810000,0
2005-01-28,sh.600070,4.8600,4.8800,4.7300,4.7400,4.8800,165859,797166.0000,3,0.340769,1,-2.870000,0
2005-01-31,sh.600070,4.6500,4.6900,4.5000,4.5500,4.7400,254510,1170078.0000,3,0.522908,1,-4.010000,0
2005-02-01,sh.600070,4.5100,4.5900,4.4500,4.4700,4.5500,149416,677439.0000,3,0.306986,1,-1.760000,0
2005-02-02,sh.600070,4.5700,4.7400,4.5000,4.7000,4.4700,222094,1027487.0000,3,0.456308,1,5.150000,0
2005-02-03,sh.600070,4.6800,4.7200,4.5500,4.5600,4.7000,212762,990270.0000,3,0.437134,1,-2.980000,0
2005-02-04,sh.600070,4.5600,4.6800,4.5600,4.6700,4.5600,158862,734287.0000,3,0.326393,1,2.410000,0
2005-02-16,sh.600070,4.7100,4.8800,4.6900,4.7600,4.6700,189032,900355.0000,3,0.388379,1,1.930000,0
2005-02-17,sh.600070,4.7600,4.8000,4.7000,4.7800,4.7600,149556,707842.0000,3,0.307273,1,0.420000,0
2005-02-18,sh.600070,4.7300,4.7600,4.6500,4.6700,4.7800,90914,427792.0000,3,0.186789,1,-2.300000,0
2005-02-21,sh.600070,4.6700,4.8300,4.6700,4.8200,4.6700,199276,949483.0000,3,0.409426,1,3.210000,0
2005-02-22,sh.600070,4.8000,4.9200,4.7600,4.9100,4.8200,324618,1581063.0000,3,0.666950,1,1.870000,0
2005-02-23,sh.600070,4.9000,5.0300,4.8500,4.9800,4.9100,395721,1960606.0000,3,0.813036,1,1.430000,0
2005-02-24,sh.600070,4.9500,5.0300,4.9100,5.0000,4.9800,248990,1239805.0000,3,0.511567,1,0.400000,0
2005-02-25,sh.600070,5.0200,5.0600,4.9800,4.9900,5.0000,379535,1905490.0000,3,0.779781,1,-0.200000,0
2005-02-28,sh.600070,4.9900,5.0100,4.9100,4.9500,4.9900,303326,1500939.0000,3,0.623204,1,-0.800000,0
2005-03-01,sh.600070,4.9300,4.9900,4.9000,4.9400,4.9500,196362,968562.0000,3,0.403439,1,-0.200000,0
2005-03-02,sh.600070,4.9100,5.0200,4.9100,4.9400,4.9400,302510,1505580.0000,3,0.621528,1,0.000000,0
2005-03-03,sh.600070,4.9500,5.2500,4.9500,5.1400,4.9400,1026311,5257305.0000,3,2.108627,1,4.050000,0
2005-03-04,sh.600070,5.1100,5.1400,5.0000,5.0300,5.1400,346600,1749125.0000,3,0.712114,1,-2.140000,0
2005-03-07,sh.600070,5.0800,5.0900,5.0300,5.0700,5.0300,158450,801471.0000,3,0.325547,1,0.800000,0
2005-03-08,sh.600070,5.1000,5.1500,5.0300,5.1500,5.0700,381894,1943921.0000,3,0.784628,1,1.580000,0
2005-03-09,sh.600070,5.1400,5.1600,5.0600,5.1000,5.1500,314550,1605839.0000,3,0.646265,1,-0.970000,0
2005-03-10,sh.600070,5.0900,5.0900,4.9100,4.9300,5.1000,251579,1265548.0000,3,0.516887,1,-3.330000,0
2005-03-11,sh.600070,4.9400,4.9400,4.8600,4.9000,4.9300,209586,1027327.0000,3,0.430609,1,-0.610000,0
2005-03-14,sh.600070,4.9000,4.9900,4.8800,4.9200,4.9000,253948,1249320.0000,3,0.521754,1,0.410000,0
2005-03-15,sh.600070,4.8600,4.9800,4.8600,4.9800,4.9200,213888,1047981.0000,3,0.439448,1,1.220000,0
2005-03-16,sh.600070,4.9900,5.0600,4.8700,4.8900,4.9800,679684,3394397.0000,3,1.396458,1,-1.810000,0
2005-03-17,sh.600070,4.8700,4.8700,4.6800,4.7100,4.8900,304420,1444314.0000,3,0.625452,1,-3.680000,0
2005-03-18,sh.600070,4.6600,4.7100,4.5600,4.5800,4.7100,186512,863438.0000,3,0.383202,1,-2.760000,0
2005-03-21,sh.600070,4.5100,4.6200,4.5100,4.6100,4.5800,84780,389435.0000,3,0.174186,1,0.660000,0
2005-03-22,sh.600070,4.6100,4.6100,4.4100,4.5700,4.6100,181627,815252.0000,3,0.373165,1,-0.870000,0
2005-03-23,sh.600070,4.5500,4.5500,4.4300,4.4400,4.5700,158315,708827.0000,3,0.325269,1,-2.840000,0
2005-03-24,sh.600070,4.4300,4.5000,4.4300,4.4600,4.4400,92886,413417.0000,3,0.190841,1,0.450000,0
2005-03-25,sh.600070,4.4600,4.5200,4.4600,4.4800,4.4600,70008,314398.0000,3,0.143836,1,0.450000,0
2005-03-28,sh.600070,4.4800,4.5300,4.4200,4.4700,4.4800,104538,465576.0000,3,0.214781,1,-0.220000,0
2005-03-29,sh.600070,4.4500,4.5400,4.4500,4.4700,4.4700,75700,340208.0000,3,0.155531,1,0.000000,0
2005-03-30,sh.600070,4.4700,4.4700,4.2800,4.2900,4.4700,161280,702551.0000,3,0.331361,1,-4.030000,0
2005-03-31,sh.600070,4.3100,4.3300,4.2000,4.2900,4.2900,81380,348381.0000,3,0.167201,1,0.000000,0
2005-04-01,sh.600070,4.3800,4.5100,4.2400,4.4000,4.2900,204857,897397.0000,3,0.420893,1,2.560000,0
2005-04-04,sh.600070,4.3800,4.3800,4.3100,4.3300,4.4000,95100,412889.0000,3,0.195390,1,-1.590000,0
2005-04-05,sh.600070,4.3100,4.4200,4.3100,4.3500,4.3300,57070,248875.0000,3,0.117254,1,0.460000,0
2005-04-06,sh.600070,4.3400,4.4000,4.2500,4.4000,4.3500,127250,553842.0000,3,0.261444,1,1.150000,0
2005-04-07,sh.600070,4.4000,4.5100,4.4000,4.4900,4.4000,260678,1167166.0000,3,0.535581,1,2.050000,0
2005-04-08,sh.600070,4.5000,4.6000,4.4300,4.5900,4.4900,250039,1135765.0000,3,0.513722,1,2.230000,0
2005-04-11,sh.600070,4.5500,4.6200,4.4700,4.5300,4.5900,274416,1247018.0000,3,0.563807,1,-1.310000,0
2005-04-12,sh.600070,4.5000,4.5200,4.4000,4.4900,4.5300,251403,1118988.0000,3,0.516525,1,-0.880000,0
2005-04-13,sh.600070,4.3000,4.6600,4.3000,4.5400,4.4900,254568,1154215.0000,3,0.523028,1,1.110000,0
2005-04-14,sh.600070,4.5700,4.6100,4.4300,4.4900,4.5400,211317,955422.0000,3,0.434165,1,-1.100000,0
2005-04-15,sh.600070,4.4200,4.4900,4.3400,4.3900,4.4900,208437,914496.0000,3,0.428248,1,-2.230000,0
2005-04-18,sh.600070,4.3800,4.3800,4.1500,4.2100,4.3900,204233,862872.0000,3,0.419611,1,-4.100000,0
2005-04-19,sh.600070,4.1100,4.2600,4.1000,4.1600,4.2100,168380,697624.0000,3,0.345948,1,-1.190000,0
2005-04-20,sh.600070,4.1800,4.1800,4.0800,4.1000,4.1600,75598,310806.0000,3,0.155321,1,-1.440000,0
2005-04-21,sh.600070,4.0300,4.1000,3.9500,4.0000,4.1000,202040,809207.0000,3,0.415105,1,-2.440000,0
2005-04-22,sh.600070,3.9900,3.9900,3.8500,3.9000,4.0000,168710,660615.0000,3,0.346626,1,-2.500000,0
2005-04-25,sh.600070,3.8800,4.0500,3.7900,4.0300,3.9000,300081,1155561.0000,3,0.616537,1,3.330000,0
2005-04-26,sh.600070,3.9900,4.0500,3.9100,4.0300,4.0300,198073,791734.0000,3,0.406955,1,0.000000,0
2005-04-27,sh.600070,4.0300,4.0500,3.8800,3.9200,4.0300,129978,517126.0000,3,0.267049,1,-2.730000,0
2005-04-28,sh.600070,3.9600,4.0700,3.8500,4.0300,3.9200,157045,623796.0000,3,0.322660,1,2.810000,0
2005-04-29,sh.600070,4.0400,4.0400,3.9300,3.9600,4.0300,125800,502480.0000,3,0.258465,1,-1.740000,0
2005-05-09,sh.600070,4.0800,4.1500,3.8300,3.8500,3.9600,104546,407362.0000,3,0.214797,1,-2.780000,0
2005-05-10,sh.600070,3.8500,3.8700,3.7200,3.8300,3.8500,141040,535013.0000,3,0.289776,1,-0.520000,0
2005-05-11,sh.600070,3.7900,3.8600,3.7800,3.8100,3.8300,153200,584944.0000,3,0.314760,1,-0.520000,0
2005-05-12,sh.600070,3.8500,3.8500,3.6700,3.7100,3.8100,496247,1842312.0000,3,1.019574,1,-2.620000,0
2005-05-13,sh.600070,3.7100,3.7100,3.7100,3.7100,3.7100,0,0.0000,3,,0,0.000000,0
2005-05-16,sh.600070,3.7100,3.7100,3.7100,3.7100,3.7100,0,0.0000,3,,0,0.000000,0
2005-05-17,sh.600070,3.7100,4.0400,3.6800,3.8900,3.7100,842165,3277837.0000,3,1.730286,1,4.850000,0
2005-05-18,sh.600070,3.8500,4.0800,3.8500,4.0800,3.8900,867727,3457855.0000,3,1.782805,1,4.880000,0
2005-05-19,sh.600070,4.0700,4.0900,3.9700,4.0800,4.0800,399624,1610313.0000,3,0.821055,1,0.000000,0
2005-05-20,sh.600070,4.0700,4.0800,4.0100,4.0300,4.0800,312200,1264240.0000,3,0.641437,1,-1.230000,0
2005-05-23,sh.600070,3.9600,4.1400,3.8300,4.0900,4.0300,968946,3902596.0000,3,1.990767,1,1.490000,0
2005-05-24,sh.600070,3.9500,4.1500,3.9500,4.1400,4.0900,474307,1933935.0000,3,0.974497,1,1.220000,0
2005-05-25,sh.600070,4.1000,4.1200,4.0000,4.0700,4.1400,260680,1060288.0000,3,0.535585,1,-1.690000,0
2005-05-26,sh.600070,4.0600,4.1000,4.0000,4.0500,4.0700,185360,749473.0000,3,0.380835,1,-0.490000,0
2005-05-27,sh.600070,4.0400,4.1600,3.9800,4.0900,4.0500,393584,1609988.0000,3,0.808646,1,0.990000,0
2005-05-30,sh.600070,4.0900,4.2800,4.0300,4.2300,4.0900,542679,2283734.0000,3,1.114972,1,3.420000,0
2005-05-31,sh.600070,4.2800,4.2800,4.1500,4.1900,4.2300,284227,1195933.0000,3,0.583964,1,-0.950000,0
2005-06-01,sh.600070,4.1900,4.1900,4.0000,4.0400,4.1900,401700,1632010.0000,3,0.825321,1,-3.580000,0
2005-06-02,sh.600070,4.0400,4.0500,3.9000,4.0200,4.0400,428299,1704823.0000,3,0.879970,1,-0.500000,0
2005-06-03,sh.600070,4.0200,4.0600,3.9700,4.0600,4.0200,251814,1015017.0000,3,0.517369,1,1.000000,0
2005-06-06,sh.600070,4.0600,4.0800,3.9200,4.0200,4.0600,252040,1003186.0000,3,0.517834,1,-0.990000,0
2005-06-07,sh.600070,3.9900,4.0900,3.9900,4.0600,4.0200,286740,1164417.0000,3,0.589127,1,1.000000,0
2005-06-08,sh.600070,4.0800,4.3600,4.0600,4.3400,4.0600,932741,3981242.0000,3,1.916381,1,6.900000,0
2005-06-09,sh.600070,4.3100,4.4000,4.2600,4.3200,4.3400,528702,2288963.0000,3,1.086255,1,-0.460000,0
2005-06-10,sh.600070,4.3500,4.5000,4.3500,4.4200,4.3200,1033047,4569882.0000,3,2.122467,1,2.310000,0
2005-06-13,sh.600070,4.4400,4.5500,4.3500,4.3900,4.4200,663458,2939372.0000,3,1.363120,1,-0.680000,0
2005-06-14,sh.600070,4.4400,4.4400,4.2100,4.2600,4.3900,609960,2623639.0000,3,1.253205,1,-2.960000,0
2005-06-15,sh.600070,4.2100,4.3400,4.1200,4.1400,4.2600,269919,1129521.0000,3,0.554567,1,-2.820000,0
2005-06-16,sh.600070,4.1100,4.2600,4.0900,4.2400,4.1400,215292,906086.0000,3,0.442332,1,2.420000,0
2005-06-17,sh.600070,4.2000,4.2600,4.1800,4.2300,4.2400,157499,667173.0000,3,0.323593,1,-0.240000,0
2005-06-20,sh.600070,4.2100,4.3600,4.2000,4.3500,4.2300,202484,872191.0000,3,0.416017,1,2.840000,0
2005-06-21,sh.600070,4.3800,4.3800,4.2600,4.3100,4.3500,186168,799634.0000,3,0.382495,1,-0.920000,0
2005-06-22,sh.600070,4.3000,4.3000,4.1500,4.2500,4.3100,300118,1266357.0000,3,0.616613,1,-1.390000,0
2005-06-23,sh.600070,4.2500,4.2700,4.1700,4.2200,4.2500,226058,952703.0000,3,0.464452,1,-0.710000,0
2005-06-24,sh.600070,4.2000,4.2600,4.2000,4.2400,4.2200,122408,518403.0000,3,0.251496,1,0.470000,0
2005-06-27,sh.600070,4.3100,4.4000,4.2700,4.3400,4.2400,396435,1723117.0000,3,0.814503,1,2.360000,0
2005-06-28,sh.600070,4.3300,4.3300,4.2400,4.2600,4.3400,262680,1124938.0000,3,0.539694,1,-1.840000,0
2005-06-29,sh.600070,4.3000,4.3000,4.2200,4.2200,4.2600,112400,477067.0000,3,0.230934,1,-0.940000,0
2005-06-30,sh.600070,4.2000,4.2800,4.0800,4.1000,4.2200,220940,919973.0000,3,0.453937,1,-2.840000,0
2005-07-01,sh.600070,4.0900,4.1600,3.9500,3.9600,4.1000,170800,688473.0000,3,0.350920,1,-3.410000,0
2005-07-04,sh.600070,3.8800,3.9800,3.7500,3.8300,3.9600,142219,543502.0000,3,0.292199,1,-3.280000,0
2005-07-05,sh.600070,3.8300,3.8500,3.7700,3.8100,3.8300,28588,109033.0000,3,0.058736,1,-0.520000,0
2005-07-06,sh.600070,3.8900,3.9000,3.7900,3.8200,3.8100,68184,261308.0000,3,0.140089,1,0.260000,0
2005-07-07,sh.600070,3.9000,3.9000,3.8100,3.8600,3.8200,44580,172015.0000,3,0.091593,1,1.050000,0
2005-07-08,sh.600070,3.7800,3.7800,3.5500,3.5700,3.7600,106640,386120.0000,3,0.219099,1,-5.050000,0
2005-07-11,sh.600070,3.5700,3.6800,3.5500,3.6000,3.5700,82000,295511.0000,3,0.168475,1,0.840000,0
2005-07-12,sh.600070,3.6000,3.7200,3.5200,3.7100,3.6000,142682,520576.0000,3,0.293150,1,3.060000,0
2005-07-13,sh.600070,3.7200,3.7200,3.6200,3.6400,3.7100,77579,283306.0000,3,0.159391,1,-1.890000,0
2005-07-14,sh.600070,3.6700,3.7100,3.6000,3.6100,3.6400,142540,520716.0000,3,0.292858,1,-0.820000,0
2005-07-15,sh.600070,3.5500,3.6800,3.4400,3.4600,3.6100,196400,693843.0000,3,0.403517,1,-4.160000,0
2005-07-18,sh.600070,3.4100,3.4500,3.2200,3.3200,3.4600,167447,563187.0000,3,0.344031,1,-4.050000,0
2005-07-19,sh.600070,3.2600,3.3800,3.0800,3.3700,3.3200,286260,952115.0000,3,0.588141,1,1.510000,0
2005-07-20,sh.600070,3.3500,3.3500,3.2300,3.2900,3.3700,240398,788920.0000,3,0.493914,1,-2.370000,0
2005-07-21,sh.600070,3.2800,3.2800,3.1300,3.2500,3.2900,233240,752556.0000,3,0.479208,1,-1.220000,0
2005-07-22,sh.600070,3.2100,3.3700,3.2100,3.3400,3.2500,756496,2499482.0000,3,1.554274,1,2.770000,0
2005-07-25,sh.600070,3.2500,3.2700,3.0500,3.2700,3.3400,440776,1419488.0000,3,0.905605,1,-2.100000,0
2005-07-26,sh.600070,3.2900,3.4100,3.2700,3.4000,3.2700,564001,1890397.0000,3,1.158779,1,3.980000,0
2005-07-27,sh.600070,3.4300,3.4800,3.3600,3.4700,3.4000,387961,1322162.0000,3,0.797093,1,2.060000,0
2005-07-28,sh.600070,3.4600,3.5500,3.4100,3.4800,3.4700,601726,2100994.0000,3,1.236288,1,0.290000,0
2005-07-29,sh.600070,3.4800,3.5000,3.3700,3.4400,3.4800,348563,1195788.0000,3,0.716147,1,-1.150000,0
2005-08-01,sh.600070,3.4400,3.4700,3.4000,3.4400,3.4400,413632,1419037.0000,3,0.849836,1,0.000000,0
2005-08-02,sh.600070,3.4600,3.5400,3.3700,3.5300,3.4400,815621,2794507.0000,3,1.675750,1,2.616277,0
2005-08-03,sh.600070,3.5300,3.6600,3.5100,3.5700,3.5300,1062776,3812733.0000,3,2.183547,1,1.133143,0
2005-08-04,sh.600070,3.5300,3.5700,3.5000,3.5200,3.5700,352901,1244452.0000,3,0.725060,1,-1.400559,0
2005-08-05,sh.600070,3.5200,3.6300,3.5200,3.6200,3.5200,571266,2053114.0000,3,1.173706,1,2.840906,0
2005-08-08,sh.600070,3.6400,3.8000,3.6200,3.6600,3.6200,940061,3475490.0000,3,1.931421,1,1.104978,0
2005-08-09,sh.600070,3.6600,3.7700,3.6400,3.7500,3.6600,512543,1896742.0000,3,1.053055,1,2.459014,0
2005-08-10,sh.600070,3.7500,3.8200,3.6500,3.7600,3.7500,647671,2419812.0000,3,1.330685,1,0.266666,0
2005-08-11,sh.600070,3.8000,3.8500,3.7300,3.8100,3.7600,1134035,4305888.0000,3,2.329954,1,1.329786,0
2005-08-12,sh.600070,3.8100,3.9000,3.7300,3.7300,3.8100,1416489,5430971.0000,3,2.910275,1,-2.099735,0
2005-08-15,sh.600070,3.7300,3.8600,3.6800,3.8500,3.7300,802209,3023388.0000,3,1.648194,1,3.217155,0
2005-08-16,sh.600070,3.8600,4.0000,3.8500,3.8800,3.8500,1025155,4024908.0000,3,2.106252,1,0.779226,0
2005-08-17,sh.600070,3.8500,4.0000,3.7200,3.9700,3.8800,997186,3871411.0000,3,2.048788,1,2.319585,0
2005-08-18,sh.600070,3.9700,4.1800,3.8200,3.8300,3.9700,2034374,8168990.0000,3,4.179762,1,-3.526451,0
2005-08-19,sh.600070,3.5000,3.8900,3.5000,3.8200,3.8300,783920,2948187.0000,3,1.610618,1,-0.261096,0
2005-08-22,sh.600070,3.7200,3.8800,3.7200,3.8600,3.8200,403660,1543176.0000,3,0.829347,1,1.047119,0
2005-08-23,sh.600070,3.8300,3.8400,3.7000,3.7700,3.8600,451649,1704618.0000,3,0.927944,1,-2.331604,0
2005-08-24,sh.600070,3.8000,3.8400,3.7500,3.8300,3.7700,511756,1944134.0000,3,1.051438,1,1.591511,0
2005-08-25,sh.600070,3.8100,3.8500,3.7800,3.8400,3.8300,319132,1218064.0000,3,0.655679,1,0.261096,0
2005-08-26,sh.600070,3.8600,3.9700,3.8100,3.8800,3.8400,617365,2398085.0000,3,1.268419,1,1.041672,0
2005-08-29,sh.600070,3.8800,4.0500,3.8600,4.0100,3.8800,1602683,6362632.0000,3,3.292823,1,3.350518,0
2005-08-30,sh.600070,4.0200,4.0200,3.9000,3.9300,4.0100,568389,2236629.0000,3,1.167795,1,-1.995016,0
2005-08-31,sh.600070,3.9000,4.0100,3.8100,4.0000,3.9300,600636,2375778.0000,3,1.234048,1,1.781169,0
2005-09-01,sh.600070,3.9900,4.1300,3.9400,4.1000,4.0000,1447069,5884665.0000,3,2.973104,1,2.499998,0
2005-09-02,sh.600070,4.0500,4.1200,4.0200,4.0900,4.1000,779776,3169220.0000,3,1.602104,1,-0.243896,0
2005-09-05,sh.600070,4.0100,4.1700,4.0100,4.1300,4.0900,838015,3448339.0000,3,1.721760,1,0.977994,0
2005-09-06,sh.600070,4.1500,4.2600,3.9900,4.0000,4.1300,1636722,6804945.0000,3,3.362759,1,-3.147702,0
2005-09-07,sh.600070,4.0100,4.1300,3.9800,4.1300,4.0000,763814,3093062.0000,3,1.569309,1,3.250003,0
2005-09-08,sh.600070,4.1300,4.2600,4.0600,4.2600,4.1300,1197490,4994897.0000,3,2.460326,1,3.147702,0
2005-09-09,sh.600070,4.3000,4.3000,4.1400,4.1900,4.2600,1104296,4652094.0000,3,2.268853,1,-1.643196,0
2005-09-12,sh.600070,4.1100,4.2300,4.1100,4.2000,4.1900,544812,2278856.0000,3,1.119354,1,0.238658,0
2005-09-13,sh.600070,4.1800,4.2900,4.1800,4.2900,4.2000,860588,3661482.0000,3,1.768138,1,2.142861,0
2005-09-14,sh.600070,4.3200,4.4200,4.2500,4.3800,4.2900,1393627,6087398.0000,3,2.863303,1,2.097906,0
2005-09-15,sh.600070,4.3500,4.4200,4.3000,4.4100,4.3800,701661,3060394.0000,3,1.441611,1,0.684925,0
2005-09-16,sh.600070,4.4200,4.5000,4.3300,4.3800,4.4100,728820,3197938.0000,3,1.497411,1,-0.680266,0
2005-09-19,sh.600070,4.3600,4.4400,4.3400,4.4200,4.3800,650427,2871511.0000,3,1.336347,1,0.913241,0
2005-09-20,sh.600070,4.4400,4.4400,4.3000,4.3200,4.4200,902648,3920970.0000,3,1.854553,1,-2.262441,0
2005-09-21,sh.600070,4.3200,4.3400,4.2000,4.2100,4.3200,804429,3422247.0000,3,1.652755,1,-2.546299,0
2005-09-22,sh.600070,4.2000,4.2100,3.9100,3.9900,4.2100,824187,3345981.0000,3,1.693349,1,-5.225654,0
2005-09-23,sh.600070,3.9800,4.0800,3.8900,3.9400,3.9900,762659,3041691.0000,3,1.566936,1,-1.253132,0
2005-09-26,sh.600070,3.9200,3.9800,3.8800,3.9500,3.9400,426497,1676685.0000,3,0.876268,1,0.253807,0
2005-09-27,sh.600070,3.9500,4.0100,3.8000,3.8100,3.9500,522415,2031791.0000,3,1.073338,1,-3.544306,0
2005-09-28,sh.600070,3.8100,3.9200,3.8100,3.9100,3.8100,431046,1669629.0000,3,0.885614,1,2.624676,0
2005-09-29,sh.600070,3.9200,4.0600,3.9200,4.0500,3.9100,841727,3372877.0000,3,1.729387,1,3.580565,0
2005-09-30,sh.600070,4.0500,4.0700,3.9800,3.9800,4.0500,322742,1293310.0000,3,0.663096,1,-1.728399,0
2005-10-10,sh.600070,3.9100,3.9800,3.9000,3.9200,3.9800,181095,710655.0000,3,0.372072,1,-1.507536,0
2005-10-11,sh.600070,3.9200,4.0300,3.8800,4.0200,3.9200,249102,983959.0000,3,0.511797,1,2.551018,0
2005-10-12,sh.600070,3.9600,4.0800,3.9500,4.0400,4.0200,415636,1676164.0000,3,0.853953,1,0.497512,0
2005-10-13,sh.600070,4.0400,4.0800,3.9600,4.0200,4.0400,307570,1237064.0000,3,0.631924,1,-0.495049,0
2005-10-14,sh.600070,4.0100,4.0100,3.8900,3.9300,4.0200,535333,2104493.0000,3,1.099879,1,-2.238804,0
2005-10-17,sh.600070,3.9100,3.9100,3.8100,3.8500,3.9300,293164,1129728.0000,3,0.602326,1,-2.035628,0
2005-10-18,sh.600070,3.8600,4.0100,3.8500,3.9700,3.8500,462637,1828419.0000,3,0.950520,1,3.116887,0
2005-10-19,sh.600070,3.9900,4.1200,3.9500,4.0400,3.9700,916045,3715072.0000,3,1.882078,1,1.763223,0
2005-10-20,sh.600070,4.0000,4.1000,3.9500,4.0900,4.0400,417782,1679719.0000,3,0.858362,1,1.237628,0
2005-10-21,sh.600070,4.0900,4.2000,4.0600,4.1300,4.0900,1151336,4770826.0000,3,2.365500,1,0.977994,0
2005-10-24,sh.600070,4.0500,4.1400,4.0200,4.1200,4.1300,966281,3946788.0000,3,1.985291,1,-0.242136,0
2005-10-25,sh.600070,4.1200,4.1500,3.8400,3.9300,4.1200,726628,2918139.0000,3,1.492908,1,-4.611646,0
2005-10-26,sh.600070,3.8900,3.9200,3.8000,3.8000,3.9300,531990,2047781.0000,3,1.093010,1,-3.307891,0
2005-10-27,sh.600070,3.8000,3.8300,3.7000,3.7500,3.8000,344400,1297637.0000,3,0.707594,1,-1.315788,0
2005-10-28,sh.600070,3.7500,3.8200,3.5300,3.5600,3.7500,396752,1436774.0000,3,0.815155,1,-5.066668,0
2005-10-31,sh.600070,3.6000,3.6500,3.5500,3.6300,3.5600,202500,730728.0000,3,0.416050,1,1.966297,0
2005-11-01,sh.600070,3.6000,3.6100,3.4600,3.5600,3.6300,167643,591119.0000,3,0.344434,1,-1.928379,0
2005-11-02,sh.600070,3.6100,3.6800,3.5600,3.6300,3.5600,445682,1622727.0000,3,0.915685,1,1.966297,0
2005-11-03,sh.600070,3.6400,3.6800,3.5600,3.6200,3.6300,147330,532159.0000,3,0.302700,1,-0.275488,0
2005-11-04,sh.600070,3.6600,3.7500,3.5800,3.6700,3.6200,228184,839213.0000,3,0.468820,1,1.381221,0
2005-11-07,sh.600070,3.7000,3.7600,3.6400,3.7300,3.6700,379383,1410461.0000,3,0.779469,1,1.634876,0
2005-11-08,sh.600070,3.8800,3.9800,3.7800,3.8400,3.7300,928055,3558942.0000,3,1.906753,1,2.949059,0
2005-11-09,sh.600070,3.8200,3.9300,3.8000,3.8700,3.8400,601056,2338946.0000,3,1.234911,1,0.781249,0
2005-11-10,sh.600070,3.7700,3.8600,3.6800,3.6900,3.8700,533950,2005150.0000,3,1.097037,1,-4.651159,0
2005-11-11,sh.600070,3.6800,3.8300,3.6600,3.7000,3.6900,427305,1606106.0000,3,0.877928,1,0.271002,0
2005-11-14,sh.600070,3.7100,3.7800,3.6800,3.7500,3.7000,201491,751267.0000,3,0.413977,1,1.351350,0
2005-11-15,sh.600070,3.7200,3.8300,3.6800,3.7700,3.7500,471799,1759517.0000,3,0.969344,1,0.533333,0
2005-11-16,sh.600070,3.7700,3.8600,3.6000,3.8300,3.7700,688267,2572741.0000,3,1.414092,1,1.591511,0
2005-11-17,sh.600070,3.8000,4.1500,3.7800,4.0800,3.8300,2280719,9203790.0000,3,4.685895,1,6.527415,0
2005-11-18,sh.600070,3.9900,4.0800,3.9100,4.0400,4.0800,1367821,5495357.0000,3,2.810283,1,-0.980391,0
2005-11-21,sh.600070,4.0000,4.0700,3.9800,4.0100,4.0400,444260,1790747.0000,3,0.912763,1,-0.742568,0
2005-11-22,sh.600070,4.0000,4.0000,3.8500,3.8500,4.0100,677186,2641846.0000,3,1.391326,1,-3.990033,0
2005-11-23,sh.600070,3.8400,3.9200,3.8400,3.8800,3.8500,194314,753596.0000,3,0.399232,1,0.779226,0
2005-11-24,sh.600070,3.8800,3.9300,3.8100,3.8600,3.8800,415107,1611855.0000,3,0.852866,1,-0.515470,0
2005-11-25,sh.600070,3.8600,3.9500,3.8500,3.9200,3.8600,202697,790581.0000,3,0.416455,1,1.554409,0
2005-11-28,sh.600070,3.9000,3.9100,3.8600,3.9000,3.9200,163219,633558.0000,3,0.335345,1,-0.510204,0
2005-11-29,sh.600070,3.9200,3.9200,3.8200,3.8200,3.9000,249300,960738.0000,3,0.512204,1,-2.051286,0
2005-11-30,sh.600070,3.8100,3.8300,3.7300,3.8100,3.8200,361591,1362196.0000,3,0.742914,1,-0.261780,0
2005-12-01,sh.600070,3.8000,3.8100,3.7200,3.7500,3.8100,273298,1025284.0000,3,0.561510,1,-1.574802,0
2005-12-02,sh.600070,3.7000,3.7500,3.7000,3.7300,3.7500,185877,693264.0000,3,0.381897,1,-0.533333,0
2005-12-05,sh.600070,3.6900,3.7000,3.5800,3.5800,3.7300,394900,1428953.0000,3,0.811349,1,-4.021450,0
2005-12-06,sh.600070,3.5600,3.6300,3.5200,3.6000,3.5800,165944,595358.0000,3,0.340943,1,0.558659,0
2005-12-07,sh.600070,3.6500,3.6600,3.6100,3.6500,3.6000,121999,443329.0000,3,0.250655,1,1.388894,0
2005-12-08,sh.600070,3.6800,3.6800,3.6200,3.6300,3.6500,124961,457016.0000,3,0.256741,1,-0.547945,0
2005-12-09,sh.600070,3.5600,3.7200,3.5600,3.7000,3.6300,175392,643671.0000,3,0.360355,1,1.928373,0
2005-12-12,sh.600070,3.7200,3.7400,3.6800,3.7300,3.7000,177440,658976.0000,3,0.364563,1,0.810810,0
2005-12-13,sh.600070,4.0200,4.0200,3.7300,3.8000,3.7300,344467,1313667.0000,3,0.707731,1,1.876674,0
2005-12-14,sh.600070,3.7900,3.8100,3.7300,3.7900,3.8000,221379,834588.0000,3,0.454839,1,-0.263158,0
2005-12-15,sh.600070,3.7800,3.8300,3.7300,3.7400,3.7900,235162,889453.0000,3,0.483157,1,-1.319260,0
2005-12-16,sh.600070,3.7000,3.7700,3.7000,3.7600,3.7400,288792,1077930.0000,3,0.593343,1,0.534759,0
2005-12-19,sh.600070,3.7500,3.8200,3.7500,3.7600,3.7600,267139,1008174.0000,3,0.548856,1,0.000000,0
2005-12-20,sh.600070,3.7600,3.7800,3.7200,3.7700,3.7600,148804,557221.0000,3,0.305728,1,0.265957,0
2005-12-21,sh.600070,3.8000,3.8000,3.7000,3.7100,3.7700,188196,706815.0000,3,0.386662,1,-1.591511,0
2005-12-22,sh.600070,3.7300,3.7400,3.6900,3.7200,3.7100,238648,886551.0000,3,0.490319,1,0.269541,0
2005-12-23,sh.600070,3.7400,3.7900,3.7200,3.7400,3.7200,221560,830667.0000,3,0.455210,1,0.537634,0
2005-12-26,sh.600070,3.7500,3.8100,3.7500,3.7900,3.7400,347652,1315154.0000,3,0.714275,1,1.336897,0
2005-12-27,sh.600070,3.7700,3.8400,3.7500,3.8000,3.7900,341032,1295637.0000,3,0.700674,1,0.263852,0
2005-12-28,sh.600070,3.8000,3.8200,3.7700,3.8000,3.8000,214160,811904.0000,3,0.440007,1,0.000000,0
2005-12-29,sh.600070,3.8000,3.8400,3.7700,3.8300,3.8000,545090,2075178.0000,3,1.119925,1,0.789473,0
2005-12-30,sh.600070,3.8200,3.8300,3.7500,3.7700,3.8300,310664,1179161.0000,3,0.638281,1,-1.566578,0
2006-01-04,sh.600070,3.7600,3.8500,3.7600,3.8200,3.7700,306923,1171079.0000,3,0.630595,1,1.326259,0
2006-01-05,sh.600070,3.8300,3.8800,3.8200,3.8800,3.8200,434002,1670537.0000,3,0.891687,1,1.570685,0
2006-01-06,sh.600070,3.8300,3.9200,3.8300,3.9000,3.8800,716017,2787275.0000,3,1.471107,1,0.515463,0
2006-01-09,sh.600070,3.9000,3.9700,3.9000,3.9600,3.9000,647676,2550627.0000,3,1.330695,1,1.538460,0
2006-01-10,sh.600070,3.9200,3.9600,3.9000,3.9400,3.9600,346698,1359678.0000,3,0.712315,1,-0.505050,0
2006-01-11,sh.600070,3.9400,3.9900,3.8900,3.9700,3.9400,776068,3044273.0000,3,1.594486,1,0.761421,0
2006-01-12,sh.600070,3.9400,4.0300,3.9400,4.0300,3.9700,942899,3766856.0000,3,1.937251,1,1.511340,0
2006-01-13,sh.600070,4.0400,4.0500,3.9600,4.0100,4.0300,422692,1692837.0000,3,0.868450,1,-0.496277,0
2006-01-16,sh.600070,4.0200,4.1000,3.9700,4.0100,4.0100,623513,2512693.0000,3,1.281051,1,0.000000,0
2006-01-17,sh.600070,3.9900,4.0300,3.9400,4.0100,4.0100,567090,2260831.0000,3,1.165126,1,0.000000,0
2006-01-18,sh.600070,4.0200,4.1000,4.0200,4.0700,4.0100,1046217,4264520.0000,3,2.149525,1,1.496258,0
2006-01-19,sh.600070,4.0800,4.1300,4.0400,4.1000,4.0700,626252,2555334.0000,3,1.286678,1,0.737094,0
2006-01-20,sh.600070,4.1100,4.1200,4.0400,4.0900,4.1000,575307,2341968.0000,3,1.182008,1,-0.243896,0
2006-01-23,sh.600070,4.0400,4.0900,3.9700,4.0300,4.0900,726157,2923192.0000,3,1.491940,1,-1.466991,0
2006-01-24,sh.600070,4.0300,4.0600,3.9900,4.0300,4.0300,520942,2094930.0000,3,1.070311,1,0.000000,0
2006-01-25,sh.600070,4.0300,4.0500,3.9200,3.9900,4.0300,506908,2019031.0000,3,1.041478,1,-0.992561,0
2006-02-06,sh.600070,4.0000,4.0700,3.9800,4.0700,3.9900,463595,1870690.0000,3,0.952488,1,2.005017,0
2006-02-07,sh.600070,4.0700,4.1000,4.0400,4.1000,4.0700,755312,3074970.0000,3,1.551841,1,0.737094,0
2006-02-08,sh.600070,4.1000,4.1700,4.0600,4.1700,4.1000,701175,2896268.0000,3,1.440613,1,1.707321,0
2006-02-09,sh.600070,4.1700,4.2100,4.1200,4.1300,4.1700,576292,2391543.0000,3,1.184032,1,-0.959232,0
2006-02-10,sh.600070,4.1400,4.1700,4.0800,4.1200,4.1300,964680,3954892.0000,3,1.982002,1,-0.242136,0
2006-02-13,sh.600070,4.1200,4.1300,4.0500,4.1200,4.1200,385500,1572728.0000,3,0.792036,1,0.000000,0
2006-02-14,sh.600070,4.1000,4.1700,4.0800,4.1600,4.1200,490593,2024262.0000,3,1.007957,1,0.970873,0
2006-02-15,sh.600070,4.1700,4.1800,4.1200,4.1500,4.1600,445683,1846247.0000,3,0.915687,1,-0.240379,0
2006-02-16,sh.600070,4.1300,4.1400,3.9800,4.0100,4.1500,607154,2458117.0000,3,1.247440,1,-3.373491,0
2006-02-17,sh.600070,3.9700,4.0400,3.9500,3.9900,4.0100,426992,1700264.0000,3,0.877285,1,-0.498758,0
2006-02-20,sh.600070,3.9700,4.0000,3.9100,3.9300,3.9900,213600,844857.0000,3,0.438856,1,-1.503758,0
2006-02-21,sh.600070,3.9000,3.9800,3.8800,3.9700,3.9300,324085,1270372.0000,3,0.665855,1,1.017811,0
2006-02-22,sh.600070,4.0900,4.3700,4.0900,4.1900,3.9700,4033960,17167459.0000,3,8.288051,1,5.541562,0
2006-02-23,sh.600070,4.1900,4.2500,4.1100,4.1700,4.1900,1363094,5682510.0000,3,2.800571,1,-0.477326,0
2006-02-24,sh.600070,4.1400,4.1800,4.1000,4.1500,4.1700,1009578,4170500.0000,3,2.074248,1,-0.479616,0
2006-02-27,sh.600070,4.1400,4.1500,4.0700,4.0900,4.1500,818058,3359628.0000,3,1.680757,1,-1.445782,0
2006-02-28,sh.600070,4.0800,4.0800,3.9200,4.0100,4.0900,1204506,4767877.0000,3,2.474741,1,-1.955988,0
2006-03-01,sh.600070,4.0000,4.0300,3.9900,4.0200,4.0100,491132,1969989.0000,3,1.009065,1,0.249370,0
2006-03-02,sh.600070,4.0200,4.0900,3.9600,3.9600,4.0200,681019,2746584.0000,3,1.399201,1,-1.492536,0
2006-03-03,sh.600070,3.9400,4.0000,3.9200,3.9800,3.9600,506567,2004582.0000,3,1.040777,1,0.505050,0
2006-03-06,sh.600070,3.9600,3.9900,3.9000,3.9500,3.9800,314708,1244585.0000,3,0.646589,1,-0.753768,0
2006-03-07,sh.600070,3.9500,4.0000,3.9300,3.9400,3.9500,663511,2629227.0000,3,1.363229,1,-0.253164,0
2006-03-08,sh.600070,3.9200,3.9300,3.8200,3.8700,3.9400,533764,2063796.0000,3,1.096655,1,-1.776654,0
2006-03-09,sh.600070,3.8800,3.9900,3.8700,3.9800,3.8700,658200,2594269.0000,3,1.352318,1,2.842381,0
2006-03-10,sh.600070,3.9900,4.0100,3.9300,4.0100,3.9800,511773,2042290.0000,3,1.051473,1,0.753774,0
2006-03-13,sh.600070,4.0100,4.0100,4.0100,4.0100,4.0100,0,0.0000,3,,0,0.000000,0
2006-03-14,sh.600070,4.0100,4.0100,4.0100,4.0100,4.0100,0,0.0000,3,,0,0.000000,0
2006-03-15,sh.600070,4.0100,4.0100,4.0100,4.0100,4.0100,0,0.0000,3,,0,0.000000,0
2006-03-16,sh.600070,4.0100,4.0100,4.0100,4.0100,4.0100,0,0.0000,3,,0,0.000000,0
2006-03-17,sh.600070,4.0100,4.0100,4.0100,4.0100,4.0100,0,0.0000,3,,0,0.000000,0
2006-03-20,sh.600070,4.0100,4.0100,4.0100,4.0100,4.0100,0,0.0000,3,,0,0.000000,0
2006-03-21,sh.600070,4.0100,4.0100,4.0100,4.0100,4.0100,0,0.0000,3,,0,0.000000,0
2006-03-22,sh.600070,4.0100,4.0100,4.0100,4.0100,4.0100,0,0.0000,3,,0,0.000000,0
2006-03-23,sh.600070,4.0100,4.0100,4.0100,4.0100,4.0100,0,0.0000,3,,0,0.000000,0
2006-03-24,sh.600070,4.0100,4.0100,4.0100,4.0100,4.0100,0,0.0000,3,,0,0.000000,0
2006-03-27,sh.600070,4.0100,4.0100,4.0100,4.0100,4.0100,0,0.0000,3,,0,0.000000,0
2006-03-28,sh.600070,4.0100,4.0100,4.0100,4.0100,4.0100,0,0.0000,3,,0,0.000000,0
2006-03-29,sh.600070,4.0100,4.0100,4.0100,4.0100,4.0100,0,0.0000,3,,0,0.000000,0
2006-03-30,sh.600070,4.0100,4.0100,4.0100,4.0100,4.0100,0,0.0000,3,,0,0.000000,0
2006-03-31,sh.600070,4.0100,4.0100,4.0100,4.0100,4.0100,0,0.0000,3,,0,0.000000,0
2006-04-03,sh.600070,4.4100,4.4100,4.3600,4.4100,4.0100,3052458,13446122.0000,3,6.271487,1,9.975053,0
2006-04-04,sh.600070,4.5300,4.8500,4.5000,4.8500,4.4100,7581195,35571363.0000,3,15.576091,1,9.977325,0
2006-04-05,sh.600070,4.9800,5.0600,4.6700,4.7500,4.8500,4025137,19477980.0000,3,8.269923,1,-2.061854,0
2006-04-06,sh.600070,4.7000,4.8000,4.6600,4.7300,4.7500,2139075,10141834.0000,3,4.394878,1,-0.421052,0
2006-04-07,sh.600070,4.6900,5.0700,4.6600,4.9500,4.7300,3761378,18423989.0000,3,7.728012,1,4.651158,0
2006-04-10,sh.600070,4.9500,5.1300,4.9000,5.1100,4.9500,2880266,14446525.0000,3,5.917706,1,3.232330,0
2006-04-11,sh.600070,5.1200,5.1800,5.0000,5.1000,5.1100,2472128,12588671.0000,3,5.079158,1,-0.195699,0
2006-04-12,sh.600070,5.0700,5.6100,5.0300,5.4800,5.1000,3466433,18595930.0000,3,7.122027,1,7.450983,0
2006-04-13,sh.600070,5.4800,5.5500,5.2000,5.2100,5.4800,2475145,13335305.0000,3,5.085357,1,-4.927007,0
2006-04-14,sh.600070,5.2000,5.7100,5.1800,5.5200,5.2100,2395336,12950180.0000,3,4.921384,1,5.950095,0
2006-04-17,sh.600070,5.5300,5.9800,5.5300,5.9500,5.5200,4527949,26430146.0000,3,9.302985,1,7.789852,0
2006-04-18,sh.600070,5.9500,5.9500,5.9500,5.9500,5.9500,0,0.0000,3,,0,0.000000,0
2006-04-19,sh.600070,5.9500,5.9500,5.9500,5.9500,5.9500,0,0.0000,3,,0,0.000000,0
2006-04-20,sh.600070,5.9500,5.9500,5.9500,5.9500,5.9500,0,0.0000,3,,0,0.000000,0
2006-04-21,sh.600070,5.9500,5.9500,5.9500,5.9500,5.9500,0,0.0000,3,,0,0.000000,0
2006-04-24,sh.600070,5.9500,5.9500,5.9500,5.9500,5.9500,0,0.0000,3,,0,0.000000,0
2006-04-25,sh.600070,5.9500,5.9500,5.9500,5.9500,5.9500,0,0.0000,3,,0,0.000000,0
2006-04-26,sh.600070,5.9500,5.9500,5.9500,5.9500,5.9500,0,0.0000,3,,0,0.000000,0
2006-04-27,sh.600070,5.9500,5.9500,5.9500,5.9500,5.9500,0,0.0000,3,,0,0.000000,0
2006-04-28,sh.600070,5.9500,5.9500,5.9500,5.9500,5.9500,0,0.0000,3,,0,0.000000,0
2006-05-08,sh.600070,5.9500,5.9500,5.9500,5.9500,5.9500,0,0.0000,3,,0,0.000000,0
2006-05-09,sh.600070,5.9500,5.9500,5.9500,5.9500,5.9500,0,0.0000,3,,0,0.000000,0
2006-05-10,sh.600070,5.9500,5.9500,5.9500,5.9500,5.9500,0,0.0000,3,,0,0.000000,0
2006-05-11,sh.600070,5.9500,5.9500,5.9500,5.9500,5.9500,0,0.0000,3,,0,0.000000,0
2006-05-12,sh.600070,5.9500,5.9500,5.9500,5.9500,5.9500,0,0.0000,3,,0,0.000000,0
2006-05-15,sh.600070,5.9500,5.9500,5.9500,5.9500,5.9500,0,0.0000,3,,0,0.000000,0
2006-05-16,sh.600070,5.9500,5.9500,5.9500,5.9500,5.9500,0,0.0000,3,,0,0.000000,0
2006-05-17,sh.600070,3.7700,3.7700,3.4000,3.4800,4.3400,15740692,55171134.0000,3,18.168731,1,-19.815670,0
2006-05-18,sh.600070,3.4200,3.5500,3.3500,3.5400,3.4800,8474904,29156509.0000,3,9.782178,1,1.724136,0
2006-05-19,sh.600070,3.5200,3.8900,3.5000,3.8900,3.5400,9661077,35519843.0000,3,11.151321,1,9.887010,0
2006-05-22,sh.600070,3.8600,4.0600,3.8000,3.9400,3.8900,8500740,33335429.0000,3,9.812000,1,1.285346,0
2006-05-23,sh.600070,3.9200,4.1500,3.6800,4.1100,3.9400,10931148,42514329.0000,3,12.617304,1,4.314723,0
2006-05-24,sh.600070,4.0700,4.0700,3.7000,3.8000,4.1100,8991622,35133245.0000,3,10.378601,1,-7.542583,0
2006-05-25,sh.600070,3.7800,3.8200,3.6000,3.7800,3.8000,3927050,14504889.0000,3,4.532807,1,-0.526315,0
2006-05-26,sh.600070,3.7900,3.8500,3.7000,3.7900,3.7800,3469797,13111873.0000,3,4.005022,1,0.264550,0
2006-05-29,sh.600070,3.8200,3.9000,3.7200,3.9000,3.7900,4344164,16668357.0000,3,5.014262,1,2.902378,0
2006-05-30,sh.600070,3.9000,4.0400,3.8500,3.9700,3.9000,5981251,23634472.0000,3,6.903873,1,1.794870,0
2006-05-31,sh.600070,3.9600,4.1400,3.9100,4.0200,3.9700,8190941,33097899.0000,3,9.454413,1,1.259445,0
2006-06-01,sh.600070,4.0500,4.1500,4.0200,4.1500,4.0200,12711141,52119380.0000,3,14.671865,1,3.233834,0
2006-06-02,sh.600070,4.1500,4.2600,4.1000,4.2300,4.1500,8711222,36467450.0000,3,10.054949,1,1.927709,0
2006-06-05,sh.600070,4.2300,4.5300,4.2000,4.5200,4.2300,7416754,32829535.0000,3,8.560806,1,6.855791,0
2006-06-06,sh.600070,4.5300,4.6500,4.3100,4.3700,4.5200,8691079,38948097.0000,3,10.031699,1,-3.318586,0
2006-06-07,sh.600070,4.3500,4.4300,3.9300,3.9300,4.3700,5508922,22978184.0000,3,6.358686,1,-10.068650,0
2006-06-08,sh.600070,3.9000,3.9000,3.6000,3.8200,3.9300,5284466,19776758.0000,3,6.099608,1,-2.798985,0
2006-06-09,sh.600070,3.8500,3.9100,3.7000,3.7300,3.8200,4188225,15918603.0000,3,4.834269,1,-2.356019,0
2006-06-12,sh.600070,3.7300,3.7600,3.6100,3.7600,3.7300,1644335,6103930.0000,3,1.897978,1,0.804289,0
2006-06-13,sh.600070,3.7600,3.8200,3.7100,3.8100,3.7600,2509075,9498891.0000,3,2.896106,1,1.329786,0
2006-06-14,sh.600070,3.8200,3.8200,3.7200,3.7800,3.8100,1328692,5010096.0000,3,1.533646,1,-0.787401,0
2006-06-15,sh.600070,3.7800,3.8200,3.7400,3.7900,3.7800,1455707,5492188.0000,3,1.680253,1,0.264550,0
2006-06-16,sh.600070,3.7900,3.8600,3.7800,3.8400,3.7900,2083409,7967936.0000,3,2.404780,1,1.319260,0
2006-06-19,sh.600070,3.8100,3.8800,3.7500,3.8700,3.8400,2330516,8938329.0000,3,2.690004,1,0.781249,0
2006-06-20,sh.600070,3.8700,3.8900,3.7500,3.8200,3.8700,1953720,7427117.0000,3,2.255086,1,-1.291988,0
2006-06-21,sh.600070,3.8000,3.8000,3.6900,3.7300,3.8200,2313555,8638379.0000,3,2.670426,1,-2.356019,0
2006-06-22,sh.600070,3.7000,3.7300,3.6500,3.6700,3.7300,1793835,6590059.0000,3,2.070538,1,-1.608578,0
2006-06-23,sh.600070,3.6500,3.7400,3.6300,3.7300,3.6700,1479990,5485282.0000,3,1.708282,1,1.634876,0
2006-06-26,sh.600070,3.7500,3.8300,3.7100,3.8300,3.7300,2040351,7700437.0000,3,2.355080,1,2.680963,0
2006-06-27,sh.600070,3.8200,3.8900,3.7500,3.8700,3.8300,2762544,10544085.0000,3,3.188673,1,1.044385,0
2006-06-28,sh.600070,3.8600,3.9400,3.8300,3.8800,3.8700,2681704,10391447.0000,3,3.095363,1,0.258404,0
2006-06-29,sh.600070,3.8800,4.0000,3.8600,4.0000,3.8800,5525045,21890508.0000,3,6.377296,1,3.092781,0
2006-06-30,sh.600070,4.0000,4.1400,3.9600,4.1100,4.0000,7078796,28761828.0000,3,8.170717,1,2.750003,0
2006-07-03,sh.600070,4.0800,4.1400,4.0200,4.1100,4.1100,6627108,27058843.0000,3,7.649355,1,0.000000,0
2006-07-04,sh.600070,4.1100,4.1300,3.8900,3.9500,4.1100,3829657,15373863.0000,3,4.420391,1,-3.892946,0
2006-07-05,sh.600070,3.9600,3.9700,3.7500,3.8300,3.9500,2435354,9337793.0000,3,2.811013,1,-3.037978,0
2006-07-06,sh.600070,3.8300,3.9400,3.7800,3.9300,3.8300,1805236,7026830.0000,3,2.083698,1,2.610970,0
2006-07-07,sh.600070,3.9300,4.0400,3.9300,4.0100,3.9300,3765743,15091800.0000,3,4.346618,1,2.035628,0
2006-07-10,sh.600070,4.0200,4.1200,4.0100,4.0600,4.0100,2677689,10873495.0000,3,3.090729,1,1.246876,0
2006-07-11,sh.600070,4.0600,4.0600,3.9900,4.0200,4.0600,2141642,8609298.0000,3,2.471995,1,-0.985221,0
2006-07-12,sh.600070,4.0200,4.0700,3.9600,4.0400,4.0200,3100923,12476079.0000,3,3.579248,1,0.497512,0
2006-07-13,sh.600070,4.0400,4.0400,3.6400,3.6800,4.0400,3535986,13489269.0000,3,4.081420,1,-8.910889,0
2006-07-14,sh.600070,3.6500,3.7500,3.6200,3.6700,3.6800,2735288,10101218.0000,3,3.157213,1,-0.271739,0
2006-07-17,sh.600070,3.6800,3.7400,3.6300,3.7200,3.6700,1212168,4471804.0000,3,1.399148,1,1.362396,0
2006-07-18,sh.600070,3.7500,3.7500,3.6600,3.6900,3.7200,1365161,5043296.0000,3,1.575740,1,-0.806451,0
2006-07-19,sh.600070,3.6900,3.6900,3.4900,3.5000,3.6900,2853613,10174228.0000,3,3.293790,1,-5.149053,0
2006-07-20,sh.600070,3.5100,3.6400,3.5100,3.6100,3.5000,1479311,5274956.0000,3,1.707498,1,3.142854,0
2006-07-21,sh.600070,3.6100,3.7000,3.5800,3.6500,3.6100,1516530,5552218.0000,3,1.750458,1,1.108039,0
2006-07-24,sh.600070,3.6300,3.6800,3.5000,3.6600,3.6500,927694,3333253.0000,3,1.070793,1,0.273972,0
2006-07-25,sh.600070,3.6900,3.7900,3.6500,3.7400,3.6600,1942402,7210715.0000,3,2.242022,1,2.185790,0
2006-07-26,sh.600070,3.7400,3.7600,3.6900,3.7300,3.7400,1224479,4567016.0000,3,1.413358,1,-0.267379,0
2006-07-27,sh.600070,3.7600,3.7700,3.6200,3.6500,3.7300,1547073,5696511.0000,3,1.785713,1,-2.144770,0
2006-07-28,sh.600070,3.6900,3.7000,3.5700,3.6200,3.6500,1207534,4382568.0000,3,1.393799,1,-0.821924,0
2006-07-31,sh.600070,3.5900,3.6000,3.5000,3.5200,3.6200,1453383,5138456.0000,3,1.677571,1,-2.762429,0
2006-08-01,sh.600070,3.5700,3.5700,3.4500,3.4700,3.5200,853779,2984993.0000,3,0.985476,1,-1.420453,0
2006-08-02,sh.600070,3.4500,3.4800,3.3700,3.4000,3.4700,1057752,3609982.0000,3,1.220913,1,-2.017289,0
2006-08-03,sh.600070,3.4500,3.4600,3.3800,3.4200,3.4000,649042,2214143.0000,3,0.749158,1,0.588235,0
2006-08-04,sh.600070,3.4400,3.4600,3.3400,3.3600,3.4200,740565,2512659.0000,3,0.854799,1,-1.754391,0
2006-08-07,sh.600070,3.3300,3.3600,3.1600,3.1800,3.3600,880725,2873446.0000,3,1.016579,1,-5.357138,0
2006-08-08,sh.600070,3.1800,3.3500,3.1800,3.3500,3.1800,1323463,4319333.0000,3,1.527610,1,5.345907,0
2006-08-09,sh.600070,3.3500,3.4000,3.2500,3.2800,3.3500,1241158,4094712.0000,3,1.432610,1,-2.089550,0
2006-08-10,sh.600070,3.2800,3.4000,3.2800,3.4000,3.2800,1062949,3551227.0000,3,1.226911,1,3.658540,0
2006-08-11,sh.600070,3.4200,3.4200,3.3200,3.3700,3.4000,756304,2539220.0000,3,0.872966,1,-0.882359,0
2006-08-14,sh.600070,3.3900,3.3900,3.1500,3.2300,3.3700,1001643,3276167.0000,3,1.156149,1,-4.154299,0
2006-08-15,sh.600070,3.2000,3.2800,3.1700,3.2800,3.2300,1209426,3897958.0000,3,1.395983,1,1.547986,0
2006-08-16,sh.600070,3.2500,3.3500,3.2500,3.3400,3.2800,1074700,3557359.0000,3,1.240475,1,1.829267,0
2006-08-17,sh.600070,3.3200,3.3200,3.2500,3.2800,3.3400,1003294,3290340.0000,3,1.158055,1,-1.796406,0
2006-08-18,sh.600070,3.2500,3.3300,3.2500,3.2900,3.2800,650584,2144452.0000,3,0.750938,1,0.304878,0
2006-08-21,sh.600070,3.1900,3.2600,3.1500,3.2600,3.2900,894903,2879249.0000,3,1.032944,1,-0.911853,0
2006-08-22,sh.600070,3.2500,3.3900,3.2300,3.3400,3.2600,1465742,4866609.0000,3,1.691836,1,2.453985,0
2006-08-23,sh.600070,3.3500,3.3600,3.2600,3.2900,3.3400,932097,3089946.0000,3,1.075875,1,-1.497005,0
2006-08-24,sh.600070,3.3300,3.3300,3.2500,3.2900,3.2900,803436,2631968.0000,3,0.927368,1,0.000000,0
2006-08-25,sh.600070,3.2900,3.3300,3.2800,3.3000,3.2900,799970,2651966.0000,3,0.923367,1,0.303951,0
2006-08-28,sh.600070,3.3100,3.3900,3.3000,3.3900,3.3000,1182521,3975227.0000,3,1.364928,1,2.727277,0
2006-08-29,sh.600070,3.3900,3.4900,3.3800,3.4500,3.3900,3520585,12153849.0000,3,4.063644,1,1.769910,0
2006-08-30,sh.600070,3.4700,3.4700,3.3700,3.4100,3.4500,1971921,6718470.0000,3,2.276095,1,-1.159419,0
2006-08-31,sh.600070,3.4300,3.5200,3.3900,3.5000,3.4100,2938573,10191871.0000,3,3.391855,1,2.639294,0
2006-09-01,sh.600070,3.5400,3.6200,3.4900,3.5500,3.5000,6673776,23730830.0000,3,7.703222,1,1.428570,0
2006-09-04,sh.600070,3.5500,3.5900,3.4900,3.5900,3.5500,2253602,7994237.0000,3,2.601226,1,1.126760,0
2006-09-05,sh.600070,3.5900,3.6000,3.5200,3.5600,3.5900,1223624,4345785.0000,3,1.412371,1,-0.835654,0
2006-09-06,sh.600070,3.5200,3.5500,3.4700,3.5400,3.5600,1520232,5326462.0000,3,1.754731,1,-0.561797,0
2006-09-07,sh.600070,3.5100,3.5200,3.4000,3.4400,3.5400,1078378,3713970.0000,3,1.244720,1,-2.824856,0
2006-09-08,sh.600070,3.4400,3.4400,3.4000,3.4300,3.4400,614781,2101781.0000,3,0.709612,1,-0.290697,0
2006-09-11,sh.600070,3.4300,3.4900,3.3800,3.4400,3.4300,666376,2281085.0000,3,0.769166,1,0.291545,0
2006-09-12,sh.600070,3.4600,3.4700,3.4200,3.4600,3.4400,755665,2609502.0000,3,0.872228,1,0.581395,0
2006-09-13,sh.600070,3.4600,3.4800,3.4100,3.4300,3.4600,820288,2828932.0000,3,0.946819,1,-0.867051,0
2006-09-14,sh.600070,3.4200,3.4500,3.3600,3.3900,3.4300,783258,2658379.0000,3,0.904077,1,-1.166180,0
2006-09-15,sh.600070,3.3900,3.4400,3.3700,3.4400,3.3900,926958,3171427.0000,3,1.069943,1,1.474925,0
2006-09-18,sh.600070,3.4400,3.5200,3.4400,3.5100,3.4400,1343587,4692172.0000,3,1.550839,1,2.034882,0
2006-09-19,sh.600070,3.5300,3.5300,3.4600,3.4800,3.5100,1181479,4122189.0000,3,1.363725,1,-0.854700,0
2006-09-20,sh.600070,3.4600,3.5800,3.4200,3.5600,3.4800,2061492,7243622.0000,3,2.379482,1,2.298848,0
2006-09-21,sh.600070,3.5500,3.5900,3.5200,3.5600,3.5600,1365408,4857746.0000,3,1.576025,1,0.000000,0
2006-09-22,sh.600070,3.5700,3.5800,3.4600,3.4600,3.5600,830400,2910829.0000,3,0.958491,1,-2.808986,0
2006-09-25,sh.600070,3.4500,3.4800,3.4000,3.4500,3.4600,910054,3128606.0000,3,1.050432,1,-0.289017,0
2006-09-26,sh.600070,3.4400,3.4700,3.4100,3.4200,3.4500,734104,2518945.0000,3,0.847341,1,-0.869564,0
2006-09-27,sh.600070,3.4500,3.4800,3.4200,3.4700,3.4200,501672,1730250.0000,3,0.579056,1,1.461987,0
2006-09-28,sh.600070,3.4700,3.5400,3.4600,3.5100,3.4700,1040372,3648134.0000,3,1.200852,1,1.152737,0
2006-09-29,sh.600070,3.5100,3.5400,3.4900,3.5300,3.5100,1277364,4492248.0000,3,1.474400,1,0.569800,0
2006-10-09,sh.600070,3.5600,3.5700,3.5200,3.5600,3.5300,1729145,6123222.0000,3,1.995870,1,0.849858,0
2006-10-10,sh.600070,3.5900,3.6400,3.5500,3.6200,3.5600,2731675,9813624.0000,3,3.153042,1,1.685392,0
2006-10-11,sh.600070,3.6200,3.6400,3.5500,3.6000,3.6200,1524673,5470669.0000,3,1.759857,1,-0.552486,0
2006-10-12,sh.600070,3.6000,3.7300,3.5700,3.6900,3.6000,4276668,15769753.0000,3,4.936354,1,2.500004,0
2006-10-13,sh.600070,3.6700,3.7100,3.6300,3.6400,3.6900,1710911,6284218.0000,3,1.974823,1,-1.355012,0
2006-10-16,sh.600070,3.6500,3.6900,3.6100,3.6400,3.6400,1137438,4142265.0000,3,1.312891,1,0.000000,0
2006-10-17,sh.600070,3.6700,3.6700,3.5500,3.5700,3.6400,1379103,4950684.0000,3,1.591833,1,-1.923082,0
2006-10-18,sh.600070,3.5600,3.6300,3.5500,3.6100,3.5700,1160782,4162965.0000,3,1.339835,1,1.120447,0
2006-10-19,sh.600070,3.6000,3.6200,3.5700,3.6000,3.6100,1062193,3816924.0000,3,1.226039,1,-0.277008,0
2006-10-20,sh.600070,3.6000,3.6200,3.5600,3.6000,3.6000,1421296,5093023.0000,3,1.640534,1,0.000000,0
2006-10-23,sh.600070,3.6200,3.6500,3.4300,3.4500,3.6000,1841198,6517315.0000,3,2.125207,1,-4.166663,0
2006-10-24,sh.600070,3.4600,3.5900,3.4600,3.5800,3.4500,1337159,4732134.0000,3,1.543419,1,3.768112,0
2006-10-25,sh.600070,3.6200,3.8200,3.6100,3.7400,3.5800,7689024,28647772.0000,3,8.875074,1,4.469276,0
2006-10-26,sh.600070,3.7300,3.7500,3.6100,3.6600,3.7400,2101747,7702329.0000,3,2.425947,1,-2.139035,0
2006-10-27,sh.600070,3.6300,3.6600,3.5000,3.5500,3.6600,1531934,5459228.0000,3,1.768238,1,-3.005468,0
2006-10-30,sh.600070,3.5200,3.5200,3.3700,3.5100,3.5500,1398736,4829351.0000,3,1.614494,1,-1.126760,0
2006-10-31,sh.600070,3.5000,3.5300,3.4400,3.5000,3.5100,846909,2947948.0000,3,0.977547,1,-0.284900,0
2006-11-01,sh.600070,3.5100,3.5100,3.4500,3.4700,3.5000,1073612,3725122.0000,3,1.239219,1,-0.857142,0
2006-11-02,sh.600070,3.4700,3.5100,3.4300,3.4500,3.4700,935912,3228072.0000,3,1.080279,1,-0.576368,0
2006-11-03,sh.600070,3.4900,3.5500,3.4600,3.5400,3.4500,960943,3379730.0000,3,1.109171,1,2.608693,0
2006-11-06,sh.600070,3.5100,3.5300,3.4600,3.5000,3.5400,834991,2916691.0000,3,0.963790,1,-1.129943,0
2006-11-07,sh.600070,3.5000,3.5000,3.4000,3.4100,3.5000,1116462,3827913.0000,3,1.288679,1,-2.571426,0
2006-11-08,sh.600070,3.4400,3.4500,3.3800,3.3800,3.4100,743972,2527774.0000,3,0.858731,1,-0.879765,0
2006-11-09,sh.600070,3.3900,3.4500,3.3900,3.4200,3.3800,568701,1945027.0000,3,0.656424,1,1.183431,0
2006-11-10,sh.600070,3.4000,3.4200,3.2900,3.3000,3.4200,1091800,3653168.0000,3,1.260213,1,-3.508775,0
2006-11-13,sh.600070,3.2900,3.3000,3.1600,3.2000,3.3000,1053266,3405594.0000,3,1.215735,1,-3.030300,0
2006-11-14,sh.600070,3.2200,3.2500,3.1600,3.2400,3.2000,648816,2078530.0000,3,0.748897,1,1.249999,0
2006-11-15,sh.600070,3.2400,3.2800,3.1500,3.2600,3.2400,1128063,3640944.0000,3,1.302069,1,0.617283,0
2006-11-16,sh.600070,3.2400,3.2600,3.1800,3.1800,3.2600,1055792,3389271.0000,3,1.218650,1,-2.453985,0
2006-11-17,sh.600070,3.1800,3.2700,3.1800,3.2500,3.1800,868129,2802251.0000,3,1.002040,1,2.201256,0
2006-11-20,sh.600070,3.2500,3.2500,3.1700,3.2000,3.2500,788340,2517353.0000,3,0.909943,1,-1.538460,0
2006-11-21,sh.600070,3.1800,3.2400,3.1500,3.2100,3.2000,627758,2000006.0000,3,0.724591,1,0.312500,0
2006-11-22,sh.600070,3.2200,3.2800,3.1900,3.2700,3.2100,822023,2674060.0000,3,0.948822,1,1.869157,0
2006-11-23,sh.600070,3.2700,3.3100,3.2500,3.2700,3.2700,673403,2202714.0000,3,0.777277,1,0.000000,0
2006-11-24,sh.600070,3.2600,3.3300,3.2400,3.3100,3.2700,920653,3036226.0000,3,1.062666,1,1.223240,0
2006-11-27,sh.600070,3.3300,3.3500,3.2700,3.3300,3.3100,938050,3090568.0000,3,1.082746,1,0.604229,0
2006-11-28,sh.600070,3.3200,3.3300,3.2900,3.3100,3.3300,1009459,3338842.0000,3,1.165170,1,-0.600600,0
2006-11-29,sh.600070,3.3000,3.3000,3.2300,3.2900,3.3100,902858,2957593.0000,3,1.042126,1,-0.604229,0
2006-11-30,sh.600070,3.3000,3.3800,3.2800,3.3700,3.2900,1523837,5100712.0000,3,1.758893,1,2.431609,0
2006-12-01,sh.600070,3.3700,3.3700,3.3200,3.3500,3.3700,1442024,4810381.0000,3,1.664460,1,-0.593471,0
2006-12-04,sh.600070,3.3500,3.4300,3.3300,3.4200,3.3500,1807201,6084592.0000,3,2.085966,1,2.089557,0
2006-12-05,sh.600070,3.4200,3.4400,3.3600,3.4000,3.4200,2313600,7850652.0000,3,2.670478,1,-0.584795,0
2006-12-06,sh.600070,3.4000,3.4500,3.2600,3.4400,3.4000,3275800,11015537.0000,3,3.781100,1,1.176469,0
2006-12-07,sh.600070,3.4400,3.5600,3.4300,3.5500,3.4400,5450649,19020096.0000,3,6.291425,1,3.197671,0
2006-12-08,sh.600070,3.5200,3.5200,3.3600,3.3600,3.5500,2032044,6980411.0000,3,2.345492,1,-5.352115,0
2006-12-11,sh.600070,3.3600,3.4200,3.3300,3.4100,3.3600,930461,3143881.0000,3,1.073987,1,1.488101,0
2006-12-12,sh.600070,3.4200,3.4500,3.3600,3.4000,3.4100,863417,2921154.0000,3,0.996601,1,-0.293255,0
2006-12-13,sh.600070,3.4000,3.4000,3.3200,3.3500,3.4000,1223615,4095414.0000,3,1.412361,1,-1.470594,0
2006-12-14,sh.600070,3.3400,3.3900,3.3100,3.3800,3.3500,1346767,4510409.0000,3,1.554509,1,0.895529,0
2006-12-15,sh.600070,3.3800,3.3800,3.3800,3.3800,3.3800,0,0.0000,3,,0,0.000000,0
2006-12-18,sh.600070,3.4100,3.4400,3.3600,3.4200,3.3800,2244844,7603674.0000,3,2.591117,1,1.183431,0
2006-12-19,sh.600070,3.4100,3.4200,3.3300,3.3600,3.4200,1544762,5191108.0000,3,1.783045,1,-1.754391,0
2006-12-20,sh.600070,3.3800,3.4700,3.3500,3.4600,3.3600,2606930,8907907.0000,3,3.009055,1,2.976195,0
2006-12-21,sh.600070,3.4800,3.6500,3.4800,3.5200,3.4600,6436921,22871443.0000,3,7.429831,1,1.734102,0
2006-12-22,sh.600070,3.5100,3.5100,3.4100,3.4900,3.5200,2165269,7504319.0000,3,2.499267,1,-0.852272,0
2006-12-25,sh.600070,3.5500,3.5500,3.4500,3.4800,3.4900,1715595,5990033.0000,3,1.980230,1,-0.286533,0
2006-12-26,sh.600070,3.4500,3.5000,3.4100,3.4500,3.4800,1570122,5412016.0000,3,1.812317,1,-0.862068,0
2006-12-27,sh.600070,3.4400,3.4400,3.3900,3.4300,3.4500,1553490,5295325.0000,3,1.793120,1,-0.579710,0
2006-12-28,sh.600070,3.4300,3.4300,3.3000,3.3200,3.4300,1348480,4522148.0000,3,1.556486,1,-3.207001,0
2006-12-29,sh.600070,3.3200,3.3700,3.3000,3.3300,3.3200,1485989,4944658.0000,3,1.715206,1,0.301204,0
2007-01-04,sh.600070,3.3300,3.3800,3.2800,3.3700,3.3300,1957829,6503401.0000,3,2.259829,1,1.201200,0
2007-01-05,sh.600070,3.3600,3.4200,3.3300,3.4100,3.3700,1610097,5462045.0000,3,1.858458,1,1.186950,0
2007-01-08,sh.600070,3.4100,3.5500,3.4000,3.5100,3.4100,2741365,9548095.0000,3,3.164227,1,2.932549,0
2007-01-09,sh.600070,3.5500,3.6200,3.5100,3.5900,3.5100,4226498,15077568.0000,3,4.878445,1,2.279200,0
2007-01-10,sh.600070,3.6000,3.6500,3.5100,3.6400,3.5900,4336753,15586766.0000,3,5.005708,1,1.392763,0
2007-01-11,sh.600070,3.6400,3.7800,3.6000,3.6700,3.6400,5732520,21212227.0000,3,6.616775,1,0.824175,0
2007-01-12,sh.600070,3.6900,3.7200,3.4600,3.5100,3.6700,3601501,12949684.0000,3,4.157041,1,-4.359675,0
2007-01-15,sh.600070,3.5000,3.7500,3.4900,3.7400,3.5100,4923087,17814950.0000,3,5.682485,1,6.552707,0
2007-01-16,sh.600070,3.7400,3.9200,3.6900,3.9100,3.7400,9106151,34705451.0000,3,10.510797,1,4.545456,0
2007-01-17,sh.600070,4.1700,4.3000,4.0500,4.3000,3.9100,23372741,98848275.0000,3,26.978042,1,9.974427,0
2007-01-18,sh.600070,4.3000,4.3000,3.9800,4.2100,4.3000,11379880,47139376.0000,3,13.135254,1,-2.093027,0
2007-01-19,sh.600070,4.2000,4.5000,4.1000,4.4300,4.2100,9394751,40406169.0000,3,10.843914,1,5.225648,0
2007-01-22,sh.600070,4.5500,4.8700,4.5400,4.8700,4.4300,12394554,58655290.0000,3,14.306444,1,9.932281,0
2007-01-23,sh.600070,5.1400,5.3000,4.9200,5.2800,4.8700,23065396,116574449.0000,3,26.623289,1,8.418899,0
2007-01-24,sh.600070,5.2000,5.2000,5.0100,5.0800,5.2800,7290999,37125862.0000,3,8.415653,1,-3.787884,0
2007-01-25,sh.600070,5.0000,5.0100,4.6000,4.6700,5.0800,6197837,30124997.0000,3,7.153868,1,-8.070863,0
2007-01-26,sh.600070,4.5000,4.6800,4.2000,4.6200,4.6700,6449824,28529715.0000,3,7.444725,1,-1.070668,0
2007-01-29,sh.600070,4.6000,4.7400,4.5000,4.7100,4.6200,6332124,29263804.0000,3,7.308869,1,1.948055,0
2007-01-30,sh.600070,4.7200,4.7400,4.5500,4.6000,4.7100,3942401,18283502.0000,3,4.550526,1,-2.335459,0
2007-01-31,sh.600070,4.5500,4.6000,4.3400,4.3800,4.6000,4033042,17984479.0000,3,4.655148,1,-4.782604,0
2007-02-01,sh.600070,4.3000,4.4500,4.2300,4.4100,4.3800,3522913,15235145.0000,3,4.066331,1,0.684925,0
2007-02-02,sh.600070,4.4100,4.4500,4.2800,4.3000,4.4100,2757791,11981695.0000,3,3.183187,1,-2.494323,0
2007-02-05,sh.600070,4.2600,4.3600,4.2400,4.3300,4.3000,2174479,9372068.0000,3,2.509898,1,0.697668,0
2007-02-06,sh.600070,4.3700,4.5300,4.3700,4.5000,4.3300,2923139,13058159.0000,3,3.374040,1,3.926099,0
2007-02-07,sh.600070,4.5200,4.5700,4.4600,4.5200,4.5000,3112630,14017800.0000,3,3.592761,1,0.444444,0
2007-02-08,sh.600070,4.5400,4.6100,4.5000,4.6000,4.5200,3423282,15619782.0000,3,3.951331,1,1.769910,0
2007-02-09,sh.600070,4.6300,4.6500,4.5200,4.5500,4.6000,2075278,9481392.0000,3,2.395395,1,-1.086950,0
2007-02-12,sh.600070,4.5500,4.6700,4.5400,4.6500,4.5500,2740995,12643651.0000,3,3.163800,1,2.197800,0
2007-02-13,sh.600070,4.6800,4.7300,4.5900,4.6900,4.6500,3206914,14966864.0000,3,3.701588,1,0.860214,0
2007-02-14,sh.600070,4.6900,4.9000,4.6800,4.8300,4.6900,4929506,23681047.0000,3,5.689894,1,2.985072,0
2007-02-15,sh.600070,4.8300,5.1000,4.8300,5.1000,4.8300,5825791,28985971.0000,3,6.724433,1,5.590062,0
2007-02-16,sh.600070,5.3000,5.3600,5.0000,5.0000,5.1000,10597860,55251955.0000,3,12.232605,1,-1.960783,0
2007-02-26,sh.600070,5.0400,5.2900,5.0200,5.2700,5.0000,6443889,33233214.0000,3,7.437874,1,5.400000,0
2007-02-27,sh.600070,5.2800,5.3700,4.7400,4.7400,5.2700,7798764,39566000.0000,3,9.001742,1,-10.056930,0
2007-02-28,sh.600070,4.6900,5.0000,4.6100,4.9800,4.7400,5244032,25361150.0000,3,6.052937,1,5.063296,0
2007-03-01,sh.600070,4.9800,4.9800,4.7100,4.8000,4.9800,4518934,21806340.0000,3,5.215990,1,-3.614454,0
2007-03-02,sh.600070,4.8000,4.9500,4.8000,4.9000,4.8000,3245736,15878276.0000,3,3.746399,1,2.083331,0
2007-03-05,sh.600070,4.8800,5.0400,4.7900,4.9500,4.9000,3567843,17559316.0000,3,4.118191,1,1.020402,0
2007-03-06,sh.600070,4.9100,5.1700,4.9100,5.0900,4.9500,6064428,30693429.0000,3,6.999881,1,2.828290,0
2007-03-07,sh.600070,5.0900,5.1600,5.0500,5.1200,5.0900,5003732,25606702.0000,3,5.775570,1,0.589386,0
2007-03-08,sh.600070,5.1400,5.1800,5.0600,5.1700,5.1200,4641757,23871846.0000,3,5.357759,1,0.976566,0
2007-03-09,sh.600070,5.1700,5.2500,5.1200,5.2300,5.1700,5932518,30862478.0000,3,6.847623,1,1.160540,0
2007-03-12,sh.600070,5.2500,5.6600,5.2500,5.5700,5.2300,9842578,53552396.0000,3,11.360819,1,6.500958,0
2007-03-13,sh.600070,5.5800,5.6900,5.4300,5.5900,5.5700,7158499,39789298.0000,3,8.262715,1,0.359066,0
2007-03-14,sh.600070,5.4900,5.7700,5.3200,5.6100,5.5900,9237065,50997243.0000,3,10.661904,1,0.357781,0
2007-03-15,sh.600070,5.6300,5.8500,5.6000,5.7200,5.6100,6880000,39488039.0000,3,7.941256,1,1.960778,0
2007-03-16,sh.600070,5.7200,5.7700,5.4000,5.4800,5.7200,6870848,38150705.0000,3,7.930693,1,-4.195800,0
2007-03-19,sh.600070,5.2700,5.5000,5.2100,5.4600,5.4800,5417825,29216969.0000,3,6.253537,1,-0.364963,0
2007-03-20,sh.600070,5.5000,5.7200,5.5000,5.6700,5.4600,4826127,27206119.0000,3,5.570569,1,3.846154,0
2007-03-21,sh.600070,5.7000,5.8800,5.6700,5.8700,5.6700,7148316,41459304.0000,3,8.250961,1,3.527333,0
2007-03-22,sh.600070,5.9500,5.9500,5.8000,5.8200,5.8700,8092269,47557779.0000,3,9.340521,1,-0.851784,0
2007-03-23,sh.600070,5.8200,6.3900,5.8000,6.3200,5.8200,12658090,77580265.0000,3,14.610631,1,8.591064,0
2007-03-26,sh.600070,6.2800,6.4900,6.1800,6.4000,6.3200,7439065,47299933.0000,3,8.586559,1,1.265821,0
2007-03-27,sh.600070,6.3800,6.7900,6.2400,6.6800,6.4000,9000844,58037628.0000,3,10.389246,1,4.374996,0
2007-03-28,sh.600070,6.7400,6.7500,6.1000,6.4900,6.6800,9060890,58605929.0000,3,10.458554,1,-2.844312,0
2007-03-29,sh.600070,6.4600,6.4600,5.9600,6.0700,6.4900,7247179,45119713.0000,3,8.365074,1,-6.471488,0
2007-03-30,sh.600070,6.0000,6.2300,5.8500,6.0400,6.0700,5113497,30905081.0000,3,5.902266,1,-0.494237,0
2007-04-02,sh.600070,6.0600,6.2100,5.9600,6.2000,6.0400,5451851,33245386.0000,3,6.292812,1,2.649004,0
2007-04-03,sh.600070,6.2000,6.4900,6.1500,6.4000,6.2000,6767983,42348849.0000,3,7.811961,1,3.225811,0
2007-04-04,sh.600070,6.4100,6.8500,6.3300,6.6500,6.4000,13971262,92702761.0000,3,16.126363,1,3.906250,0
2007-04-05,sh.600070,6.5500,6.8000,6.5100,6.7400,6.6500,9138832,61017118.0000,3,10.548519,1,1.353379,0
2007-04-06,sh.600070,6.6800,7.0000,6.5200,6.9200,6.7400,11167633,76136150.0000,3,12.890267,1,2.670628,0
2007-04-09,sh.600070,6.9800,7.0500,6.8000,6.8600,6.9200,8505742,58666292.0000,3,9.817773,1,-0.867051,0
2007-04-10,sh.600070,6.8600,6.9100,6.5200,6.9000,6.8600,8058652,54198304.0000,3,9.301718,1,0.583090,0
2007-04-11,sh.600070,6.8300,6.9500,6.7200,6.8500,6.9000,6136316,41856741.0000,3,7.082857,1,-0.724640,0
2007-04-12,sh.600070,6.8400,7.1700,6.7700,7.1200,6.8500,10025719,70191935.0000,3,11.572210,1,3.941606,0
2007-04-13,sh.600070,7.1400,7.5700,7.0800,7.2500,7.1200,13646678,100431227.0000,3,15.751711,1,1.825844,0
2007-04-16,sh.600070,7.2800,7.4000,7.1800,7.3400,7.2500,7177548,52368156.0000,3,8.284702,1,1.241381,0
2007-04-17,sh.600070,7.3500,7.6800,7.3000,7.6300,7.3400,9970508,74946296.0000,3,11.508483,1,3.950953,0
2007-04-18,sh.600070,7.7000,7.8900,7.5000,7.8500,7.6300,7998135,62094137.0000,3,9.231866,1,2.883352,0
2007-04-19,sh.600070,7.8300,7.8300,7.2100,7.7100,7.8500,13501572,101908153.0000,3,15.584222,1,-1.783438,0
2007-04-20,sh.600070,7.7100,7.7100,7.7100,7.7100,7.7100,0,0.0000,3,,0,0.000000,0
2007-04-23,sh.600070,8.0500,8.1900,7.8000,8.1200,7.7100,12348425,98920408.0000,3,14.253199,1,5.317767,0
2007-04-24,sh.600070,8.1300,8.9300,7.9100,8.9300,8.1200,16149699,137739662.0000,3,18.640829,1,9.975374,0
2007-04-25,sh.600070,8.9000,8.9000,8.3500,8.6200,8.9300,8792055,76072509.0000,3,10.148251,1,-3.471449,0
2007-04-26,sh.600070,8.6800,8.8000,8.4800,8.7200,8.6200,7239997,62802949.0000,3,8.356784,1,1.160097,0
2007-04-27,sh.600070,8.8000,8.9000,8.5200,8.5500,8.7200,6631354,57809733.0000,3,7.654256,1,-1.949542,0
2007-04-30,sh.600070,8.5500,8.5500,8.1900,8.3700,8.5500,7227362,60383142.0000,3,8.342200,1,-2.105267,0
2007-05-08,sh.600070,8.4800,8.9300,8.4800,8.7600,8.3700,7729891,67457388.0000,3,8.922245,1,4.659502,0
2007-05-09,sh.600070,8.7200,9.5500,8.3700,9.3600,8.7600,14127713,128185116.0000,3,16.306947,1,6.849308,0
2007-05-10,sh.600070,9.2800,10.1700,9.1100,9.8600,9.3600,13408659,129716038.0000,3,15.476977,1,5.341880,0
2007-05-11,sh.600070,9.7800,10.1300,9.5000,9.8900,9.8600,11140474,110377453.0000,3,12.858919,1,0.304267,0
2007-05-14,sh.600070,9.9300,10.4500,9.9300,10.2500,9.8900,13022869,133182983.0000,3,15.031678,1,3.640037,0
2007-05-15,sh.600070,10.3000,10.4400,9.8000,9.8400,10.2500,10877138,108777388.0000,3,12.554963,1,-3.999998,0
2007-05-16,sh.600070,9.7200,9.9900,9.3000,9.9700,9.8400,6643300,64262927.0000,3,7.668045,1,1.321139,0
2007-05-17,sh.600070,9.9700,10.1800,9.6500,10.0000,9.9100,7480312,73948341.0000,3,6.700664,1,0.908175,0
2007-05-18,sh.600070,9.9000,9.9000,9.6100,9.7000,10.0000,5712738,55679085.0000,3,5.117318,1,-3.000002,0
2007-05-21,sh.600070,9.2800,9.8600,9.1200,9.8000,9.7000,7049034,67582357.0000,3,6.314336,1,1.030932,0
2007-05-22,sh.600070,9.8000,10.0600,9.7200,9.8900,9.8000,9152482,90599760.0000,3,8.198549,1,0.918369,0
2007-05-23,sh.600070,10.0000,10.5500,9.9000,10.4200,9.8900,12146065,124321362.0000,3,10.880121,1,5.358945,0
2007-05-24,sh.600070,10.3400,10.5000,9.8100,10.0200,10.4200,10265947,103422074.0000,3,9.195961,1,-3.838768,0
2007-05-25,sh.600070,10.0400,10.1500,9.8600,10.0500,10.0200,7757512,77677496.0000,3,6.948972,1,0.299399,0
2007-05-28,sh.600070,10.1500,10.5000,10.1500,10.3800,10.0500,15006068,155732547.0000,3,13.442035,1,3.283581,0
2007-05-29,sh.600070,10.4200,10.8200,10.2000,10.7000,10.3800,16839475,177034665.0000,3,15.084352,1,3.082849,0
2007-05-30,sh.600070,9.6400,10.3500,9.6300,9.6300,10.7000,11802732,117282800.0000,3,10.572572,1,-9.999997,0
2007-05-31,sh.600070,9.1100,9.3000,8.6700,8.6700,9.6300,10308121,90117415.0000,3,9.233740,1,-9.968848,0
2007-06-01,sh.600070,8.3500,8.6500,7.8000,7.8000,8.6700,8938521,71343299.0000,3,8.006888,1,-10.034600,0
2007-06-04,sh.600070,7.3100,7.6000,7.0200,7.0200,7.8000,3958889,28339602.0000,3,3.546267,1,-10.000000,0
2007-06-05,sh.600070,6.3200,6.7500,6.3200,6.6900,7.0200,10222185,65459486.0000,3,9.156760,1,-4.700854,0
2007-06-06,sh.600070,6.7500,6.9900,6.6900,6.8300,6.6900,8640506,59208693.0000,3,7.739935,1,2.092674,0
2007-06-07,sh.600070,6.7900,7.1800,6.5800,7.1700,6.8300,9400340,65097781.0000,3,8.420574,1,4.978040,0
2007-06-08,sh.600070,7.1700,7.3500,7.0500,7.1900,7.1700,8708481,62745010.0000,3,7.800825,1,0.278940,0
2007-06-11,sh.600070,7.2100,7.2800,7.0100,7.0800,7.1900,7499801,53742407.0000,3,6.718121,1,-1.529904,0
2007-06-12,sh.600070,7.0800,7.2300,6.3700,7.0500,7.0800,9639952,65855950.0000,3,8.635212,1,-0.423725,0
2007-06-13,sh.600070,7.0800,7.7600,7.0800,7.6500,7.0500,12422425,92383989.0000,3,11.127677,1,8.510636,0
2007-06-14,sh.600070,7.7100,7.7100,7.3100,7.3800,7.6500,9139764,68777927.0000,3,8.187157,1,-3.529412,0
2007-06-15,sh.600070,7.3300,7.5400,7.1400,7.2100,7.3800,5642983,41200117.0000,3,5.054834,1,-2.303524,0
2007-06-18,sh.600070,7.3000,7.5400,7.2300,7.5200,7.2100,9012639,67011873.0000,3,8.073281,1,4.299583,0
2007-06-19,sh.600070,7.5400,7.8000,7.4000,7.7500,7.5200,10649385,81323231.0000,3,9.539435,1,3.058511,0
2007-06-20,sh.600070,7.8800,8.5300,7.7700,7.8900,7.7500,16863477,137989081.0000,3,15.105852,1,1.806450,0
2007-06-21,sh.600070,7.9600,8.3500,7.4800,8.2800,7.8900,16256053,130221192.0000,3,14.561738,1,4.942964,0
2007-06-22,sh.600070,8.1800,8.1900,7.4500,7.4500,8.2800,8060233,62300598.0000,3,7.220142,1,-10.024150,0
2007-06-25,sh.600070,7.4000,7.4300,6.7100,6.7100,7.4500,5975859,41198893.0000,3,5.353015,1,-9.932883,0
2007-06-26,sh.600070,6.2500,6.5800,6.0400,6.5500,6.7100,6406741,39980573.0000,3,5.738988,1,-2.384499,0
2007-06-27,sh.600070,6.5400,6.7000,6.3100,6.6600,6.5500,5302376,34683203.0000,3,4.749727,1,1.679384,0
2007-06-28,sh.600070,6.5800,6.6500,5.9900,5.9900,6.6600,5554345,34723370.0000,3,4.975434,1,-10.060060,0
2007-06-29,sh.600070,5.7000,5.9000,5.4100,5.5600,5.9900,4779129,26963765.0000,3,4.281016,1,-7.178628,0
2007-07-02,sh.600070,5.6800,5.9400,5.5200,5.8800,5.5600,4140872,23811772.0000,3,3.709283,1,5.755399,0
2007-07-03,sh.600070,5.9100,6.0300,5.7200,6.0000,5.8800,4055169,23956131.0000,3,3.632512,1,2.040814,0
2007-07-04,sh.600070,6.0400,6.0400,5.6700,5.7300,6.0000,2330329,13563831.0000,3,2.087447,1,-4.500000,0
2007-07-05,sh.600070,5.5700,5.6900,5.2200,5.2500,5.7300,2995538,16407251.0000,3,2.683323,1,-8.376964,0
2007-07-06,sh.600070,5.2400,5.7800,5.2400,5.7700,5.2500,4354503,24109835.0000,3,3.900648,1,9.904761,0
2007-07-09,sh.600070,5.8500,6.0300,5.7000,5.9200,5.7700,4856215,28650550.0000,3,4.350068,1,2.599655,0
2007-07-10,sh.600070,5.8800,5.9000,5.6000,5.6600,5.9200,2923468,16827835.0000,3,2.618765,1,-4.391896,0
2007-07-11,sh.600070,5.6200,5.8700,5.6000,5.8000,5.6600,1883553,10886386.0000,3,1.687236,1,2.473504,0
2007-07-12,sh.600070,5.8300,6.0400,5.8200,5.9600,5.8000,2951970,17529977.0000,3,2.644296,1,2.758618,0
2007-07-13,sh.600070,5.9600,6.0200,5.7000,5.8800,5.9600,1993447,11692467.0000,3,1.785677,1,-1.342281,0
2007-07-16,sh.600070,5.9000,5.9000,5.6000,5.6200,5.8800,1634481,9358236.0000,3,1.464124,1,-4.421772,0
2007-07-17,sh.600070,5.6000,5.9800,5.5300,5.9200,5.6200,2895797,16953551.0000,3,2.593978,1,5.338082,0
2007-07-18,sh.600070,5.8900,6.0000,5.7800,5.8700,5.9200,2130814,12589117.0000,3,1.908726,1,-0.844598,0
2007-07-19,sh.600070,5.7600,5.9400,5.6000,5.9000,5.8700,1446751,8450574.0000,3,1.295961,1,0.511077,0
2007-07-20,sh.600070,5.8100,6.1400,5.8100,6.0900,5.9000,4761101,28773922.0000,3,4.264867,1,3.220340,0
2007-07-23,sh.600070,6.0400,6.6800,6.0300,6.6200,6.0900,6817635,43606207.0000,3,6.107055,1,8.702787,0
2007-07-24,sh.600070,6.5800,6.7600,6.4300,6.4600,6.6200,7574356,50105074.0000,3,6.784906,1,-2.416916,0
2007-07-25,sh.600070,6.4600,6.6700,6.4500,6.6600,6.4600,3902547,25661007.0000,3,3.495797,1,3.095972,0
2007-07-26,sh.600070,6.6700,6.9600,6.6700,6.8100,6.6600,5056578,34568498.0000,3,4.529548,1,2.252254,0
2007-07-27,sh.600070,6.7900,6.9200,6.6700,6.9100,6.8100,5058968,34518913.0000,3,4.531688,1,1.468427,0
2007-07-30,sh.600070,6.9300,7.2800,6.9200,7.0900,6.9100,6326274,45268415.0000,3,5.666907,1,2.604925,0
2007-07-31,sh.600070,7.0500,7.1600,6.8700,7.0600,7.0900,4238132,29649162.0000,3,3.796405,1,-0.423134,0
2007-08-01,sh.600070,7.1000,7.1800,6.4800,6.4900,7.0600,5059118,34792956.0000,3,4.531823,1,-8.073657,0
2007-08-02,sh.600070,6.5600,6.7900,6.4000,6.7000,6.4900,3516479,23365273.0000,3,3.149968,1,3.235748,0
2007-08-03,sh.600070,6.7900,6.8700,6.5500,6.7900,6.7000,4014159,26978681.0000,3,3.595776,1,1.343286,0
2007-08-06,sh.600070,6.8500,7.4700,6.8500,7.3300,6.7900,10446064,75553482.0000,3,9.357305,1,7.952871,0
2007-08-07,sh.600070,7.2800,7.4800,7.0500,7.2100,7.3300,9621147,70054300.0000,3,8.618367,1,-1.637106,0
2007-08-08,sh.600070,7.0900,7.1600,6.6700,6.8700,7.2100,4735080,32836774.0000,3,4.241558,1,-4.715675,0
2007-08-09,sh.600070,6.8300,7.0500,6.8100,6.9200,6.8700,2723606,18893641.0000,3,2.439734,1,0.727805,0
2007-08-10,sh.600070,6.8500,6.9000,6.5000,6.7000,6.9200,3498010,23371396.0000,3,3.133424,1,-3.179194,0
2007-08-13,sh.600070,6.6300,6.7400,6.4500,6.7000,6.7000,3328132,21988124.0000,3,2.981252,1,0.000000,0
2007-08-14,sh.600070,6.7200,6.9700,6.7100,6.9200,6.7000,2696503,18512502.0000,3,2.415455,1,3.283586,0
2007-08-15,sh.600070,6.9400,6.9700,6.5600,6.7100,6.9200,2650026,17862577.0000,3,2.373823,1,-3.034683,0
2007-08-16,sh.600070,6.6800,6.9600,6.5800,6.9000,6.7100,3041503,20699746.0000,3,2.724497,1,2.831595,0
2007-08-17,sh.600070,6.9200,7.2900,6.8500,7.1500,6.9000,8757679,62618350.0000,3,7.844895,1,3.623188,0
2007-08-20,sh.600070,7.4400,7.4900,7.2800,7.4100,7.1500,11747415,86643648.0000,3,10.523021,1,3.636360,0
2007-08-21,sh.600070,7.4000,7.4000,7.2000,7.3200,7.4100,5298716,38695333.0000,3,4.746448,1,-1.214571,0
2007-08-22,sh.600070,7.2300,7.4600,7.1800,7.4000,7.3200,4829652,35607208.0000,3,4.326273,1,1.092895,0
2007-08-23,sh.600070,7.4500,7.7000,7.4500,7.5700,7.4000,8080658,61315460.0000,3,7.238438,1,2.297298,0
2007-08-24,sh.600070,7.6200,7.6800,7.3500,7.4200,7.5700,6073314,45378554.0000,3,5.440313,1,-1.981507,0
2007-08-27,sh.600070,7.4500,7.5600,7.2900,7.4400,7.4200,4424614,32864169.0000,3,3.963451,1,0.269541,0
2007-08-28,sh.600070,7.4200,7.4800,7.2200,7.3900,7.4400,3584423,26447437.0000,3,3.210830,1,-0.672046,0
2007-08-29,sh.600070,7.3200,7.3900,7.1200,7.1800,7.3900,3411967,24729641.0000,3,3.056349,1,-2.841678,0
2007-08-30,sh.600070,7.2200,7.6500,7.2200,7.6500,7.1800,7322570,55110703.0000,3,6.559363,1,6.545965,0
2007-08-31,sh.600070,7.7000,7.8500,7.5800,7.5900,7.6500,6686840,51431895.0000,3,5.989893,1,-0.784313,0
2007-09-03,sh.600070,7.7500,7.9500,7.6300,7.8400,7.5900,7160084,55897387.0000,3,6.413812,1,3.293808,0
2007-09-04,sh.600070,7.8400,8.1900,7.8100,7.8700,7.8400,8581837,68503402.0000,3,7.687380,1,0.382650,0
2007-09-05,sh.600070,7.8800,8.0800,7.6500,7.8500,7.8700,5252264,41141707.0000,3,4.704838,1,-0.254129,0
2007-09-06,sh.600070,7.8800,8.0800,7.8800,7.9200,7.8500,5035828,40179996.0000,3,4.510960,1,0.891722,0
2007-09-07,sh.600070,7.8500,7.8500,7.6000,7.6000,7.9200,5508342,42572930.0000,3,4.934226,1,-4.040406,0
2007-09-10,sh.600070,7.5600,7.9600,7.3800,7.9400,7.6000,4625255,35427380.0000,3,4.143180,1,4.473686,0
2007-09-11,sh.600070,7.8800,8.0800,7.2000,7.2800,7.9400,5176174,40188585.0000,3,4.636678,1,-8.312341,0
2007-09-12,sh.600070,7.3000,7.4900,7.1700,7.4300,7.2800,3798228,27861271.0000,3,3.402351,1,2.060434,0
2007-09-13,sh.600070,7.4300,7.5400,7.3200,7.4900,7.4300,3119540,23232095.0000,3,2.794401,1,0.807536,0
2007-09-14,sh.600070,7.4900,7.7800,7.4400,7.6900,7.4900,3980931,30331212.0000,3,3.566012,1,2.670231,0
2007-09-17,sh.600070,7.6500,8.0400,7.6300,7.9500,7.6900,6332732,49837119.0000,3,5.672692,1,3.381011,0
2007-09-18,sh.600070,7.9900,8.1900,7.8000,8.1800,7.9500,9286183,74834509.0000,3,8.318315,1,2.893088,0
2007-09-19,sh.600070,8.2300,8.2500,7.8800,7.9600,8.1800,4566221,36635952.0000,3,4.090299,1,-2.689490,0
2007-09-20,sh.600070,7.9600,8.1500,7.9100,8.0400,7.9600,5428599,43428610.0000,3,4.862794,1,1.005024,0
2007-09-21,sh.600070,8.0400,8.1000,7.6000,7.8000,8.0400,4147146,32438851.0000,3,3.714903,1,-2.985072,0
2007-09-24,sh.600070,7.8600,7.9800,7.7000,7.8300,7.8000,3635996,28498282.0000,3,3.257028,1,0.384612,0
2007-09-25,sh.600070,7.8300,7.8900,7.6500,7.6900,7.8300,2915837,22643811.0000,3,2.611929,1,-1.787993,0
2007-09-26,sh.600070,7.7000,7.7800,7.6100,7.7300,7.6900,1892833,14539938.0000,3,1.695549,1,0.520155,0
2007-09-27,sh.600070,7.7300,7.8500,7.6500,7.7400,7.7300,1976886,15326984.0000,3,1.770842,1,0.129363,0
2007-09-28,sh.600070,7.8500,7.9200,7.7500,7.8400,7.7400,3338218,26197071.0000,3,2.990287,1,1.291995,0
2007-10-08,sh.600070,7.9600,8.1500,7.8000,8.0000,7.8400,5311492,42443334.0000,3,4.757893,1,2.040814,0
2007-10-09,sh.600070,8.0500,8.2600,7.9100,8.2400,8.0000,7009701,56997459.0000,3,6.279103,1,2.999997,0
2007-10-10,sh.600070,8.2500,8.2900,7.9200,8.0000,8.2400,4406514,35692947.0000,3,3.947238,1,-2.912619,0
2007-10-11,sh.600070,8.0000,8.0300,7.6100,7.6200,8.0000,4426326,34464944.0000,3,3.964985,1,-4.750001,0
2007-10-12,sh.600070,7.6100,7.6200,6.8600,7.2500,7.6200,5570328,40294664.0000,3,4.989751,1,-4.855642,0
2007-10-15,sh.600070,7.1500,7.3800,7.1200,7.3300,7.2500,2769091,20133672.0000,3,2.480478,1,1.103447,0
2007-10-16,sh.600070,7.3300,7.4800,7.1100,7.4300,7.3300,2662579,19471155.0000,3,2.385067,1,1.364255,0
2007-10-17,sh.600070,7.3200,7.5000,7.3200,7.3500,7.4300,1693652,12512615.0000,3,1.517128,1,-1.076715,0
2007-10-18,sh.600070,7.3800,7.4000,7.1200,7.2000,7.3500,1765362,12765278.0000,3,1.581364,1,-2.040817,0
2007-10-19,sh.600070,7.2100,7.3400,7.1000,7.1300,7.2000,1241372,8923593.0000,3,1.111988,1,-0.972218,0
2007-10-22,sh.600070,7.0600,7.1000,6.8500,6.8900,7.1300,2536771,17651071.0000,3,2.272372,1,-3.366062,0
2007-10-23,sh.600070,6.8400,6.9900,6.5900,6.8800,6.8900,2321460,15732561.0000,3,2.079502,1,-0.145134,0
2007-10-24,sh.600070,6.9200,6.9200,6.5300,6.5800,6.8800,2046637,13714884.0000,3,1.833323,1,-4.360468,0
2007-10-25,sh.600070,6.5700,6.5700,5.9200,5.9200,6.5800,3932967,24023382.0000,3,3.523047,1,-10.030390,0
2007-10-26,sh.600070,5.9000,6.1400,5.8000,6.0800,5.9200,2224726,13327034.0000,3,1.992850,1,2.702700,0
2007-10-29,sh.600070,6.1200,6.1900,6.0000,6.1600,6.0800,1610421,9808915.0000,3,1.442572,1,1.315788,0
2007-10-30,sh.600070,6.2000,6.3500,6.1000,6.3400,6.1600,1554308,9674567.0000,3,1.392308,1,2.922083,0
2007-10-31,sh.600070,6.3500,6.6000,6.3100,6.5600,6.3400,2396848,15523334.0000,3,2.147032,1,3.470028,0
2007-11-01,sh.600070,6.5600,6.5600,6.3000,6.3000,6.5600,1243929,7933678.0000,3,1.114278,1,-3.963411,0
2007-11-02,sh.600070,6.1100,6.2400,6.0500,6.1900,6.3000,1226041,7534649.0000,3,1.098255,1,-1.746034,0
2007-11-05,sh.600070,6.1000,6.3500,6.1000,6.2900,6.1900,1150526,7228126.0000,3,1.030610,1,1.615507,0
2007-11-06,sh.600070,6.2500,6.4400,6.2500,6.3700,6.2900,1074454,6846547.0000,3,0.962467,1,1.271859,0
2007-11-07,sh.600070,6.3500,6.4500,6.2000,6.3300,6.3700,1149723,7258484.0000,3,1.029891,1,-0.627943,0
2007-11-08,sh.600070,6.2800,6.3900,6.0100,6.1100,6.3300,1134966,7140041.0000,3,1.016672,1,-3.475510,0
2007-11-09,sh.600070,6.1100,6.2500,6.0600,6.1700,6.1100,1076430,6635085.0000,3,0.964237,1,0.981996,0
2007-11-12,sh.600070,6.0100,6.2500,6.0100,6.2500,6.1700,888085,5459585.0000,3,0.795523,1,1.296595,0
2007-11-13,sh.600070,6.2200,6.4600,6.2200,6.3900,6.2500,1933786,12245071.0000,3,1.732234,1,2.239998,0
2007-11-14,sh.600070,6.4400,6.6300,6.3800,6.5300,6.3900,3259203,21283573.0000,3,2.919507,1,2.190929,0
2007-11-15,sh.600070,6.5300,6.5300,6.5300,6.5300,6.5300,0,0.0000,3,,0,0.000000,0
2007-11-16,sh.600070,7.1800,7.1800,6.6800,6.9900,6.5300,8687872,60647670.0000,3,7.782364,1,7.044403,0
2007-11-19,sh.600070,6.9500,7.6900,6.8900,7.6900,6.9900,11554217,87482686.0000,3,10.349959,1,10.014310,0
2007-11-20,sh.600070,7.7000,7.8100,7.4300,7.6200,7.6900,7966573,60611551.0000,3,7.136243,1,-0.910275,0
2007-11-21,sh.600070,7.6800,7.9500,7.5200,7.7700,7.6200,5346900,41547459.0000,3,4.789610,1,1.968505,0
2007-11-22,sh.600070,7.6400,7.6500,7.2800,7.4300,7.7700,4395313,32818916.0000,3,3.937204,1,-4.375806,0
2007-11-23,sh.600070,7.3200,7.5700,7.1600,7.3400,7.4300,3077155,22508809.0000,3,2.756433,1,-1.211301,0
2007-11-26,sh.600070,7.4000,7.6500,7.3500,7.5100,7.3400,2968091,22206741.0000,3,2.658737,1,2.316077,0
2007-11-27,sh.600070,7.4800,7.5300,7.1800,7.2500,7.5100,1873129,13715509.0000,3,1.677899,1,-3.462054,0
2007-11-28,sh.600070,7.2400,7.3600,7.1100,7.2500,7.2500,1886644,13623918.0000,3,1.690005,1,0.000000,0
2007-11-29,sh.600070,7.3000,7.5600,7.2600,7.4400,7.2500,3132618,23362695.0000,3,2.806116,1,2.620691,0
2007-11-30,sh.600070,7.4400,7.4900,7.1800,7.2200,7.4400,2029271,14778425.0000,3,1.817767,1,-2.956993,0
2007-12-03,sh.600070,7.2400,7.5900,7.1800,7.5500,7.2200,2274219,16922757.0000,3,2.037185,1,4.570643,0
2007-12-04,sh.600070,7.5800,7.8500,7.5000,7.6800,7.5500,3880879,29876229.0000,3,3.476388,1,1.721849,0
2007-12-05,sh.600070,7.5500,7.7700,7.4600,7.6800,7.6800,2990925,22737894.0000,3,2.679191,1,0.000000,0
2007-12-06,sh.600070,7.7300,7.8000,7.5000,7.7100,7.6800,2466070,18877368.0000,3,2.209040,1,0.390628,0
2007-12-07,sh.600070,7.7100,7.8200,7.6200,7.7600,7.7100,2638610,20418499.0000,3,2.363596,1,0.648511,0
2007-12-10,sh.600070,7.6200,7.9400,7.5300,7.8600,7.7600,4215816,32932423.0000,3,3.776415,1,1.288659,0
2007-12-11,sh.600070,7.8000,7.9300,7.7000,7.8200,7.8600,2987743,23269579.0000,3,2.676340,1,-0.508905,0
2007-12-12,sh.600070,7.8100,7.8800,7.6700,7.7900,7.8200,2446069,18966967.0000,3,2.191123,1,-0.383634,0
2007-12-13,sh.600070,7.7400,8.1900,7.7200,7.8100,7.7900,6380472,51140194.0000,3,5.715456,1,0.256739,0
2007-12-14,sh.600070,7.8000,8.5900,7.7500,8.4500,7.8100,10908764,90258873.0000,3,9.771780,1,8.194621,0
2007-12-17,sh.600070,8.3900,8.6900,8.2200,8.3700,8.4500,7262230,61275077.0000,3,6.505312,1,-0.946745,0
2007-12-18,sh.600070,8.3400,8.5200,8.1000,8.1800,8.3700,3056500,25177873.0000,3,2.737931,1,-2.270007,0
2007-12-19,sh.600070,8.3000,8.5500,8.2200,8.5100,8.1800,4039835,33867760.0000,3,3.618776,1,4.034229,0
2007-12-20,sh.600070,8.5700,8.6300,8.3700,8.4000,8.5100,3545896,30008549.0000,3,3.176319,1,-1.292604,0
2007-12-21,sh.600070,8.3900,8.4900,8.2000,8.4500,8.4000,4183967,34788061.0000,3,3.747886,1,0.595240,0
2007-12-24,sh.600070,8.5000,8.6700,8.4000,8.4200,8.4500,3960964,33731257.0000,3,3.548126,1,-0.355026,0
2007-12-25,sh.600070,8.4000,8.6500,8.4000,8.5100,8.4200,3400501,28938037.0000,3,3.046078,1,1.068885,0
2007-12-26,sh.600070,8.3300,8.5300,8.1100,8.5100,8.5100,14007877,116145979.0000,3,12.547882,1,0.000000,0
2007-12-27,sh.600070,8.5000,8.9900,8.4300,8.8100,8.5100,9965465,87367026.0000,3,8.926797,1,3.525266,0
2007-12-28,sh.600070,8.9000,9.0500,8.6600,8.7800,8.8100,6681586,59232915.0000,3,5.985186,1,-0.340530,0
2008-01-02,sh.600070,8.8800,9.0800,8.6000,8.9200,8.7800,5018615,44599897.0000,3,4.495541,1,1.594537,0
2008-01-03,sh.600070,8.9000,9.1600,8.8600,9.0700,8.9200,5099057,46077289.0000,3,4.567599,1,1.681610,0
2008-01-04,sh.600070,9.0900,9.1800,8.8500,8.9100,9.0700,4782815,42631640.0000,3,4.284318,1,-1.764056,0
2008-01-07,sh.600070,8.8100,9.0000,8.7600,8.9500,8.9100,5611626,49825779.0000,3,5.026745,1,0.448933,0
2008-01-08,sh.600070,8.9700,9.1900,8.7700,8.8300,8.9500,6334579,56726780.0000,3,5.674347,1,-1.340781,0
2008-01-09,sh.600070,8.8000,9.0300,8.7200,8.9900,8.8300,4034040,35871734.0000,3,3.613585,1,1.812003,0
2008-01-10,sh.600070,8.9900,9.2600,8.9900,9.0200,8.9900,5154771,47062457.0000,3,4.617506,1,0.333712,0
2008-01-11,sh.600070,9.0300,9.5000,8.9200,9.4900,9.0200,7596082,70070194.0000,3,6.804367,1,5.210635,0
2008-01-14,sh.600070,10.1000,10.1000,9.4900,9.6100,9.4900,12306389,119835663.0000,3,11.023735,1,1.264488,0
2008-01-15,sh.600070,9.6500,9.7600,9.5000,9.6800,9.6100,5520991,53244269.0000,3,4.945556,1,0.728415,0
2008-01-16,sh.600070,9.6000,9.6500,9.3300,9.5600,9.6800,4681704,44321666.0000,3,4.193745,1,-1.239668,0
2008-01-17,sh.600070,9.5000,9.6700,8.9000,9.2200,9.5600,3878822,35956828.0000,3,3.474545,1,-3.556487,0
2008-01-18,sh.600070,9.3600,9.3600,9.0000,9.1500,9.2200,3125618,28568203.0000,3,2.799845,1,-0.759226,0
2008-01-21,sh.600070,9.2400,9.4600,9.0600,9.2200,9.1500,5356058,49439761.0000,3,4.797814,1,0.765034,0
2008-01-22,sh.600070,9.0800,9.1500,8.3000,8.3000,9.2200,4843434,41429507.0000,3,4.338619,1,-9.978309,0
2008-01-23,sh.600070,8.1200,8.7000,7.9000,8.6700,8.3000,5635725,47384267.0000,3,5.048332,1,4.457830,0
2008-01-24,sh.600070,8.7000,8.8800,8.5300,8.7500,8.6700,4349503,38054059.0000,3,3.896169,1,0.922721,0
2008-01-25,sh.600070,8.7200,8.9400,8.5000,8.6800,8.7500,2433439,21320523.0000,3,2.179810,1,-0.799996,0
2008-01-28,sh.600070,8.5800,8.6000,8.1100,8.2900,8.6800,3796920,31497489.0000,3,3.401180,1,-4.493091,0
2008-01-29,sh.600070,8.4800,8.7900,8.2800,8.6300,8.2900,3894579,33408769.0000,3,3.488660,1,4.101329,0
2008-01-30,sh.600070,8.7500,8.8300,8.3600,8.6000,8.6300,2373231,20601027.0000,3,2.125877,1,-0.347622,0
2008-01-31,sh.600070,8.6000,8.7300,8.2200,8.2600,8.6000,1537235,13045925.0000,3,1.377014,1,-3.953490,0
2008-02-01,sh.600070,8.3000,8.3000,7.5000,7.7600,8.2600,2671829,20987001.0000,3,2.393353,1,-6.053268,0
2008-02-04,sh.600070,8.0000,8.4000,7.9100,8.3600,7.7600,2172481,17824802.0000,3,1.946050,1,7.731951,0
2008-02-05,sh.600070,8.2800,8.5400,8.1500,8.5400,8.3600,2197376,18448686.0000,3,1.968351,1,2.153114,0
2008-02-13,sh.600070,8.4300,8.7300,8.3200,8.6400,8.5400,1985864,17112398.0000,3,1.778884,1,1.170965,0
2008-02-14,sh.600070,8.7900,8.9400,8.7000,8.8300,8.6400,3767770,33181412.0000,3,3.375068,1,2.199069,0
2008-02-15,sh.600070,8.7800,8.8700,8.5000,8.7200,8.8300,1848879,16062646.0000,3,1.656176,1,-1.245749,0
2008-02-18,sh.600070,8.7600,9.0200,8.7600,8.9100,8.7200,2716940,24268358.0000,3,2.433762,1,2.178894,0
2008-02-19,sh.600070,8.9700,9.0400,8.8400,9.0300,8.9100,2563800,22976055.0000,3,2.296584,1,1.346800,0
2008-02-20,sh.600070,9.0300,9.1200,8.8900,9.0600,9.0300,2964285,26687428.0000,3,2.655327,1,0.332234,0
2008-02-21,sh.600070,9.0000,9.2700,8.8900,9.2600,9.0600,4490857,40909482.0000,3,4.022790,1,2.207503,0
2008-02-22,sh.600070,9.2400,9.2500,8.6900,8.8600,9.2600,3288053,29538166.0000,3,2.945350,1,-4.319660,0
2008-02-25,sh.600070,8.9000,8.9800,8.5400,8.5800,8.8600,1994169,17390650.0000,3,1.786323,1,-3.160268,0
2008-02-26,sh.600070,8.7700,8.8800,8.4000,8.7200,8.5800,1910786,16587833.0000,3,1.711631,1,1.631706,0
2008-02-27,sh.600070,8.8400,9.0000,8.6800,8.9700,8.7200,2130038,19002177.0000,3,1.908031,1,2.866972,0
2008-02-28,sh.600070,9.0000,9.0800,8.9200,8.9300,8.9700,1491360,13411141.0000,3,1.335920,1,-0.445930,0
2008-02-29,sh.600070,8.9300,9.1500,8.9300,9.1000,8.9300,2444841,22054682.0000,3,2.190023,1,1.903696,0
2008-03-03,sh.600070,9.1200,9.3800,9.0300,9.3500,9.1000,4164418,38598420.0000,3,3.730374,1,2.747252,0
2008-03-04,sh.600070,9.3100,9.4600,9.1000,9.1600,9.3500,3771468,34942471.0000,3,3.378380,1,-2.032091,0
2008-03-05,sh.600070,9.1200,9.3900,9.1000,9.3400,9.1600,2696055,24909999.0000,3,2.415054,1,1.965069,0
2008-03-06,sh.600070,9.4000,9.6300,9.3400,9.4000,9.3400,3921819,37145394.0000,3,3.513061,1,0.642393,0
2008-03-07,sh.600070,9.3800,9.4000,9.0500,9.1000,9.4000,2626608,24055260.0000,3,2.352845,1,-3.191482,0
2008-03-10,sh.600070,9.0400,9.1700,8.8600,8.9900,9.1000,2249451,20135663.0000,3,2.014998,1,-1.208798,0
2008-03-11,sh.600070,9.1000,9.4200,9.0000,9.4000,8.9900,4333318,39874983.0000,3,3.881671,1,4.560621,0
2008-03-12,sh.600070,9.4500,9.5200,9.0700,9.0800,9.4000,3142398,29370215.0000,3,2.814876,1,-3.404252,0
2008-03-13,sh.600070,8.9600,9.0400,8.4000,8.5900,9.0800,2882101,25079006.0000,3,2.581709,1,-5.396473,0
2008-03-14,sh.600070,8.5500,8.6700,8.3000,8.4500,8.5900,1409042,11933275.0000,3,1.262182,1,-1.629806,0
2008-03-17,sh.600070,8.4000,8.5000,7.7100,7.7700,8.4500,2331904,18801696.0000,3,2.088857,1,-8.047336,0
2008-03-18,sh.600070,7.7000,7.9500,7.0200,7.2800,7.7700,2150759,16298258.0000,3,1.926592,1,-6.306304,0
2008-03-19,sh.600070,7.5000,7.8000,7.3800,7.7000,7.2800,1680931,12760901.0000,3,1.505733,1,5.769225,0
2008-03-20,sh.600070,7.6000,8.2000,7.2100,8.0800,7.7000,1853204,14401154.0000,3,1.660051,1,4.935066,0
2008-03-21,sh.600070,8.0000,8.1800,7.9000,8.0800,8.0800,1459083,11785478.0000,3,1.307008,1,0.000000,0
2008-03-24,sh.600070,8.2600,8.2800,7.9000,7.9600,8.0800,1156107,9368295.0000,3,1.035610,1,-1.485147,0
2008-03-25,sh.600070,8.7600,8.7600,8.0500,8.7600,7.9600,6498875,56340036.0000,3,5.821519,1,10.050250,0
2008-03-26,sh.600070,8.9900,9.1800,8.6900,8.8700,8.7600,6364985,56832333.0000,3,5.701584,1,1.255704,0
2008-03-27,sh.600070,8.7000,8.9000,8.1700,8.2200,8.8700,4208807,35998550.0000,3,3.770137,1,-7.328068,0
2008-03-28,sh.600070,8.0000,8.5100,7.9100,8.4900,8.2200,2633762,21812319.0000,3,2.359254,1,3.284666,0
2008-03-31,sh.600070,8.2000,8.2500,7.9000,7.9100,8.4900,3052432,24584668.0000,3,2.734287,1,-6.831565,0
2008-04-01,sh.600070,8.0800,8.0800,7.1600,7.1900,7.9100,2596410,19454381.0000,3,2.325795,1,-9.102400,0
2008-04-02,sh.600070,7.3000,7.4700,6.6000,6.7100,7.1900,2581808,18072641.0000,3,2.312715,1,-6.675939,0
2008-04-03,sh.600070,6.7100,7.1500,6.5400,7.0500,6.7100,1707132,11758113.0000,3,1.529203,1,5.067067,0
2008-04-07,sh.600070,6.9300,7.5000,6.7500,7.4800,7.0500,2383031,17320330.0000,3,2.134656,1,6.099288,0
2008-04-08,sh.600070,7.3500,7.7000,7.3000,7.5000,7.4800,2118114,15889045.0000,3,1.897350,1,0.267379,0
2008-04-09,sh.600070,7.4100,7.5500,7.0000,7.0000,7.5000,2308917,16863351.0000,3,2.068266,1,-6.666667,0
2008-04-10,sh.600070,6.9000,7.2000,6.8400,7.2000,7.0000,1343489,9455292.0000,3,1.203462,1,2.857140,0
2008-04-11,sh.600070,7.1900,7.3500,7.1800,7.2100,7.2000,1150434,8336797.0000,3,1.030528,1,0.138892,0
2008-04-14,sh.600070,7.1800,7.1800,6.6100,6.6300,7.2100,1586799,10825408.0000,3,1.421412,1,-8.044381,0
2008-04-15,sh.600070,6.5800,6.9400,6.5400,6.9300,6.6300,1182169,7936178.0000,3,1.058955,1,4.524882,0
2008-04-16,sh.600070,6.8900,6.9700,6.5800,6.7100,6.9300,1287724,8685592.0000,3,1.153509,1,-3.174600,0
2008-04-17,sh.600070,6.7100,6.8700,6.3800,6.4900,6.7100,1224607,8062624.0000,3,1.096970,1,-3.278692,0
2008-04-18,sh.600070,6.4000,6.5200,6.0000,6.0700,6.4900,1461536,9091618.0000,3,1.309205,1,-6.471488,0
2008-04-21,sh.600070,6.4800,6.5500,6.0400,6.0700,6.0700,1440230,9035776.0000,3,1.290120,1,0.000000,0
2008-04-22,sh.600070,6.0400,6.0400,5.5000,5.8800,6.0700,1484739,8620869.0000,3,1.329990,1,-3.130149,0
2008-04-23,sh.600070,5.8800,5.8800,5.8800,5.8800,5.8800,0,0.0000,3,,0,0.000000,0
2008-04-24,sh.600070,6.4700,6.4700,6.4700,6.4700,5.8800,542613,3510706.0000,3,0.486058,1,10.034010,0
2008-04-25,sh.600070,6.7900,7.0000,6.6000,6.7500,6.4700,4979627,33912582.0000,3,4.460617,1,4.327669,0
2008-04-28,sh.600070,6.5800,6.7000,6.4200,6.5700,6.7500,2123010,13925512.0000,3,1.901736,1,-2.666664,0
2008-04-29,sh.600070,6.5700,6.6600,6.5100,6.5900,6.5700,1452929,9583477.0000,3,1.301495,1,0.304414,0
2008-04-30,sh.600070,6.6300,6.8300,6.6000,6.7700,6.5900,2550910,17176921.0000,3,2.285037,1,2.731409,0
2008-05-05,sh.600070,6.7800,7.0500,6.6800,6.9500,6.7700,2987225,20478418.0000,3,2.675876,1,2.658786,0
2008-05-06,sh.600070,6.9100,7.1500,6.7800,7.1200,6.9500,3052255,21236771.0000,3,2.734129,1,2.446044,0
2008-05-07,sh.600070,7.0100,7.3400,7.0000,7.1400,7.1200,6844776,49409960.0000,3,6.131368,1,0.280899,0
2008-05-08,sh.600070,7.0600,7.1800,6.8000,7.1500,7.1400,5002997,35084133.0000,3,4.481551,1,0.140059,0
2008-05-09,sh.600070,7.2800,7.3600,7.0000,7.3300,7.1500,5386763,38653222.0000,3,4.825318,1,2.517480,0
2008-05-12,sh.600070,7.2600,7.3400,7.0100,7.2300,7.3300,6072252,43467221.0000,3,5.439361,1,-1.364255,0
2008-05-13,sh.600070,7.0100,7.1800,6.8800,7.0600,7.2300,3548649,24870547.0000,3,3.178785,1,-2.351315,0
2008-05-14,sh.600070,7.0800,7.2300,7.0100,7.1900,7.0600,2433951,17447228.0000,3,2.180268,1,1.841361,0
2008-05-15,sh.600070,7.2300,7.3000,7.1100,7.1300,7.1900,2254864,16216662.0000,3,2.019847,1,-0.834492,0
2008-05-16,sh.600070,7.1100,7.1500,6.8300,6.9300,7.1300,1917431,13375777.0000,3,1.717583,1,-2.805053,0
2008-05-19,sh.600070,6.9100,6.9800,6.7300,6.9400,6.9300,1050641,7190932.0000,3,0.941136,1,0.144304,0
2008-05-20,sh.600070,6.8500,7.0100,6.3600,6.4400,6.9400,1408379,9551363.0000,3,1.186811,1,-7.204611,0
2008-05-21,sh.600070,6.3600,6.5700,6.1000,6.5300,6.3400,1163096,7340454.0000,3,0.980116,1,2.996846,0
2008-05-22,sh.600070,6.4800,6.8500,6.4100,6.6100,6.5300,1586864,10590174.0000,3,1.337217,1,1.225114,0
2008-05-23,sh.600070,6.6000,6.8000,6.4500,6.6700,6.6100,867328,5738304.0000,3,0.730879,1,0.907715,0
2008-05-26,sh.600070,6.5900,6.7400,6.4000,6.4000,6.6700,813678,5361289.0000,3,0.685669,1,-4.047976,0
2008-05-27,sh.600070,6.4500,6.5000,6.3600,6.4400,6.4000,574134,3686386.0000,3,0.483811,1,0.624999,0
2008-05-28,sh.600070,6.5500,6.6100,6.4000,6.5800,6.4400,774441,5060443.0000,3,0.652605,1,2.173911,0
2008-05-29,sh.600070,6.5800,6.6500,6.2900,6.2900,6.5800,817035,5308044.0000,3,0.688498,1,-4.407294,0
2008-05-30,sh.600070,6.2900,6.4100,6.1700,6.3000,6.2900,719218,4513462.0000,3,0.606070,1,0.158986,0
2008-06-02,sh.600070,6.2200,6.3900,6.1800,6.3500,6.3000,618590,3896866.0000,3,0.521273,1,0.793646,0
2008-06-03,sh.600070,6.3600,6.4000,6.2800,6.3600,6.3500,524095,3318423.0000,3,0.441644,1,0.157484,0
2008-06-04,sh.600070,6.3200,6.3600,6.1800,6.3300,6.3600,660690,4133212.0000,3,0.556749,1,-0.471701,0
2008-06-05,sh.600070,6.3300,6.5500,6.2600,6.4400,6.3300,1065620,6843962.0000,3,0.897975,1,1.737759,0
2008-06-06,sh.600070,6.4300,6.7900,6.4300,6.6600,6.4400,2733014,18130093.0000,3,2.303053,1,3.416146,0
2008-06-10,sh.600070,6.3500,6.3800,5.9900,5.9900,6.6600,1363586,8339532.0000,3,1.149065,1,-10.060060,0
2008-06-11,sh.600070,5.8200,5.9500,5.5200,5.6500,5.9900,1285501,7313455.0000,3,1.083264,1,-5.676122,0
2008-06-12,sh.600070,5.6000,5.7400,5.4000,5.5400,5.6500,939877,5211967.0000,3,0.792014,1,-1.946905,0
2008-06-13,sh.600070,5.5700,5.7200,5.4000,5.4000,5.5400,836144,4633738.0000,3,0.704601,1,-2.527073,0
2008-06-16,sh.600070,5.2500,5.4100,5.2300,5.2600,5.4000,701118,3706845.0000,3,0.590817,1,-2.592590,0
2008-06-17,sh.600070,5.2700,5.3500,4.8500,4.9000,5.2600,1051835,5326366.0000,3,0.886359,1,-6.844109,0
2008-06-18,sh.600070,4.9000,5.2000,4.7900,5.2000,4.9000,1321399,6668560.0000,3,1.113515,1,6.122443,0
2008-06-19,sh.600070,5.1800,5.2000,4.6800,4.6800,5.2000,1336659,6560907.0000,3,1.126374,1,-10.000000,0
2008-06-20,sh.600070,4.7500,5.0200,4.5300,4.7700,4.6800,866864,4144411.0000,3,0.730488,1,1.923080,0
2008-06-23,sh.600070,4.7500,4.8500,4.6000,4.7400,4.7700,589406,2808343.0000,3,0.496680,1,-0.628935,0
2008-06-24,sh.600070,4.7400,4.9100,4.7100,4.8900,4.7400,537709,2604112.0000,3,0.453116,1,3.164559,0
2008-06-25,sh.600070,4.9100,5.1200,4.8500,5.1100,4.8900,925100,4649172.0000,3,0.779562,1,4.498983,0
2008-06-26,sh.600070,5.1100,5.1900,5.0100,5.1500,5.1100,1180438,6026024.0000,3,0.994730,1,0.782778,0
2008-06-27,sh.600070,5.0500,5.0500,4.6700,4.7400,5.1500,916198,4433717.0000,3,0.772061,1,-7.961171,0
2008-06-30,sh.600070,4.7000,4.8200,4.6500,4.8000,4.7400,401858,1911423.0000,3,0.338637,1,1.265832,0
2008-07-01,sh.600070,4.7700,4.8200,4.6100,4.6500,4.8000,416122,1956538.0000,3,0.350657,1,-3.125002,0
2008-07-02,sh.600070,4.6300,4.7700,4.6300,4.6900,4.6500,488900,2288713.0000,3,0.411986,1,0.860214,0
2008-07-03,sh.600070,4.6600,4.9500,4.5900,4.8500,4.6900,907029,4392047.0000,3,0.764334,1,3.411510,0
2008-07-04,sh.600070,4.8000,4.9300,4.8000,4.8500,4.8500,651236,3152432.0000,3,0.548783,1,0.000000,0
2008-07-07,sh.600070,4.8500,5.1400,4.8500,5.1100,4.8500,1304142,6589300.0000,3,1.098973,1,5.360829,0
2008-07-08,sh.600070,5.1200,5.1600,5.0000,5.1400,5.1100,1166241,5945253.0000,3,0.982767,1,0.587079,0
2008-07-09,sh.600070,5.1400,5.2800,5.1400,5.2600,5.1400,1838861,9608588.0000,3,1.549569,1,2.334637,0
2008-07-10,sh.600070,5.1800,5.3700,5.1200,5.1200,5.2600,1665051,8738106.0000,3,1.403103,1,-2.661603,0
2008-07-11,sh.600070,5.1400,5.2300,5.0700,5.1500,5.1200,1183167,6087368.0000,3,0.997030,1,0.585942,0
2008-07-14,sh.600070,5.1600,5.3000,5.1500,5.2900,5.1500,1366753,7133877.0000,3,1.151734,1,2.718444,0
2008-07-15,sh.600070,5.2900,5.2900,5.2900,5.2900,5.2900,0,0.0000,3,,0,0.000000,0
2008-07-16,sh.600070,4.9100,5.0400,4.7600,4.7800,5.2900,2289429,11169041.0000,3,1.929253,1,-9.640827,0
2008-07-17,sh.600070,4.8200,4.9000,4.6800,4.7000,4.7800,1301188,6221664.0000,3,1.096484,1,-1.673648,0
2008-07-18,sh.600070,4.8200,5.1700,4.6300,5.1700,4.7000,2080653,10315946.0000,3,1.753322,1,10.000010,0
2008-07-21,sh.600070,5.2000,5.5000,5.1400,5.4200,5.1700,5480839,29055086.0000,3,4.618587,1,4.835590,0
2008-07-22,sh.600070,5.3400,5.4000,5.2100,5.3100,5.4200,2639830,14018691.0000,3,2.224529,1,-2.029523,0
2008-07-23,sh.600070,5.2900,5.4800,5.2800,5.3000,5.3100,2157913,11575225.0000,3,1.818428,1,-0.188319,0
2008-07-24,sh.600070,5.2900,5.4000,5.2400,5.3600,5.3000,2179784,11600282.0000,3,1.836858,1,1.132074,0
2008-07-25,sh.600070,5.3200,5.3400,5.2100,5.3000,5.3600,1346982,7097313.0000,3,1.135073,1,-1.119402,0
2008-07-28,sh.600070,5.3100,5.3700,5.2700,5.3600,5.3000,1384785,7380247.0000,3,1.166929,1,1.132074,0
2008-07-29,sh.600070,5.3500,5.3500,5.1700,5.2300,5.3600,1116229,5843603.0000,3,0.940623,1,-2.425375,0
2008-07-30,sh.600070,5.2800,5.3600,5.2300,5.3100,5.2300,1173254,6204437.0000,3,0.988676,1,1.529635,0
2008-07-31,sh.600070,5.3000,5.3500,5.0600,5.1000,5.3100,1065507,5531155.0000,3,0.897880,1,-3.954803,0
2008-08-01,sh.600070,5.2100,5.3100,5.1000,5.2400,5.1000,1757680,9202539.0000,3,1.481160,1,2.745100,0
2008-08-04,sh.600070,5.1500,5.2100,4.9700,5.0100,5.2400,1016860,5171249.0000,3,0.856886,1,-4.389300,0
2008-08-05,sh.600070,5.0100,5.0600,4.7800,4.8500,5.0100,1060269,5175949.0000,3,0.893466,1,-3.193600,0
2008-08-06,sh.600070,4.8600,4.9500,4.7700,4.8300,4.8500,687600,3340087.0000,3,0.579426,1,-0.412400,0
2008-08-07,sh.600070,4.8400,4.9400,4.8000,4.9100,4.8300,848972,4126576.0000,3,0.715411,1,1.656300,0
2008-08-08,sh.600070,4.9100,4.9700,4.4800,4.5000,4.9100,1148800,5406668.0000,3,0.968069,1,-8.350300,0
2008-08-11,sh.600070,4.5200,4.5500,4.0500,4.0500,4.5000,1159883,4875033.0000,3,0.977409,1,-10.000000,0
2008-08-12,sh.600070,4.0500,4.0800,3.9700,4.0500,4.0500,709120,2855459.0000,3,0.597560,1,0.000000,0
2008-08-13,sh.600070,4.0200,4.0200,3.7400,3.9700,4.0500,724293,2838189.0000,3,0.610346,1,-1.975300,0
2008-08-14,sh.600070,3.9500,4.0700,3.9000,4.0700,3.9700,604507,2430119.0000,3,0.509405,1,2.518900,0
2008-08-15,sh.600070,4.0800,4.1500,4.0100,4.1200,4.0700,528870,2161490.0000,3,0.445668,1,1.228500,0
2008-08-18,sh.600070,4.0900,4.1100,3.7700,3.7700,4.1200,665019,2584860.0000,3,0.560397,1,-8.495100,0
2008-08-19,sh.600070,3.7500,3.8700,3.7000,3.8400,3.7700,370350,1410757.0000,3,0.312086,1,1.856800,0
2008-08-20,sh.600070,3.8500,4.1900,3.8100,4.1600,3.8400,1051931,4290564.0000,3,0.886440,1,8.333300,0
2008-08-21,sh.600070,4.1400,4.1600,4.0000,4.0000,4.1600,1100964,4497908.0000,3,0.927759,1,-3.846200,0
2008-08-22,sh.600070,3.9600,4.0500,3.8600,3.9800,4.0000,701000,2790614.0000,3,0.590718,1,-0.500000,0
2008-08-25,sh.600070,4.0000,4.0500,3.9300,4.0100,3.9800,469110,1879822.0000,3,0.395309,1,0.753800,0
2008-08-26,sh.600070,4.0000,4.0000,3.7000,3.8000,4.0100,599099,2294395.0000,3,0.504848,1,-5.236900,0
2008-08-27,sh.600070,3.8000,3.8700,3.7000,3.8100,3.8000,366850,1390711.0000,3,0.309137,1,0.263200,0
2008-08-28,sh.600070,3.8400,3.9200,3.7800,3.9100,3.8100,708524,2750752.0000,3,0.597058,1,2.624700,0
2008-08-29,sh.600070,3.9300,4.0600,3.8800,4.0200,3.9100,675109,2694652.0000,3,0.568900,1,2.813300,0
2008-09-01,sh.600070,4.0200,4.2800,3.9100,4.1000,4.0200,2209944,9084949.0000,3,1.862273,1,1.990000,0
2008-09-02,sh.600070,4.0600,4.1900,3.9900,4.1100,4.1000,959314,3915534.0000,3,0.808394,1,0.243900,0
2008-09-03,sh.600070,4.1000,4.1800,3.9800,4.1000,4.1100,748471,3030774.0000,3,0.630721,1,-0.243300,0
2008-09-04,sh.600070,4.0900,4.1400,4.0300,4.1400,4.1000,575283,2355359.0000,3,0.484779,1,0.975600,0
2008-09-05,sh.600070,4.0400,4.1600,3.9200,4.1200,4.1400,1608705,6539026.0000,3,1.355622,1,-0.483100,0
2008-09-08,sh.600070,4.1400,4.3800,4.1000,4.1700,4.1200,5232973,22092113.0000,3,4.409715,1,1.213600,0
2008-09-09,sh.600070,4.1000,4.2800,4.0100,4.0300,4.1700,2512607,10376767.0000,3,2.117321,1,-3.357300,0
2008-09-10,sh.600070,3.9500,4.1000,3.7500,4.0900,4.0300,2205836,8684463.0000,3,1.858811,1,1.488800,0
2008-09-11,sh.600070,4.0900,4.0900,3.8000,3.8300,4.0900,1276325,5001014.0000,3,1.075532,1,-6.357000,0
2008-09-12,sh.600070,3.8000,4.2100,3.8000,4.2100,3.8300,2893353,11793034.0000,3,2.438167,1,9.921700,0
2008-09-16,sh.600070,4.2000,4.4600,4.1200,4.2200,4.2100,7751495,33420168.0000,3,6.532021,1,0.237500,0
2008-09-17,sh.600070,4.1800,4.4000,4.1100,4.3400,4.2200,4296961,18255105.0000,3,3.620958,1,2.843600,0
2008-09-18,sh.600070,4.2400,4.3000,3.9100,4.1100,4.3400,3646666,14825626.0000,3,3.072968,1,-5.299500,0
2008-09-19,sh.600070,4.5000,4.5200,4.3000,4.5200,4.1100,4943923,22112029.0000,3,4.166139,1,9.975700,0
2008-09-22,sh.600070,4.7000,4.9500,4.5000,4.6300,4.5200,6745378,31547191.0000,3,5.684187,1,2.433600,0
2008-09-23,sh.600070,4.4100,4.4400,4.1800,4.2200,4.6300,3415157,14674342.0000,3,2.877880,1,-8.855300,0
2008-09-24,sh.600070,4.1600,4.4000,4.1000,4.3800,4.2200,1678393,7199788.0000,3,1.414346,1,3.791500,0
2008-09-25,sh.600070,4.3800,4.4800,4.3000,4.3600,4.3800,3308588,14565042.0000,3,2.788077,1,-0.456600,0
2008-09-26,sh.600070,4.4900,4.4900,4.2300,4.3100,4.3600,1950064,8463376.0000,3,1.643278,1,-1.146800,0
2008-10-06,sh.600070,4.1800,4.2900,4.1100,4.1500,4.3100,1338370,5563768.0000,3,1.127816,1,-3.712300,0
2008-10-07,sh.600070,4.0500,4.1000,3.9400,4.0100,4.1500,1712196,6885838.0000,3,1.442831,1,-3.373500,0
2008-10-08,sh.600070,3.9900,4.0900,3.9400,4.0700,4.0100,996264,3980323.0000,3,0.839531,1,1.496300,0
2008-10-09,sh.600070,4.0900,4.1000,3.9700,3.9700,4.0700,1070404,4310040.0000,3,0.902007,1,-2.457000,0
2008-10-10,sh.600070,3.9000,3.9000,3.5700,3.5700,3.9700,1908982,6915376.0000,3,1.608659,1,-10.075600,0
2008-10-13,sh.600070,3.5800,3.6200,3.3000,3.6000,3.5700,1177820,4092309.0000,3,0.992524,1,0.840300,0
2008-10-14,sh.600070,3.7000,3.7700,3.3700,3.4400,3.6000,1181017,4247282.0000,3,0.995218,1,-4.444400,0
2008-10-15,sh.600070,3.3000,3.3700,3.2000,3.3600,3.4400,1091390,3596917.0000,3,0.919691,1,-2.325600,0
2008-10-16,sh.600070,3.2000,3.2400,3.0600,3.0900,3.3600,1059090,3340277.0000,3,0.892473,1,-8.035700,0
2008-10-17,sh.600070,3.0800,3.1800,3.0500,3.1100,3.0900,607954,1889011.0000,3,0.512310,1,0.647200,0
2008-10-20,sh.600070,3.1200,3.2300,3.1000,3.2300,3.1100,605831,1931037.0000,3,0.510521,1,3.858500,0
2008-10-21,sh.600070,3.3000,3.5500,3.2900,3.5500,3.2300,1930579,6734130.0000,3,1.626858,1,9.907100,0
2008-10-22,sh.600070,3.8500,3.8500,3.4900,3.5000,3.5500,5804852,21415364.0000,3,4.891626,1,-1.408500,0
2008-10-23,sh.600070,3.3100,3.3600,3.1500,3.2900,3.5000,3033125,9817537.0000,3,2.555950,1,-6.000000,0
2008-10-24,sh.600070,3.2300,3.3400,3.1500,3.2100,3.2900,1310638,4240709.0000,3,1.104447,1,-2.431600,0
2008-10-27,sh.600070,3.1300,3.1700,2.8900,2.9000,3.2100,1711580,5125004.0000,3,1.442312,1,-9.657300,0
2008-10-28,sh.600070,2.8200,3.0000,2.7700,2.9600,2.9000,1113511,3243380.0000,3,0.938332,1,2.069000,0
2008-10-29,sh.600070,3.0000,3.0500,2.8500,2.8600,2.9600,875569,2564640.0000,3,0.737823,1,-3.378400,0
2008-10-30,sh.600070,2.9300,2.9300,2.8400,2.8700,2.8600,674305,1949320.0000,3,0.568223,1,0.349700,0
2008-10-31,sh.600070,2.9200,2.9200,2.7500,2.7800,2.8700,878925,2489534.0000,3,0.740651,1,-3.135900,0
2008-11-03,sh.600070,2.7500,2.8200,2.7500,2.7800,2.7800,543655,1514278.0000,3,0.458127,1,0.000000,0
2008-11-04,sh.600070,2.7800,2.9700,2.7500,2.9100,2.7800,1159722,3333079.0000,3,0.977273,1,4.676300,0
2008-11-05,sh.600070,2.9200,2.9900,2.8400,2.9800,2.9100,1303314,3822149.0000,3,1.098275,1,2.405500,0
2008-11-06,sh.600070,2.8800,2.9200,2.8600,2.8700,2.9800,612668,1765800.0000,3,0.516282,1,-3.691300,0
2008-11-07,sh.600070,2.8000,2.9400,2.7900,2.9100,2.8700,487999,1409850.0000,3,0.411226,1,1.393700,0
2008-11-10,sh.600070,2.9700,3.1700,2.9300,3.1500,2.9100,2740345,8362823.0000,3,2.309231,1,8.247400,0
2008-11-11,sh.600070,3.1500,3.2400,3.0900,3.1400,3.1500,2967167,9401089.0000,3,2.500369,1,-0.317500,0
2008-11-12,sh.600070,3.1400,3.2500,3.0800,3.1800,3.1400,2054125,6498842.0000,3,1.730968,1,1.273900,0
2008-11-13,sh.600070,3.1800,3.1800,3.1800,3.1800,3.1800,0,0.0000,3,,0,0.000000,0
2008-11-14,sh.600070,3.5000,3.5000,3.4100,3.5000,3.1800,6740895,23582685.0000,3,5.680409,1,10.062900,0
2008-11-17,sh.600070,3.5400,3.6600,3.4400,3.6400,3.5000,8017373,28355799.0000,3,6.756070,1,4.000000,0
2008-11-18,sh.600070,3.5800,3.5800,3.2800,3.2800,3.6400,4834552,16492841.0000,3,4.073975,1,-9.890100,0
2008-11-19,sh.600070,3.2300,3.4800,3.2000,3.4500,3.2800,3597847,12118980.0000,3,3.031829,1,5.182900,0
2008-11-20,sh.600070,3.5800,3.7500,3.4800,3.5000,3.4500,5896396,21195374.0000,3,4.968768,1,1.449300,0
2008-11-21,sh.600070,3.4700,3.5000,3.2100,3.3700,3.5000,3419988,11487646.0000,3,2.881951,1,-3.714300,0
2008-11-24,sh.600070,3.3800,3.4100,3.2200,3.2300,3.3700,1828011,6052765.0000,3,1.540426,1,-4.154300,0
2008-11-25,sh.600070,3.3000,3.3000,3.1900,3.2400,3.2300,1134489,3676157.0000,3,0.956010,1,0.309600,0
2008-11-26,sh.600070,3.2000,3.2900,3.1900,3.2400,3.2400,1340303,4338897.0000,3,1.129445,1,0.000000,0
2008-11-27,sh.600070,3.4800,3.4800,3.2600,3.2600,3.2400,2416168,8143257.0000,3,2.036054,1,0.617300,0
2008-11-28,sh.600070,3.2400,3.2800,3.1600,3.2200,3.2600,1227800,3945043.0000,3,1.034641,1,-1.227000,0
2008-12-01,sh.600070,3.2200,3.3800,3.2100,3.3700,3.2200,1519948,5025191.0000,3,1.280828,1,4.658400,0
2008-12-02,sh.600070,3.2800,3.6900,3.2500,3.6600,3.3700,4760496,16596812.0000,3,4.011569,1,8.605300,0
2008-12-03,sh.600070,3.7000,3.7900,3.5900,3.7200,3.6600,8684920,32287350.0000,3,7.318598,1,1.639300,0
2008-12-04,sh.600070,3.7100,3.8400,3.6400,3.6600,3.7200,7381640,27449561.0000,3,6.220352,1,-1.612900,0
2008-12-05,sh.600070,3.5900,3.7300,3.5500,3.7100,3.6600,3134096,11463414.0000,3,2.641036,1,1.366100,0
2008-12-08,sh.600070,3.7300,3.8600,3.7200,3.8500,3.7100,5174943,19604055.0000,3,4.360815,1,3.773600,0
2008-12-09,sh.600070,3.8000,3.8200,3.6500,3.6700,3.8500,3426590,12810680.0000,3,2.887515,1,-4.675300,0
2008-12-10,sh.600070,3.6500,3.8600,3.6500,3.8300,3.6700,3457609,13057272.0000,3,2.913654,1,4.359700,0
2008-12-11,sh.600070,3.8100,3.8900,3.6600,3.6700,3.8300,2828615,10759456.0000,3,2.383614,1,-4.177500,0
2008-12-12,sh.600070,3.6600,3.6600,3.3700,3.4300,3.6700,2756530,9695319.0000,3,2.322869,1,-6.539500,0
2008-12-15,sh.600070,3.4900,3.5500,3.4000,3.4800,3.4300,1803679,6251192.0000,3,1.519922,1,1.457700,0
2008-12-16,sh.600070,3.4500,3.5900,3.3700,3.5800,3.4800,1519468,5288277.0000,3,1.280423,1,2.873600,0
2008-12-17,sh.600070,3.6400,3.7600,3.6100,3.6700,3.5800,3202899,11825899.0000,3,2.699015,1,2.514000,0
2008-12-18,sh.600070,3.6600,3.7500,3.6000,3.7400,3.6700,2696352,9911457.0000,3,2.272159,1,1.907400,0
2008-12-19,sh.600070,3.7100,3.7900,3.6800,3.7500,3.7400,2945817,11052338.0000,3,2.482378,1,0.267400,0
2008-12-22,sh.600070,3.7700,3.7900,3.6600,3.7600,3.7500,1979630,7388980.0000,3,1.668192,1,0.266700,0
2008-12-23,sh.600070,3.7600,3.7800,3.6200,3.6600,3.7600,2969441,10963028.0000,3,2.502285,1,-2.659600,0
2008-12-24,sh.600070,3.6000,4.0100,3.6000,3.8000,3.6600,9865538,37912595.0000,3,8.313480,1,3.825100,0
2008-12-25,sh.600070,3.7300,3.7900,3.4200,3.4800,3.8000,5998449,21384298.0000,3,5.054766,1,-8.421100,0
2008-12-26,sh.600070,3.4600,3.4800,3.3700,3.3900,3.4800,2014695,6901857.0000,3,1.697741,1,-2.586200,0
2008-12-29,sh.600070,3.3800,3.4800,3.1800,3.4400,3.3900,2624119,8677827.0000,3,2.211289,1,1.474900,0
2008-12-30,sh.600070,3.4400,3.5200,3.3500,3.4800,3.4400,3822707,13145829.0000,3,3.221314,1,1.162800,0
2008-12-31,sh.600070,3.4400,3.4400,3.2500,3.2600,3.4800,1667119,5574218.0000,3,1.404846,1,-6.321800,0
2009-01-05,sh.600070,3.3300,3.5000,3.2600,3.5000,3.2600,3457869,11803592.0000,3,2.913873,1,7.362000,0
2009-01-06,sh.600070,3.5000,3.6700,3.4200,3.6000,3.5000,4847530,17182022.0000,3,4.084911,1,2.857100,0
2009-01-07,sh.600070,3.6000,3.6400,3.5200,3.6100,3.6000,3037826,10893941.0000,3,2.559912,1,0.277800,0
2009-01-08,sh.600070,3.5700,3.5700,3.4100,3.4900,3.6100,1629107,5673313.0000,3,1.372814,1,-3.324100,0
2009-01-09,sh.600070,3.5400,3.6300,3.4800,3.6200,3.4900,1942134,6908511.0000,3,1.636595,1,3.724900,0
2009-01-12,sh.600070,3.6200,3.7000,3.5900,3.6300,3.6200,2274749,8282201.0000,3,1.916883,1,0.276200,0
2009-01-13,sh.600070,3.6000,3.6100,3.4800,3.5000,3.6300,1843199,6536486.0000,3,1.553225,1,-3.581300,0
2009-01-14,sh.600070,3.4700,3.6300,3.4700,3.6200,3.5000,1629031,5815230.0000,3,1.372750,1,3.428600,0
2009-01-15,sh.600070,3.5800,3.6800,3.5500,3.6500,3.6200,2743330,9985307.0000,3,2.311746,1,0.828700,0
2009-01-16,sh.600070,3.6800,3.7500,3.6400,3.6500,3.6500,2292676,8494291.0000,3,1.931989,1,0.000000,0
2009-01-19,sh.600070,3.6800,3.7000,3.5900,3.6500,3.6500,2076849,7560889.0000,3,1.750117,1,0.000000,0
2009-01-20,sh.600070,3.6600,3.7800,3.6300,3.7600,3.6500,2456836,9082669.0000,3,2.070324,1,3.013700,0
2009-01-21,sh.600070,3.7300,3.8100,3.6700,3.7300,3.7600,2747180,10269703.0000,3,2.314990,1,-0.797900,0
2009-01-22,sh.600070,3.7400,3.7700,3.6900,3.7700,3.7300,1938082,7241642.0000,3,1.633181,1,1.072400,0
2009-01-23,sh.600070,3.7300,3.7800,3.7000,3.7300,3.7700,1429040,5352528.0000,3,1.204222,1,-1.061007,0
2009-02-02,sh.600070,3.7700,3.8200,3.7300,3.8100,3.7300,2021852,7654793.0000,3,1.703772,1,2.144800,0
2009-02-03,sh.600070,3.8600,3.9800,3.8100,3.9700,3.8100,5493239,21595239.0000,3,4.629036,1,4.199500,0
2009-02-04,sh.600070,3.9600,4.1100,3.9000,4.1000,3.9700,4966375,19815635.0000,3,4.185059,1,3.274600,0
2009-02-05,sh.600070,4.0800,4.0900,3.9100,3.9300,4.1000,4810707,19337620.0000,3,4.053881,1,-4.146300,0
2009-02-06,sh.600070,3.9300,4.2700,3.9300,4.2400,3.9300,5965689,24401476.0000,3,5.027160,1,7.888000,0
2009-02-09,sh.600070,4.2100,4.4600,4.1400,4.4500,4.2400,7881113,33950667.0000,3,6.641247,1,4.952800,0
2009-02-10,sh.600070,4.5800,4.6800,4.4400,4.5600,4.4500,14402346,65474284.0000,3,12.136552,1,2.471900,0
2009-02-11,sh.600070,4.4700,4.5500,4.3800,4.4500,4.5600,7106910,31675873.0000,3,5.988842,1,-2.412300,0
2009-02-12,sh.600070,4.4400,4.4900,4.3300,4.4800,4.4500,3990182,17694023.0000,3,3.362442,1,0.674200,0
2009-02-13,sh.600070,4.5000,4.6000,4.4300,4.5700,4.4800,6433506,29211076.0000,3,5.421379,1,2.008900,0
2009-02-16,sh.600070,4.5900,4.7300,4.5400,4.7000,4.5700,6213538,28730572.0000,3,5.236017,1,2.844600,0
2009-02-17,sh.600070,4.7000,4.7200,4.4100,4.4400,4.7000,4960838,22533972.0000,3,4.180393,1,-5.531900,0
2009-02-18,sh.600070,4.3300,4.3900,4.2000,4.2100,4.4400,3683636,15879266.0000,3,3.104122,1,-5.180200,0
2009-02-19,sh.600070,4.2500,4.3200,4.2000,4.2700,4.2100,2064320,8772930.0000,3,1.739559,1,1.425200,0
2009-02-20,sh.600070,4.2800,4.4300,4.2200,4.4300,4.2700,2338394,10195526.0000,3,1.970515,1,3.747100,0
2009-02-23,sh.600070,4.4000,4.6000,4.4000,4.5900,4.4300,3224806,14628468.0000,3,2.717476,1,3.611700,0
2009-02-24,sh.600070,4.5500,4.6100,4.3700,4.3800,4.5900,4160760,18694937.0000,3,3.506184,1,-4.575200,0
2009-02-25,sh.600070,4.4200,4.6800,4.4000,4.6000,4.3800,6056386,27612395.0000,3,5.103588,1,5.022800,0
2009-02-26,sh.600070,4.6000,4.7000,4.1700,4.2100,4.6000,4982514,22499756.0000,3,4.198659,1,-8.478300,0
2009-02-27,sh.600070,4.1900,4.2400,3.9000,3.9000,4.2100,4090190,16419689.0000,3,3.446716,1,-7.363419,0
2009-03-02,sh.600070,3.9000,4.1200,3.8900,4.0600,3.9000,2870590,11558780.0000,3,2.418985,1,4.102600,0
2009-03-03,sh.600070,3.9700,4.1100,3.9300,4.0700,4.0600,2138247,8645725.0000,3,1.801855,1,0.246300,0
2009-03-04,sh.600070,4.0700,4.3400,4.0700,4.2900,4.0700,2953941,12463661.0000,3,2.489223,1,5.405400,0
2009-03-05,sh.600070,4.2900,4.4000,4.2500,4.3700,4.2900,2900499,12545943.0000,3,2.444189,1,1.864800,0
2009-03-06,sh.600070,4.3300,4.5700,4.3000,4.5500,4.3700,4677078,20965770.0000,3,3.941275,1,4.119000,0
2009-03-09,sh.600070,4.5900,4.5900,4.2900,4.3900,4.5500,3912201,17322529.0000,3,3.296729,1,-3.516500,0
2009-03-10,sh.600070,4.3700,4.6500,4.3100,4.6400,4.3900,3960724,17908319.0000,3,3.337618,1,5.694800,0
2009-03-11,sh.600070,4.8200,5.1000,4.6800,4.7400,4.6400,15527882,76528012.0000,3,13.085017,1,2.155200,0
2009-03-12,sh.600070,4.7300,4.9000,4.5000,4.7900,4.7400,5939984,28036933.0000,3,5.005499,1,1.054900,0
2009-03-13,sh.600070,4.8100,4.8100,4.5700,4.5700,4.7900,2721283,12723679.0000,3,2.293168,1,-4.592900,0
2009-03-16,sh.600070,4.4800,4.7800,4.4200,4.7600,4.5700,2580440,11795867.0000,3,2.174482,1,4.157500,0
2009-03-17,sh.600070,4.6700,4.9300,4.6600,4.8800,4.7600,5307453,25720681.0000,3,4.472478,1,2.521000,0
2009-03-18,sh.600070,4.8200,4.9900,4.7700,4.9000,4.8800,6206411,30429244.0000,3,5.230011,1,0.409800,0
2009-03-19,sh.600070,4.8700,4.9200,4.7600,4.9000,4.9000,5557190,26938264.0000,3,4.682926,1,0.000000,0
2009-03-20,sh.600070,4.8600,4.8600,4.6900,4.7500,4.9000,3332130,15899145.0000,3,2.807915,1,-3.061200,0
2009-03-23,sh.600070,4.7000,4.8200,4.6400,4.7600,4.7500,4080539,19322947.0000,3,3.438584,1,0.210500,0
2009-03-24,sh.600070,4.7800,4.8400,4.7100,4.8100,4.7600,3106539,14865190.0000,3,2.617815,1,1.050400,0
2009-03-25,sh.600070,4.8000,4.8000,4.6000,4.6200,4.8100,3060630,14409569.0000,3,2.579128,1,-3.950100,0
2009-03-26,sh.600070,4.6700,4.7800,4.5700,4.7600,4.6200,2558107,11977413.0000,3,2.155663,1,3.030300,0
2009-03-27,sh.600070,4.7600,4.8500,4.7000,4.8200,4.7600,3543278,16925050.0000,3,2.985845,1,1.260500,0
2009-03-30,sh.600070,4.8200,4.9600,4.8100,4.8800,4.8200,4231222,20663432.0000,3,3.565561,1,1.244800,0
2009-03-31,sh.600070,4.8000,5.1300,4.7100,5.0900,4.8800,4809786,23561510.0000,3,4.053105,1,4.303300,0
2009-04-01,sh.600070,5.0700,5.1400,5.0000,5.1200,5.0900,6108838,30902473.0000,3,5.147788,1,0.589400,0
2009-04-02,sh.600070,5.0700,5.1100,4.9100,4.9700,5.1200,5638853,28316924.0000,3,4.751742,1,-2.929700,0
2009-04-03,sh.600070,4.9900,5.0000,4.8200,4.8700,4.9700,3079626,15047450.0000,3,2.595136,1,-2.012100,0
2009-04-07,sh.600070,4.8700,4.9500,4.8400,4.9200,4.8700,1847247,9048577.0000,3,1.556636,1,1.026700,0
2009-04-08,sh.600070,4.9000,4.9400,4.7300,4.7500,4.9200,2138899,10386184.0000,3,1.802405,1,-3.455300,0
2009-04-09,sh.600070,4.7300,4.8400,4.6100,4.8200,4.7500,2403104,11356658.0000,3,2.025045,1,1.473700,0
2009-04-10,sh.600070,4.8400,4.9500,4.7800,4.9100,4.8200,2536259,12383229.0000,3,2.137252,1,1.867200,0
2009-04-13,sh.600070,4.9100,5.0300,4.9000,4.9900,4.9100,4178153,20733675.0000,3,3.520841,1,1.629300,0
2009-04-14,sh.600070,4.9800,5.0500,4.9200,5.0300,4.9900,3160917,15801305.0000,3,2.663638,1,0.801600,0
2009-04-15,sh.600070,5.0300,5.0900,4.9400,5.0700,5.0300,3817335,19174360.0000,3,3.216787,1,0.795200,0
2009-04-16,sh.600070,5.0800,5.2800,5.0300,5.2400,5.0700,6397667,32995547.0000,3,5.391178,1,3.353100,0
2009-04-17,sh.600070,5.2000,5.2300,5.0000,5.0600,5.2400,4123112,20939191.0000,3,3.474459,1,-3.435100,0
2009-04-20,sh.600070,5.0400,5.5700,4.9500,5.5700,5.0600,8701962,46766154.0000,3,7.332959,1,10.079100,0
2009-04-21,sh.600070,5.6100,5.7900,5.4200,5.4900,5.5700,16801441,94756076.0000,3,14.158218,1,-1.436300,0
2009-04-22,sh.600070,5.4800,5.6800,5.2100,5.5700,5.4900,11149053,61192889.0000,3,9.395071,1,1.457200,0
2009-04-23,sh.600070,5.5000,6.1300,5.3400,6.0100,5.5700,19121027,110470568.0000,3,16.112884,1,7.899500,0
2009-04-24,sh.600070,5.9300,5.9300,5.6300,5.6700,6.0100,12338661,71196436.0000,3,10.397528,1,-5.657200,0
2009-04-27,sh.600070,5.6000,5.7500,5.2000,5.2900,5.6700,7853315,43202910.0000,3,6.617822,1,-6.701900,0
2009-04-28,sh.600070,5.2900,5.2900,5.2900,5.2900,5.2900,0,0.0000,3,,0,0.000000,0
2009-04-29,sh.600070,5.3000,5.5400,5.3000,5.5100,5.2900,5437538,29574678.0000,3,4.582098,1,4.158800,0
2009-04-30,sh.600070,5.5200,5.6800,5.4400,5.6800,5.5100,5372763,29814528.0000,3,4.527514,1,3.085300,0
2009-05-04,sh.600070,5.6900,5.8700,5.6900,5.8100,5.6800,6045374,35046932.0000,3,5.094309,1,2.288700,0
2009-05-05,sh.600070,5.8200,6.1600,5.8200,5.9800,5.8100,10135819,61171648.0000,3,8.541240,1,2.926000,0
2009-05-06,sh.600070,6.0100,6.0100,5.7900,5.9500,5.9800,6574157,38898720.0000,3,5.539903,1,-0.501700,0
2009-05-07,sh.600070,5.9600,5.9800,5.7500,5.8600,5.9500,4525622,26523819.0000,3,3.813646,1,-1.512600,0
2009-05-08,sh.600070,5.8000,6.2500,5.7800,6.1400,5.8600,8156777,49622427.0000,3,6.873543,1,4.778200,0
2009-05-11,sh.600070,6.1400,6.2000,5.7600,5.7600,6.1400,6195817,37179308.0000,3,5.221084,1,-6.188900,0
2009-05-12,sh.600070,5.7400,5.9800,5.7000,5.9800,5.7600,2711928,15870123.0000,3,2.285284,1,3.819400,0
2009-05-13,sh.600070,5.9800,6.0300,5.9000,5.9800,5.9800,3796134,22662346.0000,3,3.198922,1,0.000000,0
2009-05-14,sh.600070,5.9000,5.9900,5.8000,5.9300,5.9800,3295327,19380124.0000,3,2.776902,1,-0.836100,0
2009-05-15,sh.600070,5.8300,5.8800,5.7300,5.8400,5.8300,3114760,18089409.0000,3,2.624742,1,0.171500,0
2009-05-18,sh.600070,5.8000,6.0300,5.7600,6.0100,5.8400,4068730,24091819.0000,3,3.428633,1,2.911000,0
2009-05-19,sh.600070,6.0400,6.0900,5.9700,6.0200,6.0100,3887030,23357671.0000,3,3.275518,1,0.166400,0
2009-05-20,sh.600070,6.0500,6.2400,6.0000,6.1200,6.0200,5487580,33740791.0000,3,3.900871,1,1.661100,0
2009-05-21,sh.600070,6.0700,6.1100,5.8000,5.8300,6.1200,4623218,27418652.0000,3,3.286435,1,-4.738600,0
2009-05-22,sh.600070,5.8100,5.9300,5.7700,5.8500,5.8300,2210391,12936614.0000,3,1.571266,1,0.343100,0
2009-05-25,sh.600070,5.5200,5.7500,5.5200,5.7400,5.8500,4384956,24738298.0000,3,3.117066,1,-1.880300,0
2009-05-26,sh.600070,5.7100,6.3100,5.7100,6.3100,5.7400,9665686,58732710.0000,3,6.870897,1,9.930300,0
2009-05-27,sh.600070,6.3800,6.6000,6.2000,6.3500,6.3100,16100717,103298997.0000,3,11.445267,1,0.633900,0
2009-06-01,sh.600070,6.3500,6.9900,6.2900,6.9900,6.3500,20014563,135210672.0000,3,14.227443,1,10.078700,0
2009-06-02,sh.600070,6.9000,6.9700,6.6900,6.7700,6.9900,14187390,96614329.0000,3,10.085170,1,-3.147400,0
2009-06-03,sh.600070,6.7200,6.8400,6.5700,6.7500,6.7700,7646672,50970466.0000,3,5.435671,1,-0.295400,0
2009-06-04,sh.600070,6.7000,6.7000,6.4100,6.5300,6.7500,6387477,41881133.0000,3,4.540567,1,-3.259300,0
2009-06-05,sh.600070,6.5300,6.6300,6.3800,6.5200,6.5300,3960934,25983534.0000,3,2.815648,1,-0.153100,0
2009-06-08,sh.600070,6.5500,6.7400,6.4200,6.6900,6.5200,5054221,33557877.0000,3,3.592816,1,2.607400,0
2009-06-09,sh.600070,6.6500,6.6800,6.4500,6.6700,6.6900,3030719,19997862.0000,3,2.154400,1,-0.299000,0
2009-06-10,sh.600070,6.6500,6.8300,6.6200,6.7600,6.6700,4710167,31744074.0000,3,3.348244,1,1.349300,0
2009-06-11,sh.600070,6.6600,6.7800,6.5400,6.5500,6.7600,4329470,28696482.0000,3,3.077623,1,-3.106500,0
2009-06-12,sh.600070,6.5000,6.5900,6.3100,6.4200,6.5500,3397068,21900247.0000,3,2.414821,1,-1.984700,0
2009-06-15,sh.600070,6.4300,6.6100,6.4200,6.6000,6.4200,2557033,16681774.0000,3,1.817678,1,2.803700,0
2009-06-16,sh.600070,6.5800,6.8900,6.5200,6.8000,6.6000,6644731,44867210.0000,3,4.723437,1,3.030300,0
2009-06-17,sh.600070,6.7300,7.2000,6.6400,6.9800,6.8000,9698993,67449337.0000,3,6.894573,1,2.647100,0
2009-06-18,sh.600070,6.9800,7.2300,6.8500,6.9000,6.9800,7815628,55097560.0000,3,5.555774,1,-1.146100,0
2009-06-19,sh.600070,6.9000,7.3900,6.7000,7.3200,6.9000,14362015,102295577.0000,3,10.209303,1,6.087000,0
2009-06-22,sh.600070,7.2700,7.4800,7.0600,7.3400,7.3200,12289239,89134944.0000,3,8.735861,1,0.273200,0
2009-06-23,sh.600070,7.3000,7.4500,7.1500,7.2600,7.3400,10471409,76315670.0000,3,7.443648,1,-1.089900,0
2009-06-24,sh.600070,7.2700,7.4000,7.1600,7.3800,7.2600,7206214,52745406.0000,3,5.122570,1,1.652900,0
2009-06-25,sh.600070,7.3300,7.4800,7.1500,7.2300,7.3800,10709664,77745090.0000,3,7.613013,1,-2.032500,0
2009-06-26,sh.600070,7.1300,7.2400,7.1200,7.1300,7.2300,4246516,30423303.0000,3,3.018655,1,-1.383100,0
2009-06-29,sh.600070,7.1400,7.1700,7.0400,7.1000,7.1300,4486261,31871993.0000,3,3.189079,1,-0.420800,0
2009-06-30,sh.600070,7.0900,7.1300,6.9900,7.0200,7.1000,4027607,28290878.0000,3,2.863043,1,-1.126800,0
2009-07-01,sh.600070,7.0300,7.1600,7.0100,7.0700,7.0200,2546587,18033458.0000,3,1.810253,1,0.712300,0
2009-07-02,sh.600070,7.0700,7.1500,7.0200,7.1400,7.0700,3964803,28007759.0000,3,2.818398,1,0.990100,0
2009-07-03,sh.600070,7.1100,7.3900,7.0800,7.3500,7.1400,6995776,50918726.0000,3,4.972979,1,2.941200,0
2009-07-06,sh.600070,7.3900,7.7900,7.2600,7.6200,7.3500,9303671,70297488.0000,3,6.613557,1,3.673500,0
2009-07-07,sh.600070,7.6000,7.7300,7.4800,7.5000,7.6200,6118910,46377469.0000,3,4.349655,1,-1.574802,0
2009-07-08,sh.600070,7.6300,7.7700,7.5500,7.6800,7.5000,7714393,59076704.0000,3,5.483811,1,2.400000,0
2009-07-09,sh.600070,7.6000,7.7700,7.5500,7.7400,7.6800,5777996,44107445.0000,3,4.107315,1,0.781200,0
2009-07-10,sh.600070,7.6900,7.7100,7.5500,7.5800,7.7400,5342585,40674622.0000,3,3.797801,1,-2.067200,0
2009-07-13,sh.600070,7.5800,7.6600,7.5300,7.5800,7.5800,3491153,26519214.0000,3,2.481702,1,0.000000,0
2009-07-14,sh.600070,7.5800,7.7800,7.5800,7.7500,7.5800,6534565,50452926.0000,3,4.645125,1,2.242700,0
2009-07-15,sh.600070,7.7600,7.8800,7.7000,7.7400,7.7500,5336532,41477797.0000,3,3.793498,1,-0.129000,0
2009-07-16,sh.600070,7.7900,7.9700,7.6500,7.8700,7.7400,7350023,57489293.0000,3,5.224797,1,1.679600,0
2009-07-17,sh.600070,7.8700,8.1900,7.7800,8.1500,7.8700,9503127,76059162.0000,3,6.755341,1,3.557800,0
2009-07-20,sh.600070,8.1900,8.3100,8.0700,8.2000,8.1500,6967981,57177991.0000,3,4.953221,1,0.613500,0
2009-07-21,sh.600070,8.2200,8.2200,7.8200,7.8600,8.2000,5705293,45601973.0000,3,4.055633,1,-4.146300,0
2009-07-22,sh.600070,7.8600,8.1100,7.8600,8.0000,7.8600,4036642,32208769.0000,3,2.869465,1,1.781200,0
2009-07-23,sh.600070,8.0000,8.0800,7.8600,8.0400,8.0000,2988801,23857733.0000,3,2.124603,1,0.500000,0
2009-07-24,sh.600070,8.0400,8.3500,7.9000,8.1500,8.0400,7488455,61112268.0000,3,5.323202,1,1.368200,0
2009-07-27,sh.600070,8.1500,8.3400,8.0500,8.2100,8.1500,3944219,32362112.0000,3,2.803766,1,0.736200,0
2009-07-28,sh.600070,8.2200,8.3000,8.0800,8.1900,8.2100,4573311,37359875.0000,3,3.250959,1,-0.243600,0
2009-07-29,sh.600070,8.3000,9.0100,8.2100,8.5300,8.1900,17587844,152092915.0000,3,12.502398,1,4.151400,0
2009-07-30,sh.600070,8.4000,9.3800,8.3100,9.3800,8.5300,23370813,210868994.0000,3,16.613248,1,9.964800,0
2009-07-31,sh.600070,9.3500,9.3500,9.0100,9.3000,9.3800,16054097,147217749.0000,3,11.412127,1,-0.852900,0
2009-08-03,sh.600070,9.2000,9.7900,9.0000,9.5900,9.3000,14025075,131952179.0000,3,9.969788,1,3.118300,0
2009-08-04,sh.600070,9.5800,9.5800,9.1900,9.4000,9.5900,9639172,90159366.0000,3,6.852049,1,-1.981200,0
2009-08-05,sh.600070,9.4000,9.4000,8.8800,9.1100,9.4000,7399755,67192812.0000,3,5.260149,1,-3.085100,0
2009-08-06,sh.600070,8.9000,9.1500,8.7000,8.9600,9.1100,4931551,44086665.0000,3,3.505615,1,-1.646500,0
2009-08-07,sh.600070,8.8500,9.0500,8.5000,8.6100,8.9600,4929051,43022245.0000,3,3.503838,1,-3.906200,0
2009-08-10,sh.600070,8.6900,8.7900,8.2800,8.4300,8.6100,4601754,39221907.0000,3,3.271178,1,-2.090600,0
2009-08-11,sh.600070,8.6900,9.2700,8.6000,9.2700,8.4300,12758774,114898850.0000,3,9.069632,1,9.964400,0
2009-08-12,sh.600070,9.1800,9.1800,8.3400,8.4600,9.2700,8980147,78607707.0000,3,6.383578,1,-8.737900,0
2009-08-13,sh.600070,8.4100,8.5500,8.1100,8.4500,8.4600,5815648,48165422.0000,3,4.134080,1,-0.118200,0
2009-08-14,sh.600070,8.4800,8.5300,7.7200,7.7300,8.4500,5618629,45406292.0000,3,3.994028,1,-8.520700,0
2009-08-17,sh.600070,7.7300,7.7900,7.1400,7.1900,7.7300,4929495,36918516.0000,3,3.504154,1,-6.985800,0
2009-08-18,sh.600070,7.1500,7.4900,7.0600,7.4200,7.1900,3465234,25206145.0000,3,2.463277,1,3.198900,0
2009-08-19,sh.600070,7.4300,7.4300,6.9400,6.9900,7.4200,3687001,26464051.0000,3,2.620921,1,-5.795100,0
2009-08-20,sh.600070,6.9900,7.3300,6.9900,7.3200,6.9900,3630671,26041473.0000,3,2.580879,1,4.721000,0
2009-08-21,sh.600070,7.3000,7.5800,7.1800,7.5100,7.3200,4842635,35924020.0000,3,3.442409,1,2.595600,0
2009-08-24,sh.600070,7.5100,7.8000,7.3800,7.7000,7.5100,5285190,40158592.0000,3,3.757001,1,2.530000,0
2009-08-25,sh.600070,7.6000,7.6100,7.0100,7.3600,7.7000,5044918,36907602.0000,3,3.586203,1,-4.415600,0
2009-08-26,sh.600070,7.3700,7.6900,7.3000,7.5900,7.3600,4277650,32300079.0000,3,3.040787,1,3.125000,0
2009-08-27,sh.600070,7.7100,7.9200,7.5000,7.6700,7.5900,5920324,45794249.0000,3,4.208489,1,1.054000,0
2009-08-28,sh.600070,7.6100,7.8600,7.5500,7.7300,7.6700,5007123,38604774.0000,3,3.559336,1,0.782300,0
2009-08-31,sh.600070,7.5900,7.5900,6.9600,7.0000,7.7300,4361135,31355139.0000,3,3.100133,1,-9.443700,0
2009-09-01,sh.600070,6.9900,7.1400,6.9200,6.9900,7.0000,2868248,20158808.0000,3,2.038907,1,-0.142900,0
2009-09-02,sh.600070,7.0000,7.2300,6.9000,7.0600,6.9900,1945812,13712059.0000,3,1.383189,1,1.001400,0
2009-09-03,sh.600070,7.0600,7.4200,7.0200,7.3500,7.0600,3575690,25938067.0000,3,2.541795,1,4.107600,0
2009-09-04,sh.600070,7.3300,7.4900,7.3300,7.4400,7.3500,3479324,25790344.0000,3,2.473293,1,1.224500,0
2009-09-07,sh.600070,7.4500,7.5800,7.3000,7.4700,7.4400,3919017,29285987.0000,3,2.785851,1,0.403200,0
2009-09-08,sh.600070,7.4000,8.1500,7.2200,8.0900,7.4700,8950075,68711706.0000,3,6.362201,1,8.299900,0
2009-09-09,sh.600070,8.1500,8.3200,7.8400,8.2100,8.0900,13132935,106689737.0000,3,9.335606,1,1.483300,0
2009-09-10,sh.600070,8.1500,8.1500,7.8900,7.8900,8.2100,5496825,43942500.0000,3,3.907443,1,-3.897700,0
2009-09-11,sh.600070,7.8000,8.1000,7.8000,7.9400,7.8900,3789994,30126734.0000,3,2.694134,1,0.633700,0
2009-09-14,sh.600070,7.9500,8.2800,7.9500,8.1900,7.9400,5588144,45277068.0000,3,3.972357,1,3.148600,0
2009-09-15,sh.600070,8.1600,8.2400,8.0000,8.1500,8.1900,5337633,43500788.0000,3,3.794281,1,-0.488400,0
2009-09-16,sh.600070,8.1500,8.2100,7.9600,8.1700,8.1500,4472469,36145890.0000,3,3.179275,1,0.245400,0
2009-09-17,sh.600070,8.1700,8.6200,8.1500,8.5000,8.1700,7983723,67560065.0000,3,5.675266,1,4.039200,0
2009-09-18,sh.600070,8.5000,8.5600,7.9000,8.0700,8.5000,5900839,48825588.0000,3,4.194638,1,-5.058800,0
2009-09-21,sh.600070,8.0400,8.3900,7.9000,8.3500,8.0700,4498233,36695182.0000,3,3.197589,1,3.469600,0
2009-09-22,sh.600070,8.3600,8.6300,8.2800,8.4800,8.3500,10533803,89347584.0000,3,7.488001,1,1.556900,0
2009-09-23,sh.600070,8.5000,8.9800,8.3500,8.9200,8.4800,20093319,176620464.0000,3,14.283427,1,5.188700,0
2009-09-24,sh.600070,8.8200,8.8200,8.0300,8.3200,8.9200,9415295,79649652.0000,3,6.692905,1,-6.726500,0
2009-09-25,sh.600070,8.2500,8.7600,8.0400,8.5600,8.3200,7276279,61260400.0000,3,5.172376,1,2.884600,0
2009-09-28,sh.600070,8.5700,8.7500,7.8500,8.0100,8.5600,6651126,55766993.0000,3,4.727983,1,-6.425200,0
2009-09-29,sh.600070,8.0100,8.1000,7.4000,7.9500,8.0100,6012763,46462879.0000,3,4.274200,1,-0.749100,0
2009-09-30,sh.600070,7.9400,8.2700,7.9000,8.1400,7.9500,6950568,56416355.0000,3,4.940843,1,2.389900,0
2009-10-09,sh.600070,8.2500,8.7100,8.1700,8.6300,8.1400,12455160,106435629.0000,3,8.853807,1,6.019700,0
2009-10-12,sh.600070,8.6700,8.8800,8.5100,8.8000,8.6300,12207112,106447973.0000,3,8.677481,1,1.969900,0
2009-10-13,sh.600070,8.8200,8.8500,8.6000,8.8400,8.8000,10312923,90301546.0000,3,7.330988,1,0.454500,0
2009-10-14,sh.600070,8.8500,8.9300,8.6600,8.7200,8.8400,9515558,83714150.0000,3,6.764177,1,-1.357500,0
2009-10-15,sh.600070,8.7500,8.8400,8.5100,8.5900,8.7200,5914887,51236937.0000,3,4.204624,1,-1.490800,0
2009-10-16,sh.600070,8.5800,8.9000,8.5300,8.8800,8.5900,8899983,78139837.0000,3,6.326593,1,3.376000,0
2009-10-19,sh.600070,8.9300,9.0900,8.8200,8.9400,8.8800,10867783,96887398.0000,3,7.725413,1,0.675700,0
2009-10-20,sh.600070,8.9400,8.9800,8.8100,8.9600,8.9400,7761662,68985074.0000,3,5.517413,1,0.223700,0
2009-10-21,sh.600070,8.9500,8.9600,8.7500,8.7600,8.9600,6539968,57801754.0000,3,4.648966,1,-2.232100,0
2009-10-22,sh.600070,8.8200,9.2900,8.8000,9.1000,8.7600,14366040,131261234.0000,3,10.212164,1,3.881300,0
2009-10-23,sh.600070,9.0300,9.1500,8.9600,9.1200,9.1000,8058194,73123897.0000,3,5.728204,1,0.219800,0
2009-10-26,sh.600070,9.1300,9.3000,9.0400,9.2900,9.1200,7381307,67861351.0000,3,5.247035,1,1.864000,0
2009-10-27,sh.600070,9.2700,9.2700,8.8300,8.8400,9.2900,6700162,60405214.0000,3,4.762840,1,-4.843900,0
2009-10-28,sh.600070,8.8200,8.8900,8.5500,8.8500,8.8400,4629886,40539039.0000,3,3.291175,1,0.113125,0
2009-10-29,sh.600070,8.7200,8.7500,8.3200,8.4000,8.8500,4614199,39417691.0000,3,3.280024,1,-5.084700,0
2009-10-30,sh.600070,8.4900,8.6900,8.4300,8.4400,8.4000,3595955,30770279.0000,3,2.556201,1,0.476200,0
2009-11-02,sh.600070,8.3500,8.6900,8.1300,8.6100,8.4400,3896627,33025988.0000,3,2.769935,1,2.014200,0
2009-11-03,sh.600070,8.6200,8.8800,8.6200,8.8600,8.6100,5541577,48608782.0000,3,3.939255,1,2.903600,0
2009-11-04,sh.600070,8.9000,8.9400,8.7500,8.8900,8.8600,4185030,37025572.0000,3,2.974947,1,0.338600,0
2009-11-05,sh.600070,8.9000,9.0700,8.8600,9.0600,8.8900,5774892,51848895.0000,3,4.105108,1,1.912300,0
2009-11-06,sh.600070,9.0600,9.6200,8.9100,9.3900,9.0600,12264898,113308807.0000,3,8.718558,1,3.642400,0
2009-11-09,sh.600070,9.3900,9.4200,9.2000,9.3800,9.3900,6822198,63600987.0000,3,4.849590,1,-0.106500,0
2009-11-10,sh.600070,9.3800,9.5500,9.2700,9.4000,9.3800,7726086,72601002.0000,3,5.492123,1,0.213200,0
2009-11-11,sh.600070,9.4100,9.4800,9.2100,9.2400,9.4000,6298427,58805132.0000,3,4.477265,1,-1.702100,0
2009-11-12,sh.600070,9.2300,9.3900,9.1000,9.1600,9.2400,5479556,50624757.0000,3,3.895167,1,-0.865800,0
2009-11-13,sh.600070,9.1700,9.3200,9.1100,9.2900,9.1600,5534503,51095822.0000,3,3.934226,1,1.419200,0
2009-11-16,sh.600070,9.3500,9.7000,9.3000,9.6700,9.2900,11213580,106740797.0000,3,7.971224,1,4.090400,0
2009-11-17,sh.600070,9.6900,9.8200,9.5400,9.5700,9.6700,7293761,70155477.0000,3,5.184803,1,-1.034100,0
2009-11-18,sh.600070,9.6000,9.7600,9.4800,9.7000,9.5700,5933668,56904908.0000,3,4.217975,1,1.358400,0
2009-11-19,sh.600070,9.7000,10.2400,9.6500,10.0200,9.7000,20097471,201163193.0000,3,14.286378,1,3.299000,0
2009-11-20,sh.600070,10.0000,10.0000,9.7800,9.8300,10.0200,10214301,100727952.0000,3,7.260882,1,-1.896200,0
2009-11-23,sh.600070,9.8300,10.0000,9.6000,9.9900,9.8300,7884858,77566504.0000,3,5.604987,1,1.627700,0
2009-11-24,sh.600070,10.0100,10.0500,9.1300,9.1700,9.9900,9762539,94010295.0000,3,6.939745,1,-8.208200,0
2009-11-25,sh.600070,9.1000,9.4700,8.9100,9.3800,9.1700,6600709,60684507.0000,3,4.692144,1,2.290100,0
2009-11-26,sh.600070,9.3300,9.4000,8.6700,8.8700,9.3800,9271544,83439514.0000,3,6.590719,1,-5.437100,0
2009-11-27,sh.600070,8.7900,9.0000,8.6600,8.8100,8.8700,5266717,46412231.0000,3,3.743870,1,-0.676400,0
2009-11-30,sh.600070,8.8500,9.0900,8.8500,9.0400,8.8100,4001313,35966999.0000,3,2.844351,1,2.610700,0
2009-12-01,sh.600070,9.0400,9.8800,8.9700,9.8000,9.0400,13260702,125390594.0000,3,9.426430,1,8.407100,0
2009-12-02,sh.600070,9.7100,10.2600,9.7000,9.8900,9.8000,19625827,195647901.0000,3,13.951108,1,0.918400,0
2009-12-03,sh.600070,9.9900,10.1500,9.8000,9.9900,9.8900,15742972,157386829.0000,3,11.190963,1,1.011100,0
2009-12-04,sh.600070,10.0000,10.0400,9.2000,9.7600,9.9900,15254968,147743716.0000,3,10.844063,1,-2.302300,0
2009-12-07,sh.600070,9.8000,10.0800,9.6000,10.0800,9.7600,11484462,113416721.0000,3,8.163782,1,3.278700,0
2009-12-08,sh.600070,10.2000,10.3200,9.8500,9.8600,10.0800,13530522,136105238.0000,3,9.618233,1,-2.182500,0
2009-12-09,sh.600070,9.8000,9.8600,9.5200,9.7200,9.8600,7834338,75650105.0000,3,5.569075,1,-1.419900,0
2009-12-10,sh.600070,9.8400,9.8400,9.4000,9.5700,9.7200,8085668,77672516.0000,3,5.747734,1,-1.543200,0
2009-12-11,sh.600070,9.5800,9.6500,9.4800,9.5700,9.5700,3771968,36038946.0000,3,2.681321,1,0.000000,0
2009-12-14,sh.600070,9.5700,9.6300,9.1000,9.3600,9.5700,4155669,38719688.0000,3,2.954076,1,-2.194400,0
2009-12-15,sh.600070,9.3800,9.4700,9.3300,9.4200,9.3600,2769538,26037754.0000,3,1.968739,1,0.641000,0
2009-12-16,sh.600070,9.4200,9.5600,9.3300,9.4300,9.4200,2641635,24997032.0000,3,1.877818,1,0.106200,0
2009-12-17,sh.600070,9.4400,9.5000,9.0100,9.0200,9.4300,3862275,35454427.0000,3,2.745516,1,-4.347800,0
2009-12-18,sh.600070,9.0000,9.0000,8.5500,8.5800,9.0200,3379088,29614869.0000,3,2.402040,1,-4.878000,0
2009-12-21,sh.600070,8.5200,8.7500,8.5200,8.7400,8.5800,2519679,21800385.0000,3,1.791125,1,1.864800,0
2009-12-22,sh.600070,8.7600,8.7600,8.2100,8.2400,8.7400,3340638,28296142.0000,3,2.374708,1,-5.720800,0
2009-12-23,sh.600070,8.2800,8.4300,8.2600,8.3400,8.2400,2169071,18103260.0000,3,1.541894,1,1.213600,0
2009-12-24,sh.600070,8.4000,8.7300,8.3300,8.6700,8.3400,3265147,27961197.0000,3,2.321045,1,3.956800,0
2009-12-25,sh.600070,8.6200,8.7300,8.5400,8.6300,8.6700,2136186,18462675.0000,3,1.518517,1,-0.461400,0
2009-12-28,sh.600070,8.8100,8.8900,8.7300,8.8300,8.6300,3883505,34250141.0000,3,2.760607,1,2.317500,0
2009-12-29,sh.600070,8.8100,8.9500,8.7300,8.8900,8.8300,2962873,26234238.0000,3,2.106172,1,0.679500,0
2009-12-30,sh.600070,8.8600,8.9300,8.7600,8.8600,8.8900,2292071,20221482.0000,3,1.629329,1,-0.337500,0
2009-12-31,sh.600070,8.8200,8.9500,8.8000,8.9500,8.8600,2930573,26070829.0000,3,2.083211,1,1.015800,0
2010-01-04,sh.600070,9.1000,9.1000,8.8400,8.8700,8.9500,2707356,24239185.0000,3,1.924536,1,-0.893900,0
2010-01-05,sh.600070,8.8800,8.9000,8.7000,8.8800,8.8700,3224656,28378801.0000,3,2.292261,1,0.112700,0
2010-01-06,sh.600070,8.8600,8.9900,8.8400,8.8500,8.8800,2958863,26364609.0000,3,2.103321,1,-0.337800,0
2010-01-07,sh.600070,8.8500,8.8500,8.8500,8.8500,8.8500,0,0.0000,3,,0,0.000000,0
2010-01-08,sh.600070,8.6000,8.7200,8.5000,8.6900,8.8500,3553230,30561492.0000,3,2.525830,1,-1.807900,0
2010-01-11,sh.600070,8.7000,8.7800,8.5800,8.6100,8.6900,2330730,20178798.0000,3,1.656810,1,-0.920600,0
2010-01-12,sh.600070,8.6200,8.9000,8.6100,8.8600,8.6100,2865509,25224897.0000,3,2.036960,1,2.903600,0
2010-01-13,sh.600070,8.7300,8.9800,8.6100,8.8400,8.8600,3308987,29202168.0000,3,2.352208,1,-0.225700,0
2010-01-14,sh.600070,8.8700,9.1100,8.8500,9.1000,8.8400,4928006,44367030.0000,3,3.503095,1,2.941200,0
2010-01-15,sh.600070,9.1500,9.3200,9.0000,9.3000,9.1000,6436593,58803903.0000,3,4.575481,1,2.197800,0
2010-01-18,sh.600070,9.3700,9.7200,9.3300,9.5300,9.3000,12460091,119212721.0000,3,8.857312,1,2.473100,0
2010-01-19,sh.600070,9.5800,9.5800,9.3500,9.4600,9.5300,5026244,47447113.0000,3,3.572928,1,-0.734500,0
2010-01-20,sh.600070,9.4100,9.4700,9.0800,9.1200,9.4600,5488866,50854279.0000,3,3.901785,1,-3.594100,0
2010-01-21,sh.600070,9.1200,9.3100,9.1000,9.2500,9.1200,3294755,30409345.0000,3,2.342091,1,1.425400,0
2010-01-22,sh.600070,9.1800,9.1800,8.7600,8.9300,9.2500,4233830,37876886.0000,3,3.009637,1,-3.459500,0
2010-01-25,sh.600070,8.8300,8.9600,8.7600,8.7700,8.9300,1799731,15938330.0000,3,1.279347,1,-1.791700,0
2010-01-26,sh.600070,8.7700,8.8500,8.3400,8.4300,8.7700,2519189,21511708.0000,3,1.790777,1,-3.876900,0
2010-01-27,sh.600070,8.4900,8.4900,8.2300,8.3000,8.4300,1893215,15841563.0000,3,1.345800,1,-1.542100,0
2010-01-28,sh.600070,8.3700,8.4300,8.2700,8.4200,8.3000,1448403,12109004.0000,3,1.029604,1,1.445800,0
2010-01-29,sh.600070,8.4000,8.5600,8.3100,8.4600,8.4200,1587999,13462187.0000,3,1.128836,1,0.475100,0
2010-02-01,sh.600070,8.4600,8.4800,8.1800,8.2800,8.4600,1772249,14674060.0000,3,1.259811,1,-2.127700,0
2010-02-02,sh.600070,8.2900,8.4800,8.2900,8.3000,8.2800,1337485,11207014.0000,3,0.950757,1,0.241500,0
2010-02-03,sh.600070,8.3400,8.4800,8.0600,8.4800,8.3000,2320729,19283328.0000,3,1.649701,1,2.168700,0
2010-02-04,sh.600070,8.3800,8.5500,8.2700,8.4500,8.4800,2653920,22337794.0000,3,1.886551,1,-0.353800,0
2010-02-05,sh.600070,8.2200,8.3700,8.1500,8.2500,8.4500,2076623,17104594.0000,3,1.476177,1,-2.366900,0
2010-02-08,sh.600070,8.2500,8.3700,8.2100,8.3200,8.2500,1139481,9457400.0000,3,0.810005,1,0.848500,0
2010-02-09,sh.600070,8.3000,8.4400,8.2600,8.4000,8.3200,1196980,10016252.0000,3,0.850879,1,0.961500,0
2010-02-10,sh.600070,8.4500,8.4800,8.3700,8.4600,8.4000,1282668,10789706.0000,3,0.911790,1,0.714300,0
2010-02-11,sh.600070,8.4300,8.5400,8.4000,8.4700,8.4600,1343828,11390826.0000,3,0.955266,1,0.118200,0
2010-02-12,sh.600070,8.4900,8.5200,8.4400,8.5000,8.4700,1656291,14055659.0000,3,1.177382,1,0.354200,0
2010-02-22,sh.600070,8.4800,8.5400,8.3700,8.4600,8.5000,1753410,14843964.0000,3,1.246419,1,-0.470600,0
2010-02-23,sh.600070,8.4800,8.6900,8.4100,8.6800,8.4600,3038029,25965342.0000,3,2.159597,1,2.600500,0
2010-02-24,sh.600070,8.6200,8.8500,8.5800,8.8300,8.6800,2834361,24749880.0000,3,2.014818,1,1.728100,0
2010-02-25,sh.600070,8.8300,8.9200,8.7200,8.8900,8.8300,4385776,38755790.0000,3,3.117649,1,0.679500,0
2010-02-26,sh.600070,8.8700,8.9400,8.8200,8.8800,8.8900,2977655,26460273.0000,3,2.116680,1,-0.112500,0
2010-03-01,sh.600070,8.8800,9.0900,8.8800,9.0200,8.8800,3193098,28767781.0000,3,2.269828,1,1.576600,0
2010-03-02,sh.600070,9.0100,9.1400,8.9500,9.1400,9.0200,4032898,36480669.0000,3,2.866804,1,1.330400,0
2010-03-03,sh.600070,9.1200,9.2300,9.0600,9.2200,9.1400,4045964,37027926.0000,3,2.876092,1,0.875300,0
2010-03-04,sh.600070,9.2300,9.2700,8.9000,8.9400,9.2200,5114864,46412659.0000,3,3.635924,1,-3.036900,0
2010-03-05,sh.600070,9.0800,9.0800,8.7800,8.9300,8.9400,3454292,30830522.0000,3,2.455499,1,-0.111900,0
2010-03-08,sh.600070,8.8800,9.1500,8.8800,9.1300,8.9300,3510140,31670759.0000,3,2.495199,1,2.239600,0
2010-03-09,sh.600070,9.1300,9.2800,9.0100,9.0600,9.1300,3090533,28095642.0000,3,2.196919,1,-0.766700,0
2010-03-10,sh.600070,9.0000,9.1000,8.7200,8.9600,9.0600,3231645,28874610.0000,3,2.297229,1,-1.103800,0
2010-03-11,sh.600070,8.9000,9.0500,8.8100,9.0000,8.9600,2792626,25017299.0000,3,1.985151,1,0.446400,0
2010-03-12,sh.600070,9.0000,9.0200,8.6200,8.7100,9.0000,2526605,22352146.0000,3,1.796049,1,-3.222200,0
2010-03-15,sh.600070,8.6500,8.7200,8.4800,8.5400,8.7100,2408354,20612656.0000,3,1.711989,1,-1.951800,0
2010-03-16,sh.600070,8.5700,8.8200,8.5500,8.7700,8.5400,2854764,24731462.0000,3,2.029322,1,2.693200,0
2010-03-17,sh.600070,8.7800,9.0000,8.7200,8.9300,8.7700,3158295,28152709.0000,3,2.245088,1,1.824400,0
2010-03-18,sh.600070,8.9300,9.0200,8.9100,8.9800,8.9300,3019927,27091290.0000,3,2.146729,1,0.559900,0
2010-03-19,sh.600070,9.0000,9.1900,8.9600,9.1100,8.9800,4001329,36377426.0000,3,2.844363,1,1.447700,0
2010-03-22,sh.600070,9.1600,9.3700,9.1500,9.2800,9.1100,8172678,75733953.0000,3,5.809585,1,1.866100,0
2010-03-23,sh.600070,9.2700,9.2800,9.1300,9.1900,9.2800,4018261,36962653.0000,3,2.856399,1,-0.969800,0
2010-03-24,sh.600070,9.1900,9.4200,9.1800,9.3700,9.1900,6804907,63427610.0000,3,4.837299,1,1.958700,0
2010-03-25,sh.600070,9.3900,9.3900,9.0800,9.1000,9.3700,4488979,41432358.0000,3,3.191011,1,-2.881500,0
2010-03-26,sh.600070,9.0800,9.3800,9.0800,9.3300,9.1000,4868719,45079291.0000,3,3.460951,1,2.527500,0
2010-03-29,sh.600070,9.6500,9.6700,9.3100,9.3700,9.3300,7193038,67822168.0000,3,5.113204,1,0.428700,0
2010-03-30,sh.600070,9.3600,9.6400,9.2100,9.4300,9.3700,7336665,68906164.0000,3,5.215301,1,0.640300,0
2010-03-31,sh.600070,9.3500,9.4800,9.2900,9.3400,9.4300,4236466,39698415.0000,3,3.011511,1,-0.954400,0
2010-04-01,sh.600070,9.3800,9.4900,9.3200,9.4800,9.3400,5869176,55435583.0000,3,4.172130,1,1.498900,0
2010-04-02,sh.600070,9.5200,9.6000,9.4100,9.5200,9.4800,5937659,56524833.0000,3,4.220812,1,0.421900,0
2010-04-06,sh.600070,9.5500,9.5600,9.3800,9.4600,9.5200,4110158,38831598.0000,3,2.921724,1,-0.630300,0
2010-04-07,sh.600070,9.4600,9.5500,9.3200,9.5400,9.4600,5143326,48780732.0000,3,3.656157,1,0.845700,0
2010-04-08,sh.600070,9.5400,9.7800,9.5400,9.7300,9.5400,9138253,88385807.0000,3,6.495968,1,1.991600,0
2010-04-09,sh.600070,9.7000,9.7500,9.6000,9.7400,9.7300,5255117,50905505.0000,3,3.735624,1,0.102800,0
2010-04-12,sh.600070,9.7400,9.7400,9.5200,9.6900,9.7400,6684584,64493477.0000,3,4.751767,1,-0.513300,0
2010-04-13,sh.600070,9.6600,9.8400,9.2300,9.4700,9.6900,5842718,55932500.0000,3,4.153323,1,-2.270400,0
2010-04-14,sh.600070,9.4000,9.6100,9.3400,9.5600,9.4700,3614068,34407782.0000,3,2.569077,1,0.950400,0
2010-04-15,sh.600070,9.5000,9.7000,9.4300,9.5200,9.5600,4047520,38751095.0000,3,2.877198,1,-0.418400,0
2010-04-16,sh.600070,9.5100,9.6600,9.4200,9.5200,9.5200,3217212,30732297.0000,3,2.286970,1,0.000000,0
2010-04-19,sh.600070,9.4200,9.5400,9.0500,9.0600,9.5200,4601392,42934281.0000,3,3.270920,1,-4.831900,0
2010-04-20,sh.600070,9.0800,9.2800,9.0300,9.1900,9.0600,2999737,27453282.0000,3,2.132377,1,1.434900,0
2010-04-21,sh.600070,9.2100,9.4600,9.1700,9.3900,9.1900,3780999,35305500.0000,3,2.687740,1,2.176300,0
2010-04-22,sh.600070,9.3900,9.3900,9.3900,9.3900,9.3900,0,0.0000,3,,0,0.000000,0
2010-04-23,sh.600070,9.4400,9.6400,9.3900,9.4000,9.3900,3688029,35021446.0000,3,2.621652,1,0.106500,0
2010-04-26,sh.600070,9.4500,9.6200,9.3500,9.5900,9.4000,4553313,43436942.0000,3,3.236743,1,2.021300,0
2010-04-27,sh.600070,9.5400,9.5900,9.0800,9.3600,9.5900,4370901,40828098.0000,3,3.107075,1,-2.398300,0
2010-04-28,sh.600070,9.2400,9.3000,8.9000,9.0400,9.3600,4823253,43986422.0000,3,3.428631,1,-3.418800,0
2010-04-29,sh.600070,9.0500,9.2400,8.5100,8.5400,9.0400,4081143,36293599.0000,3,2.901099,1,-5.531000,0
2010-04-30,sh.600070,8.5600,8.6500,8.1000,8.2100,8.5400,3415728,28169608.0000,3,2.428086,1,-3.864200,0
2010-05-04,sh.600070,8.1000,8.2400,8.0300,8.1400,8.2100,1641829,13415690.0000,3,1.167102,1,-0.852600,0
2010-05-05,sh.600070,8.0800,8.3800,8.0800,8.3800,8.1400,2193270,18094648.0000,3,1.559096,1,2.948400,0
2010-05-06,sh.600070,8.3100,8.4300,8.1300,8.1700,8.3800,1997810,16589952.0000,3,1.420152,1,-2.506000,0
2010-05-07,sh.600070,8.0300,8.2200,7.9100,8.0800,8.1700,1752879,14234620.0000,3,1.246042,1,-1.101600,0
2010-05-10,sh.600070,8.1200,8.1500,7.6100,7.9100,8.0800,2146485,17017882.0000,3,1.525839,1,-2.104000,0
2010-05-11,sh.600070,8.1000,8.1000,7.7300,7.7600,7.9100,1798067,14248290.0000,3,1.278164,1,-1.896300,0
2010-05-12,sh.600070,7.8700,7.8700,7.6300,7.7700,7.7600,1356561,10498546.0000,3,0.964318,1,0.128900,0
2010-05-13,sh.600070,7.8500,8.2000,7.4800,8.1900,7.7700,3932506,31313224.0000,3,2.795440,1,5.405400,0
2010-05-14,sh.600070,8.2300,8.5400,8.2200,8.3700,8.1900,8578197,71614064.0000,3,6.097850,1,2.197800,0
2010-05-17,sh.600070,8.1600,8.1600,7.6200,7.6800,8.3700,4378057,34667761.0000,3,3.112162,1,-8.243700,0
2010-05-18,sh.600070,7.7000,7.8000,7.4100,7.7500,7.6800,2249933,17132571.0000,3,1.599375,1,0.911500,0
2010-05-19,sh.600070,7.6500,7.8500,7.5800,7.7000,7.7500,1487855,11458642.0000,3,1.057648,1,-0.645200,0
2010-05-20,sh.600070,7.6200,7.8000,7.5600,7.6000,7.7000,1389305,10679181.0000,3,0.987594,1,-1.298700,0
2010-05-21,sh.600070,7.3500,7.6800,7.3200,7.6800,7.6000,1941857,14615325.0000,3,1.380378,1,1.052600,0
2010-05-24,sh.600070,7.7500,8.0200,7.6900,8.0100,7.6800,2955191,23396596.0000,3,2.100711,1,4.296900,0
2010-05-25,sh.600070,7.9900,8.0600,7.8900,8.0400,8.0100,2619685,20906128.0000,3,1.862215,1,0.374500,0
2010-05-26,sh.600070,7.8700,7.8700,7.6500,7.7500,7.8400,1442144,11156806.0000,3,1.025155,1,-1.148000,0
2010-05-27,sh.600070,7.7300,7.8900,7.6300,7.8600,7.7500,1897212,14762340.0000,3,1.348642,1,1.419400,0
2010-05-28,sh.600070,7.9100,7.9800,7.8200,7.8800,7.8600,1785750,14107222.0000,3,1.269408,1,0.254500,0
2010-05-31,sh.600070,7.9300,7.9300,7.5500,7.6000,7.8800,1249898,9744222.0000,3,0.888496,1,-3.553300,0
2010-06-01,sh.600070,7.5900,7.5900,7.2000,7.4300,7.6000,1778000,13178846.0000,3,1.263899,1,-2.236800,0
2010-06-02,sh.600070,7.3500,7.5000,7.2500,7.5000,7.4300,1000257,7386117.0000,3,0.711037,1,0.942100,0
2010-06-03,sh.600070,7.5000,7.5600,7.3800,7.3900,7.5000,2272223,17011981.0000,3,1.615220,1,-1.466700,0
2010-06-04,sh.600070,7.3500,7.3900,7.2500,7.3600,7.3900,1222083,8955638.0000,3,0.868723,1,-0.406000,0
2010-06-07,sh.600070,7.2200,7.2600,7.1000,7.1800,7.3600,1280310,9186920.0000,3,0.910114,1,-2.445700,0
2010-06-08,sh.600070,7.1800,7.3100,7.1600,7.2600,7.1800,2108518,15241933.0000,3,1.498850,1,1.114200,0
2010-06-09,sh.600070,7.2600,7.4500,7.2500,7.4400,7.2600,2763468,20256747.0000,3,1.964424,1,2.479337,0
2010-06-10,sh.600070,7.4400,7.5500,7.3700,7.4600,7.4400,3043169,22664276.0000,3,2.163250,1,0.268800,0
2010-06-11,sh.600070,7.4600,7.5000,7.3400,7.3800,7.4600,1957750,14504860.0000,3,1.391675,1,-1.072400,0
2010-06-17,sh.600070,7.4000,7.4700,7.3800,7.4300,7.3800,1647576,12246965.0000,3,1.171187,1,0.677500,0
2010-06-18,sh.600070,7.4200,7.4600,7.1200,7.1500,7.4300,1942013,14198648.0000,3,1.380489,1,-3.768500,0
2010-06-21,sh.600070,7.1300,7.3400,7.0500,7.3300,7.1500,1442627,10439507.0000,3,1.025498,1,2.517500,0
2010-06-22,sh.600070,7.2900,7.4000,7.2900,7.3600,7.3300,1473532,10831739.0000,3,1.047467,1,0.409300,0
2010-06-23,sh.600070,7.3100,7.5700,7.3000,7.5000,7.3600,4228170,31603174.0000,3,3.005614,1,1.902200,0
2010-06-24,sh.600070,7.4600,8.0300,7.3800,7.7500,7.5000,7051327,54533759.0000,3,5.012468,1,3.333300,0
2010-06-25,sh.600070,7.7900,7.7900,7.5000,7.5800,7.7500,3019801,22967008.0000,3,2.146639,1,-2.193500,0
2010-06-28,sh.600070,7.5200,8.1000,7.4800,7.8000,7.5800,4897100,38136283.0000,3,3.481126,1,2.902400,0
2010-06-29,sh.600070,7.7100,7.7500,7.2000,7.3300,7.8000,3110935,23077480.0000,3,2.211422,1,-6.025600,0
2010-06-30,sh.600070,7.3000,7.3000,6.9400,7.0400,7.3300,1828767,12917540.0000,3,1.299987,1,-3.956300,0
2010-07-01,sh.600070,7.0400,7.3300,6.9900,7.2800,7.0400,3373526,24314070.0000,3,2.398086,1,3.409100,0
2010-07-02,sh.600070,7.2100,7.8800,7.2100,7.6400,7.2800,8567983,64572381.0000,3,6.090589,1,4.945100,0
2010-07-05,sh.600070,7.6500,7.8000,7.4000,7.5600,7.6400,4623044,34938454.0000,3,3.286312,1,-1.047100,0
2010-07-06,sh.600070,7.3500,7.9300,7.3500,7.7500,7.5600,7976066,62040733.0000,3,5.669823,1,2.513200,0
2010-07-07,sh.600070,7.7000,7.7800,7.6200,7.7700,7.7500,3269893,25219954.0000,3,2.324418,1,0.258100,0
2010-07-08,sh.600070,7.7900,7.7900,7.4900,7.6100,7.7700,3523660,26801991.0000,3,2.504810,1,-2.059200,0
2010-07-09,sh.600070,7.5600,7.9700,7.5600,7.9300,7.6100,7600650,59707421.0000,3,5.402956,1,4.205000,0
2010-07-12,sh.600070,7.8800,7.9900,7.8100,7.9100,7.9300,4372275,34520512.0000,3,3.108051,1,-0.252200,0
2010-07-13,sh.600070,7.8200,7.9300,7.6900,7.9200,7.9100,3820420,29849362.0000,3,2.715763,1,0.126400,0
2010-07-14,sh.600070,7.8300,8.0800,7.8300,8.0400,7.9200,4870414,38931795.0000,3,3.462156,1,1.515200,0
2010-07-15,sh.600070,8.0300,8.0400,7.8200,7.8300,8.0400,2720766,21541579.0000,3,1.934069,1,-2.611900,0
2010-07-16,sh.600070,7.7200,7.8500,7.6200,7.8300,7.8300,2094676,16181454.0000,3,1.489010,1,0.000000,0
2010-07-19,sh.600070,7.7600,8.0200,7.6600,7.9800,7.8300,2599183,20555596.0000,3,1.847641,1,1.915700,0
2010-07-20,sh.600070,8.0000,8.3300,7.9400,8.3000,7.9800,7187608,58903045.0000,3,5.109344,1,4.010000,0
2010-07-21,sh.600070,8.2100,8.2600,8.0900,8.1700,8.3000,4113658,33644993.0000,3,2.924212,1,-1.566300,0
2010-07-22,sh.600070,8.1900,8.2500,8.1200,8.2100,8.1700,4224858,34573216.0000,3,3.003259,1,0.489600,0
2010-07-23,sh.600070,8.2000,8.2400,8.0100,8.1000,8.2100,4017005,32540296.0000,3,2.855506,1,-1.339800,0
2010-07-26,sh.600070,8.1400,8.1800,8.0600,8.1700,8.1000,2290867,18633123.0000,3,1.628473,1,0.864200,0
2010-07-27,sh.600070,8.1700,8.2100,8.1200,8.1300,8.1700,2178983,17761997.0000,3,1.548940,1,-0.489600,0
2010-07-28,sh.600070,8.2200,8.4000,8.1300,8.3700,8.1300,5445570,45114481.0000,3,3.871008,1,2.952000,0
2010-07-29,sh.600070,8.4100,8.4900,8.2200,8.3100,8.3700,3705238,30800597.0000,3,2.633885,1,-0.716800,0
2010-07-30,sh.600070,8.2600,8.3700,8.2300,8.3100,8.3100,2066987,17138707.0000,3,1.469327,1,0.000000,0
2010-08-02,sh.600070,8.3100,8.4100,8.2900,8.3500,8.3100,3272148,27335805.0000,3,2.326021,1,0.481300,0
2010-08-03,sh.600070,8.3500,8.4900,8.2800,8.3500,8.3500,4210901,35374226.0000,3,2.993338,1,0.000000,0
2010-08-04,sh.600070,8.5100,8.8000,8.3600,8.4600,8.3500,5737689,48987696.0000,3,4.078662,1,1.317400,0
2010-08-05,sh.600070,8.4600,8.7300,8.4100,8.5100,8.4600,3799174,32559389.0000,3,2.700660,1,0.591000,0
2010-08-06,sh.600070,8.5600,8.6100,8.3600,8.5800,8.5100,2967352,25249441.0000,3,2.109356,1,0.822600,0
2010-08-09,sh.600070,8.6300,8.7500,8.5900,8.6800,8.5800,3680851,31915053.0000,3,2.616550,1,1.165500,0
2010-08-10,sh.600070,8.6700,8.6700,8.2800,8.2900,8.6800,4132242,34940893.0000,3,2.937423,1,-4.493100,0
2010-08-11,sh.600070,8.2800,8.4400,8.2700,8.4100,8.2900,1555432,13028359.0000,3,1.105686,1,1.447500,0
2010-08-12,sh.600070,8.3800,8.5000,8.2300,8.2500,8.4100,2505400,20894966.0000,3,1.780975,1,-1.902500,0
2010-08-13,sh.600070,8.2500,8.4900,8.2500,8.4500,8.2500,1779821,14881389.0000,3,1.265194,1,2.424200,0
2010-08-16,sh.600070,8.4300,8.6200,8.3600,8.6000,8.4500,2975540,25476835.0000,3,2.115176,1,1.775100,0
2010-08-17,sh.600070,8.5900,8.7400,8.5600,8.6800,8.6000,3301160,28628714.0000,3,2.346645,1,0.930200,0
2010-08-18,sh.600070,8.6900,8.7300,8.5000,8.7000,8.6800,2692494,23267094.0000,3,1.913972,1,0.230400,0
2010-08-19,sh.600070,8.7000,8.8900,8.6700,8.8000,8.7000,4461522,39208151.0000,3,3.171493,1,1.149400,0
2010-08-20,sh.600070,8.7900,8.7900,8.5000,8.5900,8.8000,2786099,24006180.0000,3,1.980511,1,-2.386400,0
2010-08-23,sh.600070,8.5800,8.9900,8.5700,8.9200,8.5900,4151233,36351122.0000,3,2.950923,1,3.841700,0
2010-08-24,sh.600070,8.8600,8.9500,8.7900,8.8100,8.9200,3525121,31254428.0000,3,2.505848,1,-1.233200,0
2010-08-25,sh.600070,8.7200,8.7900,8.5600,8.5900,8.8100,2977998,25726848.0000,3,2.116923,1,-2.497200,0
2010-08-26,sh.600070,8.5800,8.8900,8.5800,8.7600,8.5900,3717050,32499992.0000,3,2.642282,1,1.979000,0
2010-08-27,sh.600070,8.7000,8.8200,8.6700,8.6800,8.7600,1483900,12951986.0000,3,1.054837,1,-0.913200,0
2010-08-30,sh.600070,8.6900,8.9700,8.6700,8.9600,8.6800,4613879,40882216.0000,3,3.279797,1,3.225800,0
2010-08-31,sh.600070,8.9000,8.9600,8.8000,8.9000,8.9600,2856728,25365554.0000,3,2.030718,1,-0.669600,0
2010-09-01,sh.600070,8.9000,9.0300,8.6900,8.7300,8.9000,3824876,33691253.0000,3,2.718930,1,-1.910100,0
2010-09-02,sh.600070,8.7700,8.9900,8.7000,8.9800,8.7300,4419080,39350796.0000,3,3.141323,1,2.863700,0
2010-09-03,sh.600070,8.9800,9.0500,8.8500,8.9400,8.9800,2382444,21303460.0000,3,1.693571,1,-0.445400,0
2010-09-06,sh.600070,8.9800,9.1900,8.9200,9.1200,8.9400,6758947,61497239.0000,3,4.804628,1,2.013400,0
2010-09-07,sh.600070,9.1500,9.1500,8.9600,9.1200,9.1200,3795068,34301774.0000,3,2.697741,1,0.000000,0
2010-09-08,sh.600070,9.0800,9.1400,9.0000,9.1200,9.1200,2148342,19444495.0000,3,1.527159,1,0.000000,0
2010-09-09,sh.600070,9.1600,9.1600,8.9400,8.9500,9.1200,2843871,25657425.0000,3,2.021579,1,-1.864000,0
2010-09-10,sh.600070,8.9900,9.1100,8.8700,9.0400,8.9500,2266298,20374600.0000,3,1.611008,1,1.005600,0
2010-09-13,sh.600070,9.0400,9.2300,8.9700,9.1700,9.0400,5728682,52414591.0000,3,4.072259,1,1.438100,0
2010-09-14,sh.600070,9.1800,9.2300,9.0900,9.1300,9.1700,2778446,25392906.0000,3,1.975071,1,-0.436200,0
2010-09-15,sh.600070,9.1300,9.1700,8.9400,8.9800,9.1300,2798228,25310325.0000,3,1.989133,1,-1.642900,0
2010-09-16,sh.600070,9.0000,9.0500,8.6300,8.7200,8.9800,2476578,21840518.0000,3,1.760487,1,-2.895300,0
2010-09-17,sh.600070,8.7200,8.9000,8.6600,8.8000,8.7200,2077187,18289068.0000,3,1.476578,1,0.917400,0
2010-09-20,sh.600070,8.7600,9.1400,8.7200,9.0200,8.8000,4681623,41974727.0000,3,3.327953,1,2.500000,0
2010-09-21,sh.600070,9.0100,9.0500,8.8900,9.0000,9.0200,1242207,11148501.0000,3,0.883028,1,-0.221700,0
2010-09-27,sh.600070,9.0600,9.4000,9.0100,9.2700,9.0000,7167766,66448233.0000,3,5.095239,1,3.000000,0
2010-09-28,sh.600070,9.3700,9.6200,9.2100,9.6100,9.2700,9365901,89283767.0000,3,6.657793,1,3.667700,0
2010-09-29,sh.600070,9.8000,9.8000,9.1700,9.2300,9.6100,5786934,54915514.0000,3,4.113668,1,-3.954200,0
2010-09-30,sh.600070,9.3000,9.4000,9.1300,9.2600,9.2300,2816634,26095608.0000,3,2.002217,1,0.325000,0
2010-10-08,sh.600070,9.3100,9.4600,9.2000,9.3500,9.2600,5648977,52683386.0000,3,4.015601,1,0.971900,0
2010-10-11,sh.600070,9.3500,9.4000,9.1800,9.2700,9.3500,5657743,52666756.0000,3,4.021832,1,-0.855600,0
2010-10-12,sh.600070,9.2200,9.3800,9.1900,9.2700,9.2700,3667670,34027671.0000,3,2.607180,1,0.000000,0
2010-10-13,sh.600070,9.2300,9.3300,9.0800,9.2200,9.2700,3220438,29545389.0000,3,2.289263,1,-0.539400,0
2010-10-14,sh.600070,9.2200,9.2800,8.7800,8.8000,9.2200,3897709,35095827.0000,3,2.770704,1,-4.555300,0
2010-10-15,sh.600070,8.7600,8.9400,8.7600,8.8600,8.8000,2274543,20110779.0000,3,1.616869,1,0.681800,0
2010-10-18,sh.600070,8.8800,8.9400,8.6000,8.6800,8.8600,2825016,24639023.0000,3,2.008175,1,-2.031600,0
2010-10-19,sh.600070,8.6700,8.9400,8.6600,8.9300,8.6800,1455033,12846767.0000,3,1.034317,1,2.880200,0
2010-10-20,sh.600070,8.8500,9.0200,8.7500,8.9400,8.9300,1834686,16326180.0000,3,1.304195,1,0.112000,0
2010-10-21,sh.600070,8.9500,9.0300,8.8600,9.0200,8.9400,1577527,14125407.0000,3,1.121392,1,0.894900,0
2010-10-22,sh.600070,9.0300,9.0700,8.9300,9.0000,9.0200,1901603,17128376.0000,3,1.351763,1,-0.221700,0
2010-10-25,sh.600070,9.0000,9.1500,9.0000,9.1200,9.0000,2934783,26679160.0000,3,2.086204,1,1.333300,0
2010-10-26,sh.600070,9.1500,9.1900,8.9900,9.0900,9.1200,2990929,27120943.0000,3,2.126115,1,-0.328900,0
2010-10-27,sh.600070,9.1500,9.2500,9.0400,9.0900,9.0900,4499096,41096093.0000,3,3.198203,1,0.000000,0
2010-10-28,sh.600070,9.0900,9.1600,9.0200,9.1200,9.0900,3989945,36235734.0000,3,2.836270,1,0.330000,0
2010-10-29,sh.600070,9.1500,9.1700,9.0500,9.1000,9.1200,2534308,23100525.0000,3,1.801524,1,-0.219300,0
2010-11-01,sh.600070,9.2000,9.4700,9.1200,9.3800,9.1000,6174884,57672811.0000,3,4.389444,1,3.076900,0
2010-11-02,sh.600070,9.5300,9.5300,9.2100,9.3400,9.3800,5213277,48648977.0000,3,3.705882,1,-0.426400,0
2010-11-03,sh.600070,9.2300,9.6500,9.2200,9.5900,9.3400,7557924,71446241.0000,3,5.372584,1,2.676700,0
2010-11-04,sh.600070,9.6000,9.7000,9.4500,9.6600,9.5900,7836651,75053320.0000,3,5.570719,1,0.729900,0
2010-11-05,sh.600070,9.6500,9.7900,9.5700,9.7500,9.6600,6891300,66828700.0000,3,4.898712,1,0.931700,0
2010-11-08,sh.600070,9.7800,10.1600,9.7700,10.1000,9.7500,9633551,96595115.0000,3,6.848053,1,3.589700,0
2010-11-09,sh.600070,10.0800,10.2700,9.8900,10.1600,10.1000,6842465,68931126.0000,3,4.863997,1,0.594100,0
2010-11-10,sh.600070,10.1100,10.2800,9.9300,10.0400,10.1600,5121013,51688263.0000,3,3.640295,1,-1.181100,0
2010-11-11,sh.600070,9.9500,10.4100,9.8500,10.0700,10.0400,7815308,79734695.0000,3,5.555547,1,0.298800,0
2010-11-12,sh.600070,10.0100,10.1400,9.4800,9.5900,10.0700,8379336,82040742.0000,3,5.956489,1,-4.766600,0
2010-11-15,sh.600070,9.7900,9.9800,9.4800,9.9300,9.5900,4932705,48100871.0000,3,3.506436,1,3.545400,0
2010-11-16,sh.600070,9.9000,10.3000,9.7100,9.9400,9.9300,8202475,82373852.0000,3,5.830766,1,0.100700,0
2010-11-17,sh.600070,9.8000,10.2300,9.2800,9.4000,9.9400,6707705,65663234.0000,3,4.768202,1,-5.432600,0
2010-11-18,sh.600070,9.3700,9.5700,9.1100,9.3800,9.4000,4440849,41437768.0000,3,3.156798,1,-0.212800,0
2010-11-19,sh.600070,9.3800,9.5700,9.2500,9.5200,9.3800,3640277,34344933.0000,3,2.587707,1,1.492500,0
2010-11-22,sh.600070,9.5300,9.8700,9.5100,9.7800,9.5200,4371339,42400036.0000,3,3.107386,1,2.731100,0
2010-11-23,sh.600070,9.7600,9.9800,9.5400,9.9200,9.7800,5712167,56059002.0000,3,4.060520,1,1.431500,0
2010-11-24,sh.600070,9.9400,10.2000,9.8500,10.1800,9.9200,4984579,49997627.0000,3,3.543311,1,2.621000,0
2010-11-25,sh.600070,10.1800,10.2900,10.1100,10.1700,10.1800,5092428,51969813.0000,3,3.619975,1,-0.098200,0
2010-11-26,sh.600070,10.1900,11.1900,10.1100,11.1900,10.1700,20331767,224397589.0000,3,14.452928,1,10.029500,0
2010-11-29,sh.600070,11.1800,11.9000,10.9000,11.5000,11.1900,23771530,270947370.0000,3,16.898100,1,2.770300,0
2010-11-30,sh.600070,11.3000,11.3800,10.5000,11.0700,11.5000,13350000,146508109.0000,3,9.489908,1,-3.739100,0
2010-12-01,sh.600070,10.9500,11.2000,10.7500,10.9500,11.0700,6466581,71056510.0000,3,4.596798,1,-1.084000,0
2010-12-02,sh.600070,11.1200,11.6500,10.9000,10.9600,10.9500,13209305,148364357.0000,3,9.389894,1,0.091300,0
2010-12-03,sh.600070,10.7900,10.8800,10.4000,10.5500,10.9600,6692943,71139731.0000,3,4.757709,1,-3.740900,0
2010-12-06,sh.600070,10.5600,10.5800,10.2300,10.3700,10.5500,3652698,37823998.0000,3,2.596537,1,-1.706200,0
2010-12-07,sh.600070,10.3900,10.7600,10.3200,10.7200,10.3700,5262941,55830021.0000,3,3.741185,1,3.375100,0
2010-12-08,sh.600070,10.6600,10.7200,10.4300,10.5200,10.7200,3403872,35870964.0000,3,2.419658,1,-1.865700,0
2010-12-09,sh.600070,10.3800,10.5600,10.2000,10.2600,10.5200,2830156,29285422.0000,3,2.011829,1,-2.471500,0
2010-12-10,sh.600070,10.1500,10.3700,10.1000,10.3300,10.2600,2297649,23548647.0000,3,1.633294,1,0.682300,0
2010-12-13,sh.600070,10.4800,10.6500,10.3600,10.6500,10.3300,3509927,37090542.0000,3,2.495047,1,3.097800,0
2010-12-14,sh.600070,10.6600,11.1700,10.5000,11.1400,10.6500,7685339,83778491.0000,3,5.463158,1,4.600900,0
2010-12-15,sh.600070,11.0500,11.2600,10.9200,11.0600,11.1400,5214567,57659992.0000,3,3.706799,1,-0.718100,0
2010-12-16,sh.600070,11.1000,11.3500,11.0100,11.1000,11.0600,5067018,56610772.0000,3,3.601913,1,0.361700,0
2010-12-17,sh.600070,11.0800,11.2000,11.0000,11.0400,11.1000,2665344,29518702.0000,3,1.894672,1,-0.540500,0
2010-12-20,sh.600070,11.0500,11.1100,10.4000,10.8100,11.0400,6404546,68700447.0000,3,4.552700,1,-2.083300,0
2010-12-21,sh.600070,10.8500,10.9100,10.6500,10.8400,10.8100,2924355,31531570.0000,3,2.078791,1,0.277500,0
2010-12-22,sh.600070,10.8500,11.2200,10.8200,11.1500,10.8400,6437485,71252989.0000,3,4.576115,1,2.859800,0
2010-12-23,sh.600070,11.1100,11.4800,10.8800,10.9300,11.1500,6888900,77350745.0000,3,4.897006,1,-1.973100,0
2010-12-24,sh.600070,10.7300,10.8000,10.0600,10.4100,10.9300,4128161,43263307.0000,3,2.934522,1,-4.757500,0
2010-12-27,sh.600070,10.3300,10.6300,10.2200,10.3000,10.4100,4115980,42828146.0000,3,2.925863,1,-1.056700,0
2010-12-28,sh.600070,10.1800,10.4400,10.1300,10.2600,10.3000,2209536,22757609.0000,3,1.570659,1,-0.388300,0
2010-12-29,sh.600070,10.3000,10.5200,10.2100,10.5100,10.2600,1767652,18347609.0000,3,1.256543,1,2.436600,0
2010-12-30,sh.600070,10.5800,10.5800,10.3100,10.3200,10.5100,1615856,16831949.0000,3,1.148639,1,-1.807800,0
2010-12-31,sh.600070,10.2800,10.6400,10.2800,10.4400,10.3200,2199643,22938337.0000,3,1.563626,1,1.162800,0
2011-01-04,sh.600070,10.5100,10.7200,10.3300,10.7000,10.4400,3246675,34102816.0000,3,2.307914,1,2.490400,0
2011-01-05,sh.600070,10.6500,10.9900,10.5800,10.9500,10.7000,3859640,41890406.0000,3,2.743643,1,2.336400,0
2011-01-06,sh.600070,10.8600,10.9800,10.6500,10.7000,10.9500,3043816,32713449.0000,3,2.163710,1,-2.283100,0
2011-01-07,sh.600070,10.7000,10.7100,10.3800,10.4600,10.7000,3027363,31851374.0000,3,2.152015,1,-2.243000,0
2011-01-10,sh.600070,10.4500,10.4700,10.1800,10.2200,10.4600,2314454,23851066.0000,3,1.645240,1,-2.294500,0
2011-01-11,sh.600070,10.2700,10.3300,10.1600,10.2800,10.2200,1861631,19084939.0000,3,1.323349,1,0.587100,0
2011-01-12,sh.600070,10.2900,10.3300,9.9000,10.2400,10.2800,2826021,28601248.0000,3,2.008890,1,-0.389100,0
2011-01-13,sh.600070,10.2600,10.3600,10.1100,10.3100,10.2400,1829701,18749904.0000,3,1.300651,1,0.683600,0
2011-01-14,sh.600070,10.2600,10.3200,9.7900,9.8400,10.3100,2715431,27028627.0000,3,1.930276,1,-4.558700,0
2011-01-17,sh.600070,9.7800,9.8100,9.3000,9.3300,9.8400,1989630,18896348.0000,3,1.414337,1,-5.182900,0
2011-01-18,sh.600070,9.2300,9.4600,9.2300,9.4000,9.3300,1143054,10701488.0000,3,0.812545,1,0.750300,0
2011-01-19,sh.600070,9.4400,9.6700,9.3300,9.6400,9.4000,2248125,21473250.0000,3,1.598090,1,2.553200,0
2011-01-20,sh.600070,9.6400,9.6900,9.3500,9.6300,9.6400,1874617,17955623.0000,3,1.332580,1,-0.103700,0
2011-01-21,sh.600070,9.5300,9.9400,9.5300,9.8600,9.6300,3623730,35459159.0000,3,2.575945,1,2.388400,0
2011-01-24,sh.600070,9.7400,10.3800,9.7400,10.3600,9.8600,6609939,66960952.0000,3,4.698705,1,5.071000,0
2011-01-25,sh.600070,10.2500,10.4800,9.8400,9.8700,10.3600,5111111,51649803.0000,3,3.633256,1,-4.729700,0
2011-01-26,sh.600070,9.7800,9.9400,9.5900,9.7000,9.8700,3817059,36843556.0000,3,2.713374,1,-1.722400,0
2011-01-27,sh.600070,9.5500,9.6600,9.3300,9.6100,9.7000,2477888,23567746.0000,3,1.761418,1,-0.927800,0
2011-01-28,sh.600070,9.5200,9.7800,9.5200,9.6900,9.6100,1732874,16767405.0000,3,1.231821,1,0.832500,0
2011-01-31,sh.600070,9.6000,9.8300,9.5900,9.8100,9.6900,2256292,21925909.0000,3,1.603895,1,1.238400,0
2011-02-01,sh.600070,9.8100,9.9500,9.7100,9.8600,9.8100,1371792,13550114.0000,3,0.975145,1,0.509700,0
2011-02-09,sh.600070,9.7800,9.9200,9.6300,9.6600,9.8600,1450819,14203423.0000,3,1.031321,1,-2.028400,0
2011-02-10,sh.600070,9.7000,9.9400,9.6600,9.9300,9.6600,1635121,16067924.0000,3,1.162333,1,2.795000,0
2011-02-11,sh.600070,9.8800,10.1500,9.8600,10.1000,9.9300,2339624,23497352.0000,3,1.663132,1,1.712000,0
2011-02-14,sh.600070,10.1500,10.2700,10.0500,10.2100,10.1000,3038481,30886263.0000,3,2.159918,1,1.089100,0
2011-02-15,sh.600070,10.2100,10.3100,10.0600,10.0800,10.2100,2965514,30274682.0000,3,2.108049,1,-1.273300,0
2011-02-16,sh.600070,10.0700,10.3900,10.0200,10.3200,10.0800,3404973,34865810.0000,3,2.420440,1,2.381000,0
2011-02-17,sh.600070,10.2800,10.6200,10.2700,10.4300,10.3200,3836959,40014479.0000,3,2.727520,1,1.065900,0
2011-02-18,sh.600070,10.4300,10.4500,10.1400,10.2200,10.4300,3168293,32514270.0000,3,2.252195,1,-2.013400,0
2011-02-21,sh.600070,10.2000,10.5400,10.1100,10.5200,10.2200,3990358,41571575.0000,3,2.836564,1,2.935400,0
2011-02-22,sh.600070,10.5000,10.5000,10.1200,10.1800,10.5200,3383129,34800087.0000,3,2.404913,1,-3.231900,0
2011-02-23,sh.600070,10.1900,10.5700,10.1900,10.5400,10.1800,3769634,39368129.0000,3,2.679661,1,3.536300,0
2011-02-24,sh.600070,10.4400,10.9400,10.4400,10.7300,10.5400,7504201,80883736.0000,3,5.334395,1,1.802700,0
2011-02-25,sh.600070,10.7300,10.8700,10.6500,10.7900,10.7300,2981775,32103994.0000,3,2.119608,1,0.559200,0
2011-02-28,sh.600070,10.8900,11.0900,10.7800,10.8800,10.7900,3753260,40970387.0000,3,2.668022,1,0.834100,0
2011-03-01,sh.600070,10.9000,10.9500,10.7500,10.9500,10.8800,4663686,50535206.0000,3,3.315202,1,0.643379,0
2011-03-02,sh.600070,10.9300,10.9300,10.6000,10.7800,10.9500,3204999,34451555.0000,3,2.278288,1,-1.552500,0
2011-03-03,sh.600070,10.8500,11.0100,10.7100,10.8500,10.7800,4335728,47082903.0000,3,3.082072,1,0.649400,0
2011-03-04,sh.600070,10.8300,11.5000,10.7400,11.2100,10.8500,7127863,79788510.0000,3,5.066874,1,3.318000,0
2011-03-07,sh.600070,11.2700,11.4500,11.1200,11.2300,11.2100,5560657,62640811.0000,3,3.952818,1,0.178400,0
2011-03-08,sh.600070,11.3700,11.4000,11.1300,11.2400,11.2300,3355821,37585395.0000,3,2.385501,1,0.089000,0
2011-03-09,sh.600070,11.2600,11.6600,11.2200,11.5500,11.2400,6728858,77323653.0000,3,4.783239,1,2.758000,0
2011-03-10,sh.600070,11.6100,11.8000,11.4500,11.6300,11.5500,6468679,75224284.0000,3,4.598290,1,0.692600,0
2011-03-11,sh.600070,11.5900,11.6300,11.2600,11.3700,11.6300,4773114,54629273.0000,3,3.392990,1,-2.235600,0
2011-03-14,sh.600070,11.3300,11.5200,11.2500,11.4400,11.3700,3079988,35050813.0000,3,2.189423,1,0.615700,0
2011-03-15,sh.600070,11.3500,11.4800,10.7800,10.9500,11.4400,5989517,65794962.0000,3,4.257675,1,-4.283200,0
2011-03-16,sh.600070,10.9800,11.1400,10.8600,11.1200,10.9500,3521001,38875958.0000,3,2.502919,1,1.552500,0
2011-03-17,sh.600070,11.0300,11.0300,10.6700,10.7100,11.1200,4949529,53583119.0000,3,3.518395,1,-3.687100,0
2011-03-18,sh.600070,10.7200,10.9100,10.7000,10.8000,10.7100,3348507,36113248.0000,3,2.380301,1,0.840300,0
2011-03-21,sh.600070,10.8400,11.0500,10.8000,10.9200,10.8000,2521175,27522513.0000,3,1.792189,1,1.111100,0
2011-03-22,sh.600070,11.0300,11.5500,11.0000,11.2200,10.9200,6297984,71102617.0000,3,4.476950,1,2.747300,0
2011-03-23,sh.600070,11.2100,11.4200,11.1000,11.3900,11.2200,4341220,48982610.0000,3,3.085976,1,1.515200,0
2011-03-24,sh.600070,11.4200,11.6700,11.2800,11.5900,11.3900,5310710,61197240.0000,3,3.775142,1,1.755900,0
2011-03-25,sh.600070,12.7500,12.7500,12.7500,12.7500,11.5900,4508143,57478823.0000,3,3.204634,1,10.008600,0
2011-03-28,sh.600070,13.6000,14.0300,13.0000,14.0300,12.7500,26558597,369619255.0000,3,18.879299,1,10.039200,0
2011-03-29,sh.600070,14.3100,14.5000,13.2300,13.5600,14.0300,26892446,375778185.0000,3,19.116617,1,-3.350000,0
2011-03-30,sh.600070,13.2700,13.2700,12.4600,12.5900,13.5600,15834690,202659858.0000,3,11.256161,1,-7.153400,0
2011-03-31,sh.600070,12.3900,13.0600,12.3800,12.6000,12.5900,11949281,152318023.0000,3,8.494200,1,0.079400,0
2011-04-01,sh.600070,12.5600,12.9500,12.4100,12.8300,12.6000,7071243,90026983.0000,3,5.026625,1,1.825400,0
2011-04-06,sh.600070,12.8500,12.9200,12.4000,12.6400,12.8300,8324080,104710796.0000,3,5.917210,1,-1.480900,0
2011-04-07,sh.600070,12.6600,12.7100,12.1900,12.3200,12.6400,7591304,93794141.0000,3,5.396313,1,-2.531600,0
2011-04-08,sh.600070,12.3500,13.1500,12.3500,13.0000,12.3200,13415718,172482116.0000,3,9.536624,1,5.519500,0
2011-04-11,sh.600070,12.8900,12.9700,12.5900,12.8600,13.0000,8186978,104531598.0000,3,5.819750,1,-1.076900,0
2011-04-12,sh.600070,12.7500,12.8500,12.4800,12.6900,12.8600,5758264,72642203.0000,3,4.093288,1,-1.321900,0
2011-04-13,sh.600070,12.5700,13.0300,12.4500,13.0100,12.6900,6519915,83411446.0000,3,4.634711,1,2.521700,0
2011-04-14,sh.600070,13.0500,13.0500,12.6600,12.7900,13.0100,6581087,84114585.0000,3,4.678195,1,-1.691000,0
2011-04-15,sh.600070,12.8000,12.8000,12.3600,12.6200,12.7900,5513290,69123885.0000,3,3.919147,1,-1.329200,0
2011-04-18,sh.600070,12.5600,12.9600,12.5000,12.9100,12.6200,6124816,78320242.0000,3,4.353853,1,2.297900,0
2011-04-19,sh.600070,12.9000,12.9000,12.5200,12.5500,12.9100,5140286,64826515.0000,3,3.653996,1,-2.788500,0
2011-04-20,sh.600070,12.5800,12.6500,12.1600,12.2100,12.5500,5507431,68026704.0000,3,3.914982,1,-2.709200,0
2011-04-21,sh.600070,12.2100,12.2100,12.2100,12.2100,12.2100,0,0.0000,3,,0,0.000000,0
2011-04-22,sh.600070,12.3000,12.4500,12.2200,12.4300,12.2100,3646478,44950396.0000,3,2.592115,1,1.801800,0
2011-04-25,sh.600070,12.3300,12.3300,11.6100,11.7300,12.4300,5420898,64025221.0000,3,3.853470,1,-5.631500,0
2011-04-26,sh.600070,11.6900,11.6900,11.3600,11.5100,11.7300,2620099,30104566.0000,3,1.862509,1,-1.875500,0
2011-04-27,sh.600070,11.6000,11.8400,11.4500,11.6500,11.5100,2471324,28825151.0000,3,1.756752,1,1.216300,0
2011-04-28,sh.600070,11.7200,11.8300,11.5400,11.6400,11.6500,2720388,31885656.0000,3,1.933800,1,-0.085800,0
2011-04-29,sh.600070,11.6200,11.7100,11.1800,11.5500,11.6400,2445985,27885779.0000,3,1.738739,1,-0.773200,0
2011-05-03,sh.600070,11.5500,11.8300,11.4500,11.8000,11.5500,2218698,25974698.0000,3,1.577172,1,2.164500,0
2011-05-04,sh.600070,11.7500,12.3400,11.7500,11.9500,11.8000,5496497,66336077.0000,3,3.907210,1,1.271200,0
2011-05-05,sh.600070,11.8500,11.9400,11.5500,11.7800,11.9500,2589954,30360352.0000,3,1.841081,1,-1.422600,0
2011-05-06,sh.600070,11.7600,11.7600,11.3900,11.6000,11.7800,2792309,32309372.0000,3,1.984925,1,-1.528000,0
2011-05-09,sh.600070,11.5000,11.8900,11.4200,11.7100,11.6000,2260069,26574453.0000,3,1.606580,1,0.948300,0
2011-05-10,sh.600070,11.6000,12.8800,11.5900,12.5400,11.7100,11923190,149493519.0000,3,8.475654,1,7.088000,0
2011-05-11,sh.600070,12.4500,13.0000,12.2600,12.9900,12.5400,9628617,122162646.0000,3,6.844546,1,3.588500,0
2011-05-12,sh.600070,12.9900,13.5500,12.4500,12.5000,12.9900,13341107,173835268.0000,3,9.483586,1,-3.772100,0
2011-05-13,sh.600070,12.3800,12.5400,12.0300,12.4200,12.5000,6108782,74882863.0000,3,4.342455,1,-0.640000,0
2011-05-16,sh.600070,12.3100,13.3200,12.3100,13.1800,12.4200,10730023,138658362.0000,3,7.627485,1,6.119200,0
2011-05-17,sh.600070,12.9900,13.3900,12.8100,12.9800,13.1800,9184239,120593718.0000,3,6.528658,1,-1.517500,0
2011-05-18,sh.600070,12.8000,13.1000,12.5100,12.5400,12.9800,6388001,81243122.0000,3,4.540939,1,-3.389800,0
2011-05-19,sh.600070,12.5200,13.7900,12.5000,13.3200,12.5400,13897889,186047909.0000,3,9.879377,1,6.220100,0
2011-05-20,sh.600070,13.2000,13.6400,12.9100,13.5100,13.3200,11301348,150268896.0000,3,8.033614,1,1.426400,0
2011-05-23,sh.600070,13.3800,13.4700,12.3100,12.5100,13.5100,8658689,111308665.0000,3,6.155068,1,-7.401900,0
2011-05-24,sh.600070,12.2300,12.4600,12.0200,12.3200,12.5100,5477906,66808552.0000,3,3.893994,1,-1.518800,0
2011-05-25,sh.600070,12.2300,12.4900,11.3800,11.3900,12.3200,7365884,87691445.0000,3,5.236072,1,-7.548700,0
2011-05-26,sh.600070,11.4700,11.6700,11.2000,11.3400,11.3900,4200867,47898419.0000,3,2.986205,1,-0.439000,0
2011-05-27,sh.600070,11.3000,11.3300,10.2100,10.4100,11.3400,6477743,68563515.0000,3,4.604733,1,-8.201100,0
2011-05-30,sh.600070,10.4100,10.4100,10.4100,10.4100,10.4100,0,0.0000,3,,0,0.000000,0
2011-05-31,sh.600070,10.1800,10.5700,10.0600,10.5100,10.4100,3674101,37835649.0000,3,2.611751,1,0.960600,0
2011-06-01,sh.600070,10.6000,10.6400,10.4700,10.6100,10.5100,2575945,27199931.0000,3,1.831122,1,0.951500,0
2011-06-02,sh.600070,10.3800,10.4200,9.9800,10.1800,10.6100,3268869,33105705.0000,3,2.323690,1,-4.052800,0
2011-06-03,sh.600070,10.1500,10.3700,10.1500,10.3300,10.1800,2713475,27901542.0000,3,1.928886,1,1.473500,0
2011-06-07,sh.600070,10.2600,10.5800,10.1000,10.5200,10.3300,2617306,27254882.0000,3,1.860524,1,1.839300,0
2011-06-08,sh.600070,10.5200,10.5200,10.5200,10.5200,10.5200,0,0.0000,3,,0,0.000000,0
2011-06-09,sh.600070,10.5300,10.6000,10.0700,10.1000,10.5200,2683573,27749801.0000,3,1.907630,1,-3.992400,0
2011-06-10,sh.600070,10.0600,10.1800,9.8100,10.1100,10.1000,2458149,24573277.0000,3,1.747386,1,0.099000,0
2011-06-13,sh.600070,10.0500,10.0900,9.8200,10.0500,10.1100,1173127,11707953.0000,3,0.833923,1,-0.593500,0
2011-06-14,sh.600070,10.0500,10.3400,10.0000,10.3000,10.0500,1960833,20090626.0000,3,1.393867,1,2.487600,0
2011-06-15,sh.600070,10.2500,10.3800,10.1500,10.3200,10.3000,2428442,24942548.0000,3,1.726269,1,0.194200,0
2011-06-16,sh.600070,10.5800,11.1800,10.3600,10.4200,10.3200,6588372,70338537.0000,3,4.683374,1,0.969000,0
2011-06-17,sh.600070,10.0800,10.2500,9.9200,9.9700,10.4200,3203852,32348063.0000,3,2.277473,1,-4.318600,0
2011-06-20,sh.600070,9.9200,10.0000,9.4600,9.4900,9.9700,2879474,27834633.0000,3,2.046887,1,-4.814400,0
2011-06-21,sh.600070,9.5200,9.6600,9.4200,9.6000,9.4900,1742939,16685677.0000,3,1.238976,1,1.159100,0
2011-06-22,sh.600070,9.5800,9.6900,9.4900,9.5600,9.6000,1225192,11736774.0000,3,0.870933,1,-0.416700,0
2011-06-23,sh.600070,9.5100,9.7500,9.4700,9.6900,9.5600,1964763,18892361.0000,3,1.396661,1,1.359800,0
2011-06-24,sh.600070,9.6900,9.6900,9.6900,9.6900,9.6900,0,0.0000,3,,0,0.000000,0
2011-06-27,sh.600070,10.0300,10.4200,10.0300,10.3100,9.6900,5645147,57675108.0000,3,4.012878,1,6.398300,0
2011-06-28,sh.600070,10.2800,10.3000,10.1300,10.2700,10.3100,2844051,29026999.0000,3,2.021707,1,-0.388000,0
2011-06-29,sh.600070,10.2500,10.4400,10.1000,10.1500,10.2700,2722647,28077963.0000,3,1.935406,1,-1.168500,0
2011-06-30,sh.600070,10.1300,10.3900,10.1300,10.3000,10.1500,2158062,22140921.0000,3,1.534068,1,1.477800,0
2011-07-01,sh.600070,10.2900,10.5400,10.1900,10.4300,10.3000,3360320,34898873.0000,3,2.388699,1,1.262100,0
2011-07-04,sh.600070,10.4200,10.7300,10.3600,10.6600,10.4300,4149807,43905975.0000,3,2.949909,1,2.205200,0
2011-07-05,sh.600070,10.6500,10.9500,10.5400,10.9000,10.6600,5241158,56426295.0000,3,3.725701,1,2.251400,0
2011-07-06,sh.600070,10.8900,11.1600,10.8100,10.9400,10.9000,4609502,50587748.0000,3,3.276685,1,0.367000,0
2011-07-07,sh.600070,10.9600,11.1600,10.7800,10.8900,10.9400,3913032,42616877.0000,3,2.781596,1,-0.457000,0
2011-07-08,sh.600070,10.8900,11.1200,10.8000,11.0700,10.8900,2861592,31369763.0000,3,2.034176,1,1.652887,0
2011-07-11,sh.600070,11.0500,11.2800,10.9800,11.1900,11.0700,2871394,31990172.0000,3,2.041143,1,1.084000,0
2011-07-12,sh.600070,11.1000,11.3500,10.8600,11.2200,11.1900,4733972,52943530.0000,3,3.365165,1,0.268100,0
2011-07-13,sh.600070,11.1900,12.3400,11.1900,12.3400,11.2200,16519911,197729103.0000,3,11.743253,1,9.982200,0
2011-07-14,sh.600070,12.4500,13.3000,12.3400,13.0800,12.3400,26058915,335614993.0000,3,18.524098,1,5.996800,0
2011-07-15,sh.600070,12.9500,13.5100,12.8200,13.1800,13.0800,25918532,341737502.0000,3,18.424306,1,0.764500,0
2011-07-18,sh.600070,13.0500,13.0900,12.6700,12.8800,13.1800,14326829,184829254.0000,3,10.184291,1,-2.276200,0
2011-07-19,sh.600070,12.8300,12.9800,12.6100,12.8000,12.8800,7374048,94475227.0000,3,5.241875,1,-0.621100,0
2011-07-20,sh.600070,12.8100,12.9000,12.2000,12.5000,12.8000,9631878,120345541.0000,3,6.846864,1,-2.343800,0
2011-07-21,sh.600070,12.5000,12.9200,12.3300,12.7500,12.5000,11443771,144615890.0000,3,8.134856,1,2.000000,0
2011-07-22,sh.600070,12.6800,13.3000,12.6000,13.2800,12.7500,22438756,292908590.0000,3,15.950691,1,4.156900,0
2011-07-25,sh.600070,13.1500,13.7000,12.9000,13.3400,13.2800,22903292,305243869.0000,3,16.280909,1,0.451800,0
2011-07-26,sh.600070,13.4800,13.8700,13.1200,13.6100,13.3400,24374710,331184490.0000,3,17.326873,1,2.024000,0
2011-07-27,sh.600070,13.4100,13.9300,13.3000,13.5300,13.6100,20780808,283936704.0000,3,14.772131,1,-0.587800,0
2011-07-28,sh.600070,13.6000,14.2000,13.5700,13.7400,13.5300,18900282,261321853.0000,3,13.435351,1,1.552100,0
2011-07-29,sh.600070,13.8500,14.0000,13.4800,13.5400,13.7400,16905961,231385444.0000,3,12.017679,1,-1.455600,0
2011-08-01,sh.600070,13.5500,13.8400,13.2900,13.7000,13.5400,16585735,226413663.0000,3,11.790045,1,1.181700,0
2011-08-02,sh.600070,13.7500,13.8900,12.8800,13.4500,13.7000,18697085,250524151.0000,3,13.290907,1,-1.824800,0
2011-08-03,sh.600070,13.6000,14.0800,13.3000,13.6600,13.4500,23258303,319033135.0000,3,16.533270,1,1.561300,0
2011-08-04,sh.600070,13.3800,13.3900,12.2900,12.3100,13.6600,20065569,258841851.0000,3,14.263700,1,-9.882900,0
2011-08-05,sh.600070,11.7000,11.7000,11.0900,11.3700,12.3100,13342955,152441845.0000,3,9.484900,1,-7.636100,0
2011-08-08,sh.600070,11.0600,11.2800,10.2500,10.5600,11.3700,10013852,107346417.0000,3,7.118392,1,-7.124000,0
2011-08-09,sh.600070,10.1800,10.9300,10.0400,10.7500,10.5600,9003069,95288737.0000,3,6.399872,1,1.799200,0
2011-08-10,sh.600070,10.9400,11.1500,10.7600,10.8200,10.7500,9694481,106377894.0000,3,6.891366,1,0.651200,0
2011-08-11,sh.600070,10.4900,11.1000,10.4000,11.0100,10.8200,6909541,74513016.0000,3,4.911678,1,1.756000,0
2011-08-12,sh.600070,11.1500,11.3900,11.0300,11.2200,11.0100,8542954,95776388.0000,3,6.072797,1,1.907400,0
2011-08-15,sh.600070,11.2400,11.5400,11.1300,11.4100,11.2200,7274665,82618875.0000,3,5.171229,1,1.693400,0
2011-08-16,sh.600070,11.3100,11.4800,11.0500,11.1200,11.4100,6011764,67452798.0000,3,4.273490,1,-2.541600,0
2011-08-17,sh.600070,11.0500,11.1600,10.9000,10.9100,11.1200,4099336,45202517.0000,3,2.914032,1,-1.888500,0
2011-08-18,sh.600070,10.8500,11.0500,10.6500,10.6600,10.9100,3526068,38190100.0000,3,2.506521,1,-2.291500,0
2011-08-19,sh.600070,10.4000,10.5600,10.3000,10.5300,10.6600,3543459,36955625.0000,3,2.518884,1,-1.219500,0
2011-08-22,sh.600070,10.5500,10.8400,10.5400,10.6100,10.5300,3289281,35115500.0000,3,2.338200,1,0.759700,0
2011-08-23,sh.600070,10.6800,10.8900,10.6000,10.8800,10.6100,3300058,35476624.0000,3,2.345861,1,2.544800,0
2011-08-24,sh.600070,10.9200,11.1500,10.6900,10.7300,10.8800,4062295,44363968.0000,3,2.887701,1,-1.378700,0
2011-08-25,sh.600070,10.8000,11.1000,10.7200,11.0900,10.7300,4217361,46088720.0000,3,2.997930,1,3.355100,0
2011-08-26,sh.600070,11.0000,11.1000,10.9100,11.0000,11.0900,3680115,40496038.0000,3,2.616026,1,-0.811543,0
2011-08-29,sh.600070,10.8600,10.9500,10.6700,10.6700,11.0000,3505579,37681872.0000,3,2.491957,1,-3.000000,0
2011-08-30,sh.600070,10.6700,10.6700,10.6700,10.6700,10.6700,0,0.0000,3,,0,0.000000,0
2011-08-31,sh.600070,10.5900,10.7700,10.3800,10.5400,10.6700,2489597,26286955.0000,3,1.769741,1,-1.218400,0
2011-09-01,sh.600070,10.5800,10.7000,10.4700,10.5300,10.5400,1918742,20289499.0000,3,1.363946,1,-0.094900,0
2011-09-02,sh.600070,10.5700,10.5700,10.1800,10.2900,10.5300,2415292,24894905.0000,3,1.716921,1,-2.279200,0
2011-09-05,sh.600070,10.1300,10.6700,10.0900,10.3600,10.2900,4052820,42259362.0000,3,2.880965,1,0.680300,0
2011-09-06,sh.600070,10.3600,10.4000,10.1300,10.3400,10.3600,1820241,18706675.0000,3,1.293927,1,-0.193100,0
2011-09-07,sh.600070,10.3400,10.6400,10.2100,10.6100,10.3400,2613853,27397007.0000,3,1.858069,1,2.611200,0
2011-09-08,sh.600070,10.6500,10.6900,10.5500,10.5500,10.6100,2288154,24269642.0000,3,1.626545,1,-0.565499,0
2011-09-09,sh.600070,10.5000,11.2500,10.4900,11.1700,10.5500,10167716,111128100.0000,3,7.227767,1,5.876800,0
2011-09-13,sh.600070,10.9900,11.1200,10.8500,11.0400,11.1700,5149959,56637065.0000,3,3.660872,1,-1.163800,0
2011-09-14,sh.600070,11.0500,11.1200,10.8100,11.1000,11.0400,4589964,50444525.0000,3,3.262797,1,0.543500,0
2011-09-15,sh.600070,11.0800,11.3800,11.0100,11.1900,11.1000,9315451,104120806.0000,3,6.621930,1,0.810800,0
2011-09-16,sh.600070,11.1600,11.1800,10.9100,10.9600,11.1900,4564359,50315112.0000,3,3.244595,1,-2.055400,0
2011-09-19,sh.600070,10.8900,10.8900,10.2100,10.2800,10.9600,4832844,50498684.0000,3,3.435449,1,-6.204400,0
2011-09-20,sh.600070,10.1500,10.4500,10.1400,10.4100,10.2800,2183033,22531437.0000,3,1.551819,1,1.264600,0
2011-09-21,sh.600070,10.4200,10.6400,10.3000,10.6200,10.4100,2962800,31200717.0000,3,2.106120,1,2.017300,0
2011-09-22,sh.600070,10.5900,10.6000,10.2000,10.2300,10.6200,2744136,28463405.0000,3,1.950681,1,-3.672300,0
2011-09-23,sh.600070,10.1300,10.2800,10.0200,10.1200,10.2300,2636123,26627729.0000,3,1.873900,1,-1.075300,0
2011-09-26,sh.600070,10.0000,10.2200,9.9900,10.0800,10.1200,2082365,20995173.0000,3,1.480259,1,-0.395300,0
2011-09-27,sh.600070,10.1500,10.3900,10.1100,10.3200,10.0800,3304733,33949983.0000,3,2.349184,1,2.381000,0
2011-09-28,sh.600070,10.3900,10.4400,10.0500,10.2300,10.3200,2760911,28455328.0000,3,1.962606,1,-0.872100,0
2011-09-29,sh.600070,10.1700,10.2100,9.9600,10.1100,10.2300,2702645,27181247.0000,3,1.921187,1,-1.173000,0
2011-09-30,sh.600070,10.1100,10.1600,9.4600,10.0500,10.1100,3464024,33638380.0000,3,2.462417,1,-0.593500,0
2011-10-10,sh.600070,10.1200,10.1200,9.7500,9.8900,10.0500,4237688,41720563.0000,3,3.012380,1,-1.592000,0
2011-10-11,sh.600070,10.0300,10.0600,9.1900,9.2800,9.8900,7220399,70062121.0000,3,5.132653,1,-6.167800,0
2011-10-12,sh.600070,9.1500,9.5200,8.7000,9.3900,9.2800,5741079,52364449.0000,3,4.081072,1,1.185300,0
2011-10-13,sh.600070,9.2400,9.4700,9.2100,9.4400,9.3900,3244131,30432644.0000,3,2.306105,1,0.532500,0
2011-10-14,sh.600070,9.4000,9.6500,9.3400,9.5500,9.4400,3897179,37038991.0000,3,2.770327,1,1.165300,0
2011-10-17,sh.600070,9.5100,9.6200,9.3500,9.4000,9.5500,2675811,25305733.0000,3,1.902112,1,-1.570700,0
2011-10-18,sh.600070,9.3600,9.3600,8.9500,9.0200,9.4000,3404277,31081478.0000,3,2.419946,1,-4.042600,0
2011-10-19,sh.600070,9.0100,9.1100,8.7800,8.7900,9.0200,1936092,17272453.0000,3,1.376280,1,-2.549900,0
2011-10-20,sh.600070,8.8300,8.8300,8.4000,8.4700,8.7900,2539579,21680591.0000,3,1.805271,1,-3.640500,0
2011-10-21,sh.600070,8.4800,8.5000,8.3300,8.3900,8.4700,1060778,8914111.0000,3,0.754059,1,-0.944500,0
2011-10-24,sh.600070,8.4000,8.5500,8.2000,8.5400,8.3900,1847491,15493298.0000,3,1.313297,1,1.787800,0
2011-10-25,sh.600070,8.5100,8.7700,8.4700,8.7200,8.5400,2020173,17452440.0000,3,1.436049,1,2.107700,0
2011-10-26,sh.600070,8.7200,9.2800,8.6500,9.2600,8.7200,5540822,49945014.0000,3,3.938718,1,6.192700,0
2011-10-27,sh.600070,9.3900,9.4500,8.9000,9.0300,9.2600,4484724,41066456.0000,3,3.187986,1,-2.483800,0
2011-10-28,sh.600070,9.1000,9.4000,9.0300,9.3300,9.0300,4346132,39987031.0000,3,3.089468,1,3.322300,0
2011-10-31,sh.600070,9.5000,9.5000,9.2100,9.3100,9.3300,3069136,28561284.0000,3,2.181709,1,-0.214400,0
2011-11-01,sh.600070,9.2500,9.4600,9.1800,9.3200,9.3100,3750007,35131878.0000,3,2.665709,1,0.107400,0
2011-11-02,sh.600070,9.1000,9.6100,9.0200,9.5700,9.3200,5584747,52191243.0000,3,3.969943,1,2.682400,0
2011-11-03,sh.600070,9.5200,9.9600,9.4400,9.7900,9.5700,6740542,65377531.0000,3,4.791545,1,2.298900,0
2011-11-04,sh.600070,9.7600,9.8900,9.6800,9.7800,9.7900,3493305,34221447.0000,3,2.483232,1,-0.102100,0
2011-11-07,sh.600070,9.7200,9.8900,9.6400,9.8300,9.7800,4626210,45204538.0000,3,3.288562,1,0.511200,0
2011-11-08,sh.600070,10.1000,10.7000,10.0500,10.1700,9.8300,13679736,141059518.0000,3,9.724302,1,3.458800,0
2011-11-09,sh.600070,10.0100,10.2900,9.8100,10.2800,10.1700,7340387,73742729.0000,3,5.217947,1,1.081600,0
2011-11-10,sh.600070,10.0600,10.2200,9.8500,9.8600,10.2800,4305706,43272335.0000,3,3.060731,1,-4.085600,0
2011-11-11,sh.600070,9.8100,10.1900,9.8100,9.9500,9.8600,3615887,36214399.0000,3,2.570370,1,0.912800,0
2011-11-14,sh.600070,9.9900,10.1600,9.9900,10.1100,9.9500,2788440,28116977.0000,3,1.982175,1,1.608000,0
2011-11-15,sh.600070,10.1400,10.1500,9.9900,10.0500,10.1100,2715745,27342464.0000,3,1.930500,1,-0.593500,0
2011-11-16,sh.600070,10.0600,10.1200,9.5500,9.6100,10.0500,4491232,43906540.0000,3,3.192613,1,-4.378100,0
2011-11-17,sh.600070,9.5800,9.7500,9.5000,9.5700,9.6100,2154508,20753552.0000,3,1.531542,1,-0.416200,0
2011-11-18,sh.600070,9.5000,9.5500,9.2100,9.2400,9.5700,2282865,21301129.0000,3,1.622785,1,-3.448300,0
2011-11-21,sh.600070,9.1000,9.3700,9.1000,9.3600,9.2400,1283329,11852150.0000,3,0.912260,1,1.298700,0
2011-11-22,sh.600070,9.2400,9.5000,9.2000,9.4500,9.3600,1627713,15265835.0000,3,1.157067,1,0.961500,0
2011-11-23,sh.600070,9.4900,9.5300,9.2300,9.2400,9.4500,1533969,14463362.0000,3,1.090429,1,-2.222200,0
2011-11-24,sh.600070,9.1800,9.2700,9.0300,9.1300,9.2400,1330327,12160794.0000,3,0.945669,1,-1.190500,0
2011-11-25,sh.600070,9.1600,9.2000,8.9200,9.0200,9.1300,1087923,9875449.0000,3,0.773355,1,-1.204800,0
2011-11-28,sh.600070,9.0600,9.1600,9.0200,9.1100,9.0200,1179909,10716421.0000,3,0.838744,1,0.997800,0
2011-11-29,sh.600070,9.2200,9.2900,9.1300,9.2700,9.1100,1329675,12256312.0000,3,0.945205,1,1.756300,0
2011-11-30,sh.600070,9.2700,9.3000,8.6700,8.7400,9.2700,2151443,19248235.0000,3,1.529363,1,-5.717400,0
2011-12-01,sh.600070,9.1000,9.1200,8.9000,8.9900,8.7400,2150803,19398506.0000,3,1.528908,1,2.860400,0
2011-12-02,sh.600070,8.9500,9.2700,8.7900,9.2000,8.9900,2594978,23412416.0000,3,1.844652,1,2.335900,0
2011-12-05,sh.600070,9.1500,9.7200,8.9400,9.5800,9.2000,6561729,61409619.0000,3,4.664435,1,4.130400,0
2011-12-06,sh.600070,9.3800,9.9900,9.3100,9.8400,9.5800,8464654,81890193.0000,3,6.017138,1,2.714000,0
2011-12-07,sh.600070,9.8300,9.9500,9.7000,9.8800,9.8400,7721332,75892084.0000,3,5.488744,1,0.406500,0
2011-12-08,sh.600070,9.8700,10.1500,9.7400,9.8900,9.8800,8322289,82457616.0000,3,5.915937,1,0.101200,0
2011-12-09,sh.600070,9.8000,10.0200,9.6600,9.8100,9.8900,6632502,64981963.0000,3,4.714744,1,-0.808900,0
2011-12-12,sh.600070,9.8200,10.0000,9.5200,9.5200,9.8100,6328499,61270929.0000,3,4.498642,1,-2.956200,0
2011-12-13,sh.600070,9.3100,9.3400,8.8900,9.0500,9.5200,6200229,56186080.0000,3,4.407461,1,-4.937000,0
2011-12-14,sh.600070,8.9000,9.1800,8.8600,9.0400,9.0500,5259326,47848179.0000,3,3.738616,1,-0.110500,0
2011-12-15,sh.600070,9.0000,9.4700,8.6100,9.1100,9.0400,5594430,50668977.0000,3,3.976826,1,0.774300,0
2011-12-16,sh.600070,9.0100,9.5000,8.9800,9.4500,9.1100,9255256,84990938.0000,3,6.579141,1,3.732200,0
2011-12-19,sh.600070,9.3100,9.9900,9.2800,9.9300,9.4500,10825943,104001336.0000,3,7.695671,1,5.079400,0
2011-12-20,sh.600070,9.8300,10.2000,9.7200,9.8500,9.9300,11068841,109678924.0000,3,7.868336,1,-0.805600,0
2011-12-21,sh.600070,9.8400,10.0500,9.2500,9.4300,9.8500,8993910,86955871.0000,3,6.393362,1,-4.264000,0
2011-12-22,sh.600070,9.3000,9.7900,8.8300,9.2400,9.4300,5619963,51602188.0000,3,3.994976,1,-2.014800,0
2011-12-23,sh.600070,9.1400,9.3300,9.0200,9.1100,9.2400,3335273,30443050.0000,3,2.370894,1,-1.406900,0
2011-12-26,sh.600070,9.0900,9.1000,8.8000,8.8300,9.1100,2884068,25712109.0000,3,2.050153,1,-3.073500,0
2011-12-27,sh.600070,8.8000,8.8000,7.9500,7.9500,8.8300,3996037,33234322.0000,3,2.840601,1,-9.966000,0
2011-12-28,sh.600070,7.8700,7.8700,7.3600,7.5100,7.9500,3439103,25808124.0000,3,2.444702,1,-5.534600,0
2011-12-29,sh.600070,7.5900,7.7300,7.5300,7.5300,7.5100,2168701,16548479.0000,3,1.541631,1,0.266300,0
2011-12-30,sh.600070,7.5800,7.7000,7.5800,7.7000,7.5300,1646817,12622024.0000,3,1.170647,1,2.257600,0
2012-01-04,sh.600070,7.7500,7.8800,7.5000,7.5100,7.7000,1423263,10946213.0000,3,1.011733,1,-2.467500,0
2012-01-05,sh.600070,7.4500,7.5400,6.7800,6.8500,7.5100,2117506,15170186.0000,3,1.505239,1,-8.788300,0
2012-01-06,sh.600070,6.7800,7.0000,6.6000,6.9900,6.8500,1840016,12560810.0000,3,1.307984,1,2.043800,0
2012-01-09,sh.600070,6.9100,7.4200,6.9000,7.3900,6.9900,1894214,13632591.0000,3,1.346511,1,5.722500,0
2012-01-10,sh.600070,7.3900,7.7200,7.3900,7.7100,7.3900,2491858,18955043.0000,3,1.771349,1,4.330200,0
2012-01-11,sh.600070,7.7200,7.8400,7.6000,7.7900,7.7100,2608147,20207971.0000,3,1.854013,1,1.037600,0
2012-01-12,sh.600070,7.7200,7.8500,7.6100,7.7200,7.7900,1750489,13575190.0000,3,1.244343,1,-0.898600,0
2012-01-13,sh.600070,7.7700,7.7700,7.2500,7.3100,7.7200,2071306,15475818.0000,3,1.472397,1,-5.310900,0
2012-01-16,sh.600070,7.2800,7.3300,7.0900,7.1000,7.3100,1162129,8405838.0000,3,0.826105,1,-2.872800,0
2012-01-17,sh.600070,7.1300,7.5400,7.1000,7.5200,7.1000,1531881,11309903.0000,3,1.088945,1,5.915500,0
2012-01-18,sh.600070,7.5700,7.6700,7.3200,7.3600,7.5200,1797933,13529023.0000,3,1.278069,1,-2.127700,0
2012-01-19,sh.600070,7.6600,7.8600,7.6300,7.7000,7.3600,2824633,21816020.0000,3,2.007903,1,4.619600,0
2012-01-20,sh.600070,7.6100,8.0000,7.6100,7.8900,7.7000,2092001,16409024.0000,3,1.487108,1,2.467500,0
2012-01-30,sh.600070,7.8900,7.9800,7.7500,7.8700,7.8900,1788767,14072974.0000,3,1.271553,1,-0.253500,0
2012-01-31,sh.600070,7.8700,7.9300,7.7600,7.8700,7.8700,1154198,9033253.0000,3,0.820467,1,0.000000,0
2012-02-01,sh.600070,7.7800,7.9400,7.6700,7.7200,7.8700,1485969,11589654.0000,3,1.056308,1,-1.906000,0
2012-02-02,sh.600070,7.7000,7.9700,7.7000,7.9500,7.7200,1666448,13074786.0000,3,1.184602,1,2.979300,0
2012-02-03,sh.600070,7.9500,8.1100,7.8800,8.0500,7.9500,1966421,15759184.0000,3,1.397839,1,1.257900,0
2012-02-06,sh.600070,8.0700,8.1000,7.9700,8.0500,8.0500,1525682,12251663.0000,3,1.084538,1,0.000000,0
2012-02-07,sh.600070,8.0200,8.0200,7.8100,7.8400,8.0500,1425967,11242665.0000,3,1.013655,1,-2.608700,0
2012-02-08,sh.600070,7.8500,8.2000,7.8000,8.1800,7.8400,2304569,18514275.0000,3,1.638213,1,4.336700,0
2012-02-09,sh.600070,8.1500,8.3200,8.1100,8.1800,8.1800,1721475,14147606.0000,3,1.223718,1,0.000000,0
2012-02-10,sh.600070,8.1200,8.3000,8.1200,8.1900,8.1800,1532405,12568707.0000,3,1.089317,1,0.122200,0
2012-02-13,sh.600070,8.1000,8.3300,8.1000,8.2500,8.1900,1290146,10639324.0000,3,0.917106,1,0.732600,0
2012-02-14,sh.600070,8.2500,8.4200,8.2000,8.3600,8.2500,2170120,18083911.0000,3,1.542640,1,1.333300,0
2012-02-15,sh.600070,8.3800,8.5200,8.2600,8.4900,8.3600,2086733,17540705.0000,3,1.483364,1,1.555000,0
2012-02-16,sh.600070,8.4300,8.5800,8.3700,8.5700,8.4900,2580217,21854578.0000,3,1.834159,1,0.942300,0
2012-02-17,sh.600070,8.5500,8.6000,8.3800,8.4800,8.5700,1420824,12036421.0000,3,1.009999,1,-1.050200,0
2012-02-20,sh.600070,8.5800,8.6100,8.4600,8.4700,8.4800,1484299,12665029.0000,3,1.055121,1,-0.117900,0
2012-02-21,sh.600070,8.4800,8.5600,8.2700,8.5100,8.4700,1546489,13009297.0000,3,1.099329,1,0.472300,0
2012-02-22,sh.600070,8.5100,8.6200,8.4500,8.6000,8.5100,2357814,20156729.0000,3,1.676063,1,1.057600,0
2012-02-23,sh.600070,8.6100,9.0300,8.5600,8.8600,8.6000,4328869,38163515.0000,3,3.077196,1,3.023300,0
2012-02-24,sh.600070,8.8500,8.9300,8.7800,8.8900,8.8600,2789831,24707341.0000,3,1.983164,1,0.338600,0
2012-02-27,sh.600070,8.8400,9.0500,8.8400,8.9400,8.8900,3093981,27727239.0000,3,2.199370,1,0.562400,0
2012-02-28,sh.600070,8.9100,8.9800,8.7500,8.8700,8.9400,2481833,21993291.0000,3,1.764222,1,-0.783000,0
2012-02-29,sh.600070,8.8800,8.8900,8.7500,8.8400,8.8700,1494846,13174580.0000,3,1.062618,1,-0.338200,0
2012-03-01,sh.600070,8.7600,9.0600,8.7600,9.0400,8.8400,2549306,22831571.0000,3,1.812186,1,2.262400,0
2012-03-02,sh.600070,9.0400,9.1600,9.0100,9.0800,9.0400,2392621,21706417.0000,3,1.700805,1,0.442500,0
2012-03-05,sh.600070,9.1000,9.2700,9.0300,9.1000,9.0800,1925504,17625332.0000,3,1.368753,1,0.220300,0
2012-03-06,sh.600070,9.0600,9.0700,8.8800,9.0100,9.1000,1342667,12049633.0000,3,0.954441,1,-0.989000,0
2012-03-07,sh.600070,8.8600,9.0700,8.8100,8.8500,9.0100,1378480,12320307.0000,3,0.979899,1,-1.775800,0
2012-03-08,sh.600070,8.9500,9.1500,8.9100,9.1000,8.8500,1680551,15252501.0000,3,1.194627,1,2.824900,0
2012-03-09,sh.600070,9.1000,9.2300,9.0600,9.1900,9.1000,1825413,16710076.0000,3,1.297603,1,0.989000,0
2012-03-12,sh.600070,9.2400,9.2400,9.1100,9.1800,9.1900,1520732,13948794.0000,3,1.081019,1,-0.108800,0
2012-03-13,sh.600070,9.1800,9.5000,9.1600,9.4600,9.1800,3014782,28053659.0000,3,2.143071,1,3.050100,0
2012-03-14,sh.600070,9.7000,10.1800,9.3000,9.4500,9.4600,9922688,97563361.0000,3,7.053588,1,-0.105700,0
2012-03-15,sh.600070,9.3100,9.8800,9.1500,9.7100,9.4500,6692389,63897101.0000,3,4.757315,1,2.751300,0
2012-03-16,sh.600070,9.6500,10.1500,9.6400,10.0800,9.7100,6506506,65026543.0000,3,4.625179,1,3.810500,0
2012-03-19,sh.600070,10.0900,10.6200,9.9000,10.6000,10.0800,7632572,77728880.0000,3,5.425648,1,5.158700,0
2012-03-20,sh.600070,10.4000,10.7800,10.2700,10.5300,10.6000,7630007,80023724.0000,3,5.423825,1,-0.660400,0
2012-03-21,sh.600070,10.5800,10.6500,9.8500,10.3100,10.5300,5563945,56853933.0000,3,3.955155,1,-2.089300,0
2012-03-22,sh.600070,10.2600,10.4000,9.9700,10.2700,10.3100,4020393,40914218.0000,3,2.857915,1,-0.388000,0
2012-03-23,sh.600070,10.1900,10.1900,9.6500,9.8100,10.2700,3199017,31672613.0000,3,2.274036,1,-4.479100,0
2012-03-26,sh.600070,9.7800,9.8700,9.5200,9.7300,9.8100,2043987,19865753.0000,3,1.452977,1,-0.815500,0
2012-03-27,sh.600070,9.7300,9.8400,9.5800,9.7200,9.7300,2549034,24735970.0000,3,1.811992,1,-0.102800,0
2012-03-28,sh.600070,9.7200,9.7200,8.9500,9.0600,9.7200,4250811,39347832.0000,3,3.021708,1,-6.790100,0
2012-03-29,sh.600070,9.0100,9.1500,8.7600,8.8300,9.0600,2479586,22218348.0000,3,1.762625,1,-2.538600,0
2012-03-30,sh.600070,8.8500,9.0900,8.7600,8.8400,8.8300,3979855,35512841.0000,3,2.829098,1,0.113300,0
2012-04-05,sh.600070,8.8400,9.3800,8.8400,9.3400,8.8400,4763031,43358545.0000,3,3.385822,1,5.656100,0
2012-04-06,sh.600070,9.3700,9.3800,9.1700,9.2500,9.3400,3850471,35697459.0000,3,2.737125,1,-0.963600,0
2012-04-09,sh.600070,9.2500,9.9900,9.1800,9.7800,9.2500,6012349,57893399.0000,3,4.273905,1,5.729700,0
2012-04-10,sh.600070,9.7100,9.8700,9.2500,9.8500,9.7800,5403596,51733909.0000,3,3.841171,1,0.715700,0
2012-04-11,sh.600070,9.6000,10.7200,9.4500,10.2500,9.8500,12963466,132453457.0000,3,9.215138,1,4.060900,0
2012-04-12,sh.600070,10.5500,11.2800,10.5400,11.2800,10.2500,16619261,181664945.0000,3,11.813877,1,10.048800,0
2012-04-13,sh.600070,11.5400,12.1100,11.1400,11.1900,11.2800,27041664,313641999.0000,3,19.222689,1,-0.797900,0
2012-04-16,sh.600070,11.1000,11.8000,10.7100,11.2400,11.1900,19703769,221077903.0000,3,14.006513,1,0.446800,0
2012-04-17,sh.600070,11.1200,11.1300,10.3000,10.5700,11.2400,17210607,182236661.0000,3,12.234238,1,-5.960900,0
2012-04-18,sh.600070,10.4400,11.1800,10.4100,10.7100,10.5700,12984261,139926198.0000,3,9.229921,1,1.324500,0
2012-04-19,sh.600070,10.5000,10.6200,10.2600,10.4100,10.7100,9718535,101234120.0000,3,6.908465,1,-2.801100,0
2012-04-20,sh.600070,10.4200,11.2300,10.3200,10.7300,10.4100,15683511,168950573.0000,3,11.148695,1,3.074000,0
2012-04-23,sh.600070,10.5800,10.6800,10.2700,10.3600,10.7300,9896067,103441396.0000,3,7.034664,1,-3.448300,0
2012-04-24,sh.600070,10.2600,11.4000,10.2500,11.4000,10.3600,19176636,209460830.0000,3,13.631798,1,10.038600,0
2012-04-25,sh.600070,11.7000,12.5400,11.6500,12.5400,11.4000,34210604,416694667.0000,3,24.318763,1,10.000000,0
2012-04-26,sh.600070,12.7000,12.7000,11.4000,11.5300,12.5400,24409969,291248671.0000,3,17.351937,1,-8.054200,0
2012-04-27,sh.600070,11.5300,11.5300,11.5300,11.5300,11.5300,0,0.0000,3,,0,0.000000,0
2012-05-02,sh.600070,11.1000,11.4000,10.6000,10.9100,11.5300,13350373,145315724.0000,3,9.490173,1,-5.377300,0
2012-05-03,sh.600070,10.8500,11.0400,10.7100,10.9300,10.9100,7798727,84851992.0000,3,5.543760,1,0.183300,0
2012-05-04,sh.600070,10.8000,10.9900,10.6600,10.7100,10.9300,8016333,86622922.0000,3,5.698447,1,-2.012800,0
2012-05-07,sh.600070,10.4700,10.8500,10.4700,10.7100,10.7100,6184452,65872673.0000,3,4.396246,1,0.000000,0
2012-05-08,sh.600070,10.6500,10.8800,10.5200,10.8300,10.7100,7429054,79545656.0000,3,5.280977,1,1.120400,0
2012-05-09,sh.600070,10.8300,11.9100,10.7600,11.9100,10.8300,14244653,163320216.0000,3,10.125876,1,9.972300,0
2012-05-10,sh.600070,12.4000,12.4600,11.3000,11.7000,11.9100,17877994,209650463.0000,3,12.708653,1,-1.763200,0
2012-05-11,sh.600070,11.4000,12.8700,11.3600,12.3800,11.7000,31354699,392929653.0000,3,22.288630,1,5.812000,0
2012-05-14,sh.600070,12.1300,13.1800,12.0500,12.4300,12.3800,29251926,370539632.0000,3,20.793864,1,0.403900,0
2012-05-15,sh.600070,11.7700,12.2700,11.5200,11.9200,12.4300,15694488,186563271.0000,3,11.156498,1,-4.103000,0
2012-05-16,sh.600070,11.9300,13.1100,11.6500,13.1100,11.9200,38180658,491800823.0000,3,27.140893,1,9.983200,0
2012-05-17,sh.600070,12.9200,13.6600,12.9000,13.5000,13.1100,36771582,485956842.0000,3,26.139245,1,2.974800,0
2012-05-18,sh.600070,13.2000,13.2200,12.3100,12.5700,13.5000,23666040,300958110.0000,3,16.823112,1,-6.888900,0
2012-05-21,sh.600070,12.3300,13.1000,12.1000,12.1700,12.5700,17194904,217052159.0000,3,12.223075,1,-3.182200,0
2012-05-22,sh.600070,12.2300,12.7200,12.1000,12.6300,12.1700,15081606,187990278.0000,3,10.720828,1,3.779800,0
2012-05-23,sh.600070,12.4000,12.6400,12.0500,12.4900,12.6300,14768381,182318925.0000,3,10.498170,1,-1.108500,0
2012-05-24,sh.600070,12.2600,12.8500,12.1200,12.6200,12.4900,14825639,186582452.0000,3,10.538873,1,1.040800,0
2012-05-25,sh.600070,12.5900,12.9400,12.3100,12.3500,12.6200,12380271,156272829.0000,3,8.800572,1,-2.139500,0
2012-05-28,sh.600070,12.2900,12.9300,12.1500,12.8900,12.3500,14581071,184891752.0000,3,10.365020,1,4.372500,0
2012-05-29,sh.600070,12.8000,12.8400,12.3000,12.6800,12.8900,11649707,146543630.0000,3,8.281247,1,-1.629200,0
2012-05-30,sh.600070,12.6300,12.8500,12.4000,12.5200,12.6800,8436031,105990912.0000,3,5.996791,1,-1.261800,0
2012-05-31,sh.600070,12.5300,13.1300,12.4000,12.7500,12.5200,13145537,168780367.0000,3,9.344564,1,1.837100,0
2012-06-01,sh.600070,12.6200,12.8400,12.4000,12.5900,12.7500,8214871,103232063.0000,3,5.839578,1,-1.254900,0
2012-06-04,sh.600070,9.2200,9.2500,8.8300,8.8800,9.4500,6198669,55801919.0000,3,3.389501,1,-6.031700,0
2012-06-05,sh.600070,8.8200,8.9400,8.3100,8.4700,8.8800,9814141,84082794.0000,3,5.366482,1,-4.617100,0
2012-06-06,sh.600070,8.5000,8.5700,8.2400,8.2900,8.4700,6032549,50520271.0000,3,3.298665,1,-2.125100,0
2012-06-07,sh.600070,8.4000,8.4500,8.2500,8.3200,8.2900,6063029,50708588.0000,3,3.315332,1,0.361900,0
2012-06-08,sh.600070,8.4000,8.4400,7.9200,7.9600,8.3200,6082714,49895658.0000,3,3.326096,1,-4.326900,0
2012-06-11,sh.600070,7.9100,8.2400,7.7300,8.1200,7.9600,6961217,55592602.0000,3,3.806471,1,2.010100,0
2012-06-12,sh.600070,7.9900,8.0300,7.8000,7.8200,8.1200,5311713,42015801.0000,3,2.904504,1,-3.694600,0
2012-06-13,sh.600070,7.8600,8.0500,7.7500,8.0200,7.8200,7657590,60729404.0000,3,4.187256,1,2.557500,0
2012-06-14,sh.600070,7.9800,8.0800,7.7100,7.7400,8.0200,6945579,55252410.0000,3,3.797920,1,-3.491300,0
2012-06-15,sh.600070,7.7400,7.8600,7.4500,7.7500,7.7400,6836598,52450309.0000,3,3.738328,1,0.129200,0
2012-06-18,sh.600070,7.7500,8.1200,7.7200,8.0600,7.7500,9527488,75212919.0000,3,5.209737,1,4.000000,0
2012-06-19,sh.600070,8.0500,8.1900,7.9200,7.9700,8.0600,8408354,67621427.0000,3,4.597782,1,-1.116600,0
2012-06-20,sh.600070,7.9900,7.9900,7.7000,7.7300,7.9700,5454075,42720896.0000,3,2.982349,1,-3.011300,0
2012-06-21,sh.600070,7.7200,7.9600,7.5600,7.7100,7.7300,5976004,46422749.0000,3,3.267746,1,-0.258700,0
2012-06-25,sh.600070,7.6900,7.6900,7.1100,7.2100,7.7100,6802526,50042033.0000,3,3.719697,1,-6.485100,0
2012-06-26,sh.600070,7.1800,7.3100,6.9500,7.2300,7.2100,5430146,38913454.0000,3,2.969264,1,0.277400,0
2012-06-27,sh.600070,7.1900,7.4000,7.1300,7.2000,7.2300,3884906,28223201.0000,3,2.124310,1,-0.414900,0
2012-06-28,sh.600070,7.2200,7.4700,7.1600,7.2000,7.2000,5267635,38544296.0000,3,2.880402,1,0.000000,0
2012-06-29,sh.600070,7.1500,7.1500,6.8200,7.0400,7.2000,5490103,38281825.0000,3,3.002050,1,-2.222200,0
2012-07-02,sh.600070,7.1100,7.1900,7.0500,7.0900,7.0400,2879643,20463680.0000,3,1.574621,1,0.710200,0
2012-07-03,sh.600070,7.0900,7.4500,7.0200,7.4100,7.0900,7749114,56400967.0000,3,4.237302,1,4.513400,0
2012-07-04,sh.600070,7.4300,7.4300,7.2500,7.2900,7.4100,4146716,30297066.0000,3,2.267471,1,-1.619400,0
2012-07-05,sh.600070,7.2400,7.2700,7.0800,7.0900,7.2900,3700427,26496080.0000,3,2.023435,1,-2.743500,0
2012-07-06,sh.600070,7.1500,7.1700,6.9100,7.1500,7.0900,4130123,29149256.0000,3,2.258397,1,0.846300,0
2012-07-09,sh.600070,7.1600,7.2200,6.9800,7.0900,7.1500,3618418,25673881.0000,3,1.978591,1,-0.839200,0
2012-07-10,sh.600070,7.0000,7.1100,6.8100,6.8400,7.0900,3089848,21541205.0000,3,1.689563,1,-3.526100,0
2012-07-11,sh.600070,6.8400,6.9300,6.6700,6.7700,6.8400,2998215,20288274.0000,3,1.639457,1,-1.023400,0
2012-07-12,sh.600070,6.7000,6.8600,6.5900,6.8200,6.7700,4190018,28145330.0000,3,2.291149,1,0.738600,0
2012-07-13,sh.600070,6.9300,7.1500,6.9300,7.0000,6.8200,6956164,48990671.0000,3,3.803708,1,2.639300,0
2012-07-16,sh.600070,6.8700,6.9600,6.4800,6.5400,7.0000,4590803,30719781.0000,3,2.510302,1,-6.571400,0
2012-07-17,sh.600070,6.5000,6.7200,6.4000,6.7100,6.5400,3239904,21388928.0000,3,1.771616,1,2.599400,0
2012-07-18,sh.600070,6.6500,6.8900,6.6200,6.8300,6.7100,4041063,27266123.0000,3,2.209698,1,1.788400,0
2012-07-19,sh.600070,7.0500,7.5100,7.0400,7.4200,6.8300,17895427,131441139.0000,3,9.785419,1,8.638400,0
2012-07-20,sh.600070,7.2800,7.6500,7.1600,7.3000,7.4200,14310921,105447854.0000,3,7.825371,1,-1.617300,0
2012-07-23,sh.600070,7.2300,7.2300,7.0800,7.1200,7.3000,4993447,35688069.0000,3,2.730473,1,-2.465800,0
2012-07-24,sh.600070,7.0500,7.5600,7.0100,7.4400,7.1200,9732358,71600004.0000,3,5.321762,1,4.494400,0
2012-07-25,sh.600070,7.3400,7.4300,7.1600,7.1900,7.4400,5045648,36691957.0000,3,2.759017,1,-3.360200,0
2012-07-26,sh.600070,7.1300,7.3000,7.1000,7.1200,7.1900,3480286,25065077.0000,3,1.903059,1,-0.973600,0
2012-07-27,sh.600070,7.1600,7.2200,6.9100,6.9500,7.1200,3423971,24107421.0000,3,1.872266,1,-2.387600,0
2012-07-30,sh.600070,6.9200,7.0000,6.5000,6.5300,6.9500,4791198,31860190.0000,3,2.619881,1,-6.043200,0
2012-07-31,sh.600070,6.5300,6.7700,6.3000,6.6300,6.5300,4055632,26571442.0000,3,2.217665,1,1.531400,0
2012-08-01,sh.600070,6.5300,6.7200,6.4900,6.6800,6.6300,3633516,24185912.0000,3,1.986847,1,0.754100,0
2012-08-02,sh.600070,6.6600,6.7200,6.4500,6.5400,6.6800,2742597,18015748.0000,3,1.499683,1,-2.095800,0
2012-08-03,sh.600070,6.5400,6.6800,6.5100,6.6700,6.5400,2715561,17941388.0000,3,1.484899,1,1.987800,0
2012-08-06,sh.600070,6.6400,6.8800,6.6000,6.8300,6.6700,4296790,29068795.0000,3,2.349533,1,2.398800,0
2012-08-07,sh.600070,6.7800,7.1700,6.7800,7.0300,6.8300,6521068,45753941.0000,3,3.565793,1,2.928300,0
2012-08-08,sh.600070,7.0300,7.1600,6.9200,7.0100,7.0300,3878613,27233240.0000,3,2.120869,1,-0.284500,0
2012-08-09,sh.600070,7.0100,7.1400,6.8800,7.0900,7.0100,4686107,32979705.0000,3,2.562416,1,1.141200,0
2012-08-10,sh.600070,7.0800,7.3000,7.0500,7.1800,7.0900,6418273,46216085.0000,3,3.509583,1,1.269400,0
2012-08-13,sh.600070,7.1400,7.1600,6.9000,6.9000,7.1800,4108762,28920419.0000,3,2.246717,1,-3.899700,0
2012-08-14,sh.600070,6.8900,6.9600,6.7000,6.8800,6.9000,3271894,22373490.0000,3,1.789108,1,-0.289900,0
2012-08-15,sh.600070,6.9000,6.9000,6.7100,6.7300,6.8800,2064023,14025546.0000,3,1.128631,1,-2.180200,0
2012-08-16,sh.600070,6.7300,6.8000,6.6300,6.6600,6.7300,1918130,12872134.0000,3,1.048855,1,-1.040100,0
2012-08-17,sh.600070,6.5900,6.7700,6.5900,6.7400,6.6600,1784296,11932766.0000,3,0.975673,1,1.201200,0
2012-08-20,sh.600070,6.7000,6.8400,6.6500,6.8300,6.7400,1928700,12993525.0000,3,1.054635,1,1.335300,0
2012-08-21,sh.600070,6.8500,6.9400,6.7700,6.8800,6.8300,2991401,20553826.0000,3,1.635731,1,0.732100,0
2012-08-22,sh.600070,6.8600,7.0400,6.8000,6.9500,6.8800,3927032,27129377.0000,3,2.147345,1,1.017400,0
2012-08-23,sh.600070,6.9100,6.9900,6.8400,6.9800,6.9500,3211009,22229690.0000,3,1.755816,1,0.431700,0
2012-08-24,sh.600070,6.9900,7.1000,6.7800,6.8100,6.9800,3641899,25349256.0000,3,1.991431,1,-2.435500,0
2012-08-27,sh.600070,6.7500,6.8900,6.6500,6.7300,6.8100,2507418,16981346.0000,3,1.371084,1,-1.174700,0
2012-08-28,sh.600070,6.7900,6.8800,6.7300,6.8700,6.7300,2385165,16278167.0000,3,1.304235,1,2.080200,0
2012-08-29,sh.600070,6.8600,6.8700,6.7000,6.7900,6.8700,1957726,13303567.0000,3,1.070506,1,-1.164500,0
2012-08-30,sh.600070,6.7000,6.7900,6.5300,6.6600,6.7900,2408944,16074595.0000,3,1.317237,1,-1.914582,0
2012-08-31,sh.600070,6.6600,6.7400,6.6000,6.6600,6.6600,1193659,7952088.0000,3,0.652706,1,0.000000,0
2012-09-03,sh.600070,6.7100,6.8000,6.6100,6.7400,6.6600,2004615,13492274.0000,3,1.096146,1,1.201200,0
2012-09-04,sh.600070,6.7300,6.7700,6.6600,6.6800,6.7400,1749418,11769220.0000,3,0.956601,1,-0.890200,0
2012-09-05,sh.600070,6.6800,6.7700,6.6600,6.6900,6.6800,1374171,9211762.0000,3,0.751412,1,0.149700,0
2012-09-06,sh.600070,6.6900,6.8000,6.6900,6.8000,6.6900,2113141,14296938.0000,3,1.155489,1,1.644200,0
2012-09-07,sh.600070,6.8600,7.1200,6.8300,7.0400,6.8000,5996590,42065360.0000,3,3.279002,1,3.529400,0
2012-09-10,sh.600070,7.0500,7.1400,6.9900,7.1000,7.0400,4605279,32527652.0000,3,2.518218,1,0.852300,0
2012-09-11,sh.600070,7.0700,7.1100,6.9700,7.0200,7.1000,3298925,23166592.0000,3,1.803889,1,-1.126800,0
2012-09-12,sh.600070,7.0800,7.1700,6.9800,7.1600,7.0200,4514292,31940760.0000,3,2.468465,1,1.994300,0
2012-09-13,sh.600070,7.1900,7.2100,6.9100,6.9200,7.1600,4566861,32375491.0000,3,2.497211,1,-3.352000,0
2012-09-14,sh.600070,6.9700,7.0800,6.9200,6.9400,6.9200,2799348,19532415.0000,3,1.530715,1,0.289000,0
2012-09-17,sh.600070,6.9900,7.5000,6.9900,7.2100,6.9400,13508985,98335457.0000,3,7.386864,1,3.890500,0
2012-09-18,sh.600070,7.1200,7.2000,6.9100,7.1500,7.2100,4952735,35064011.0000,3,2.708211,1,-0.832200,0
2012-09-19,sh.600070,7.1200,7.3100,7.1200,7.2400,7.1500,5757325,41575461.0000,3,3.148170,1,1.258700,0
2012-09-20,sh.600070,7.2600,7.2700,6.7800,6.9100,7.2400,4733865,33200964.0000,3,2.588530,1,-4.558000,0
2012-09-21,sh.600070,6.9100,7.0000,6.8500,6.8700,6.9100,2733104,18870660.0000,3,1.494492,1,-0.578900,0
2012-09-24,sh.600070,6.8200,6.8200,6.5400,6.7200,6.8700,3023904,20142950.0000,3,1.653504,1,-2.183400,0
2012-09-25,sh.600070,6.6600,6.7700,6.5700,6.6100,6.7200,1810361,12018913.0000,3,0.989926,1,-1.636900,0
2012-09-26,sh.600070,6.6200,6.6500,6.5100,6.5200,6.6100,1349300,8856416.0000,3,0.737812,1,-1.361600,0
2012-09-27,sh.600070,6.5000,6.6700,6.5000,6.6200,6.5200,2253240,14859569.0000,3,1.232097,1,1.533700,0
2012-09-28,sh.600070,6.6200,6.7000,6.5800,6.6900,6.6200,1745052,11600526.0000,3,0.954214,1,1.057400,0
2012-10-08,sh.600070,6.6900,6.7900,6.6500,6.7100,6.6900,1330742,8916774.0000,3,0.727665,1,0.299000,0
2012-10-09,sh.600070,6.7400,6.9600,6.7100,6.9200,6.7100,2914147,19961410.0000,3,1.593488,1,3.129700,0
2012-10-10,sh.600070,6.9300,6.9700,6.8500,6.9700,6.9200,2656231,18385371.0000,3,1.452457,1,0.722500,0
2012-10-11,sh.600070,6.9000,6.9600,6.7700,6.7900,6.9700,2558114,17558194.0000,3,1.398805,1,-2.582500,0
2012-10-12,sh.600070,6.8200,6.8900,6.7000,6.7700,6.7900,1700200,11547198.0000,3,0.929688,1,-0.294600,0
2012-10-15,sh.600070,6.8300,6.8300,6.6800,6.7300,6.7700,1351319,9073481.0000,3,0.738916,1,-0.590800,0
2012-10-16,sh.600070,6.7200,6.8200,6.7000,6.7700,6.7300,1286769,8712618.0000,3,0.703620,1,0.594400,0
2012-10-17,sh.600070,6.8300,6.9300,6.7500,6.8400,6.7700,2327223,15920735.0000,3,1.272552,1,1.034000,0
2012-10-18,sh.600070,6.8500,7.1500,6.8300,7.0700,6.8400,5892309,41233096.0000,3,3.221980,1,3.362600,0
2012-10-19,sh.600070,7.1000,7.7800,7.0500,7.6100,7.0700,18397990,136605770.0000,3,10.060226,1,7.637906,0
2012-10-22,sh.600070,7.4000,7.5500,7.3400,7.5300,7.6100,9616355,71492395.0000,3,5.258330,1,-1.051200,0
2012-10-23,sh.600070,7.4800,7.5500,7.3100,7.3200,7.5300,6802600,50436028.0000,3,3.719738,1,-2.788800,0
2012-10-24,sh.600070,7.2500,7.3200,7.1600,7.2000,7.3200,4925348,35615736.0000,3,2.693235,1,-1.639300,0
2012-10-25,sh.600070,7.2300,7.7500,7.2000,7.5800,7.2000,15145101,114339685.0000,3,8.281510,1,5.277800,0
2012-10-26,sh.600070,7.5700,7.5700,7.2600,7.2900,7.5800,6544338,48268300.0000,3,3.578517,1,-3.825900,0
2012-10-29,sh.600070,7.2800,7.9900,7.2000,7.6800,7.2900,10364187,79134424.0000,3,5.667253,1,5.349800,0
2012-10-30,sh.600070,7.5100,7.8800,7.3900,7.8300,7.6800,11417810,87331178.0000,3,6.243386,1,1.953100,0
2012-10-31,sh.600070,7.7500,8.3600,7.6900,8.0200,7.8300,19634055,159200475.0000,3,10.736121,1,2.426600,0
2012-11-01,sh.600070,7.8500,8.1300,7.8500,8.0400,8.0200,11696005,93469756.0000,3,6.395506,1,0.249400,0
2012-11-02,sh.600070,7.9900,8.0700,7.9100,7.9900,8.0400,7227741,57587131.0000,3,3.952210,1,-0.621900,0
2012-11-05,sh.600070,7.9500,7.9500,7.7000,7.7900,7.9900,6905609,53761250.0000,3,3.776064,1,-2.503100,0
2012-11-06,sh.600070,7.7400,8.4500,7.7400,8.3800,7.7900,19578913,159715652.0000,3,10.705968,1,7.573800,0
2012-11-07,sh.600070,8.2800,8.3800,8.1000,8.2000,8.3800,9894360,81134824.0000,3,5.410347,1,-2.148000,0
2012-11-08,sh.600070,8.0300,8.5700,7.8500,7.8800,8.2000,14354416,117710788.0000,3,7.849155,1,-3.902400,0
2012-11-09,sh.600070,7.8100,7.9500,7.6100,7.6600,7.8800,7677496,59453411.0000,3,4.198141,1,-2.791900,0
2012-11-12,sh.600070,7.6800,7.9200,7.6600,7.8200,7.6600,5302985,41219129.0000,3,2.899731,1,2.088800,0
2012-11-13,sh.600070,7.7900,8.0100,7.7200,7.7700,7.8200,6265018,49187616.0000,3,3.425782,1,-0.639400,0
2012-11-14,sh.600070,7.6200,7.6800,7.1800,7.3200,7.7700,7953783,58618537.0000,3,4.349217,1,-5.791500,0
2012-11-15,sh.600070,7.3000,7.3800,7.0300,7.0900,7.3200,3945828,28497437.0000,3,2.157623,1,-3.142100,0
2012-11-16,sh.600070,7.1000,7.1400,6.8400,6.9900,7.0900,3554254,24655890.0000,3,1.943506,1,-1.410400,0
2012-11-19,sh.600070,6.9600,7.1200,6.9500,7.0800,6.9900,2311765,16245182.0000,3,1.264099,1,1.287600,0
2012-11-20,sh.600070,7.0900,7.2300,7.0300,7.0800,7.0800,2951307,21018256.0000,3,1.613808,1,0.000000,0
2012-11-21,sh.600070,7.0500,7.1500,6.8300,7.1400,7.0800,3273386,23049398.0000,3,1.789924,1,0.847500,0
2012-11-22,sh.600070,7.0900,7.4200,7.0500,7.3900,7.1400,6209039,45166617.0000,3,3.395172,1,3.501400,0
2012-11-23,sh.600070,7.2800,7.6900,7.2600,7.5900,7.3900,9982121,75047358.0000,3,5.458335,1,2.706400,0
2012-11-26,sh.600070,7.5100,7.5600,7.3900,7.4500,7.5900,4017516,29980562.0000,3,2.196823,1,-1.844500,0
2012-11-27,sh.600070,7.4000,7.4300,7.0100,7.1500,7.4500,4212382,30094427.0000,3,2.303378,1,-4.026800,0
2012-11-28,sh.600070,7.0600,7.0900,6.8300,6.8800,7.1500,2586016,17860093.0000,3,1.414062,1,-3.776200,0
2012-11-29,sh.600070,6.9000,7.0200,6.3900,6.4500,6.8800,3918168,26116332.0000,3,2.142498,1,-6.250000,0
2012-11-30,sh.600070,6.4500,6.5800,6.3400,6.5600,6.4500,2586416,16788802.0000,3,1.414281,1,1.705400,0
2012-12-03,sh.600070,6.5400,6.5900,6.0000,6.1800,6.5600,4114545,25811116.0000,3,2.249879,1,-5.792700,0
2012-12-04,sh.600070,6.2500,6.3600,6.1300,6.3100,6.1800,3438108,21528929.0000,3,1.879996,1,2.103600,0
2012-12-05,sh.600070,6.2800,6.6800,6.2400,6.5000,6.3100,4718209,30721442.0000,3,2.579969,1,3.011100,0
2012-12-06,sh.600070,6.5100,6.7400,6.5000,6.6100,6.5000,4873216,32285230.0000,3,2.664729,1,1.692300,0
2012-12-07,sh.600070,6.6100,6.7800,6.5500,6.7600,6.6100,4456843,29835350.0000,3,2.437052,1,2.269300,0
2012-12-10,sh.600070,6.8500,7.1600,6.8000,7.0200,6.7600,5856960,40819118.0000,3,3.202651,1,3.846200,0
2012-12-11,sh.600070,7.0500,7.3000,6.9700,7.0600,7.0200,7607408,54501917.0000,3,4.159816,1,0.569800,0
2012-12-12,sh.600070,7.0300,7.1600,6.8500,6.9700,7.0600,4310708,30027267.0000,3,2.357143,1,-1.274800,0
2012-12-13,sh.600070,6.9100,7.1600,6.9000,6.9100,6.9700,2964081,20818219.0000,3,1.620793,1,-0.860800,0
2012-12-14,sh.600070,6.9100,7.2800,6.9000,7.2100,6.9100,6344817,45619594.0000,3,3.469417,1,4.341500,0
2012-12-17,sh.600070,7.2500,7.6100,7.2100,7.3500,7.2100,6079405,44977190.0000,3,3.324287,1,1.941700,0
2012-12-18,sh.600070,7.3000,7.4200,7.2100,7.2500,7.3500,4027335,29374081.0000,3,2.202192,1,-1.360500,0
2012-12-19,sh.600070,7.2200,7.3500,7.2200,7.3100,7.2500,2267388,16529129.0000,3,1.239833,1,0.827600,0
2012-12-20,sh.600070,7.3600,7.6100,7.3300,7.4400,7.3100,5177470,38658865.0000,3,2.831098,1,1.778400,0
2012-12-21,sh.600070,7.4600,7.5800,7.2700,7.4600,7.4400,5141076,38105696.0000,3,2.811198,1,0.268800,0
2012-12-24,sh.600070,7.4500,7.4900,7.3100,7.3500,7.4600,2852428,21051552.0000,3,1.559739,1,-1.474500,0
2012-12-25,sh.600070,7.3300,7.8100,7.3100,7.8000,7.3500,7111764,54201573.0000,3,3.888792,1,6.122400,0
2012-12-26,sh.600070,7.7200,8.1700,7.6600,8.1300,7.8000,9291666,73721029.0000,3,5.080787,1,4.230800,0
2012-12-27,sh.600070,8.1700,8.1700,7.5800,7.6000,8.1300,13591872,106267794.0000,3,7.432187,1,-6.519100,0
2012-12-28,sh.600070,7.7300,7.8800,7.5200,7.6800,7.6000,7551000,58095385.0000,3,4.128971,1,1.052600,0
2012-12-31,sh.600070,7.5700,7.7200,7.5200,7.6400,7.6800,5039410,38464039.0000,3,2.755606,1,-0.520800,0
2013-01-04,sh.600070,7.7100,7.7400,7.4100,7.5600,7.6400,4578114,34753747.0000,3,2.503364,1,-1.047100,0
2013-01-07,sh.600070,7.5900,7.7400,7.4900,7.7100,7.5600,4862069,37201193.0000,3,2.658634,1,1.984100,0
2013-01-08,sh.600070,7.7200,7.8500,7.6200,7.7400,7.7100,4640827,35880824.0000,3,2.537656,1,0.389100,0
2013-01-09,sh.600070,7.7400,7.9600,7.6800,7.8600,7.7400,7383979,57769508.0000,3,4.037642,1,1.550400,0
2013-01-10,sh.600070,7.8600,7.9300,7.7000,7.7600,7.8600,4047254,31593668.0000,3,2.213084,1,-1.272300,0
2013-01-11,sh.600070,7.7700,7.8000,7.4800,7.5100,7.7600,4172347,31702126.0000,3,2.281486,1,-3.221600,0
2013-01-14,sh.600070,7.4300,7.7100,7.4300,7.7000,7.5100,3936224,30058500.0000,3,2.152371,1,2.530000,0
2013-01-15,sh.600070,7.7000,7.8000,7.6500,7.7600,7.7000,6257890,48363943.0000,3,3.421884,1,0.779200,0
2013-01-16,sh.600070,7.7700,8.2900,7.7400,8.1000,7.7600,16238200,131075036.0000,3,8.879229,1,4.381400,0
2013-01-17,sh.600070,8.0100,8.1000,7.7700,7.9200,8.1000,7147982,56640234.0000,3,3.908596,1,-2.222200,0
2013-01-18,sh.600070,7.9000,8.3800,7.8600,8.3300,7.9200,10059584,81986616.0000,3,5.500693,1,5.176800,0
2013-01-21,sh.600070,8.3100,8.6600,8.2800,8.3200,8.3300,13218028,111638333.0000,3,7.227765,1,-0.120000,0
2013-01-22,sh.600070,8.3700,8.6300,8.2500,8.5000,8.3200,10287450,86996346.0000,3,5.625293,1,2.163500,0
2013-01-23,sh.600070,8.4000,8.7000,8.1800,8.6100,8.5000,9512729,80490201.0000,3,5.201666,1,1.294100,0
2013-01-24,sh.600070,8.5100,8.6900,8.2000,8.2300,8.6100,8153361,68867642.0000,3,4.458349,1,-4.413500,0
2013-01-25,sh.600070,8.2600,8.5500,8.1100,8.3900,8.2300,5755290,47976111.0000,3,3.147057,1,1.944100,0
2013-01-28,sh.600070,8.3400,8.7000,8.3400,8.6000,8.3900,7801058,66666718.0000,3,4.265706,1,2.503000,0
2013-01-29,sh.600070,8.5900,8.6100,8.2600,8.5200,8.6000,11672860,98355097.0000,3,6.382850,1,-0.930200,0
2013-01-30,sh.600070,8.6200,8.7000,8.3100,8.3400,8.5200,11277326,95524055.0000,3,6.166568,1,-2.112700,0
2013-01-31,sh.600070,8.3100,8.3300,8.0800,8.1900,8.3400,5082744,41772476.0000,3,2.779301,1,-1.798600,0
2013-02-01,sh.600070,8.2000,8.3100,8.1300,8.3000,8.1900,3664855,30259182.0000,3,2.003984,1,1.343100,0
2013-02-04,sh.600070,8.3200,8.5500,8.2500,8.3800,8.3000,5719624,48153182.0000,3,3.127554,1,0.963900,0
2013-02-05,sh.600070,8.3000,8.4900,8.1900,8.4700,8.3800,4690190,39212950.0000,3,2.564648,1,1.074000,0
2013-02-06,sh.600070,8.4500,8.8700,8.4100,8.7500,8.4700,9912784,85805370.0000,3,5.420421,1,3.305800,0
2013-02-07,sh.600070,8.7300,9.1000,8.6100,9.0500,8.7500,10553393,93725102.0000,3,5.770713,1,3.428600,0
2013-02-08,sh.600070,9.0000,9.1200,8.8800,9.0400,9.0500,5973528,53799433.0000,3,3.266392,1,-0.110500,0
2013-02-18,sh.600070,9.0500,9.0900,8.8000,8.8500,9.0400,5730048,51015412.0000,3,3.133254,1,-2.101800,0
2013-02-19,sh.600070,8.8200,8.8900,8.6300,8.6800,8.8500,4948386,43064260.0000,3,2.705833,1,-1.920900,0
2013-02-20,sh.600070,8.7100,9.0900,8.6400,9.0200,8.6800,6345015,56513146.0000,3,3.469525,1,3.917100,0
2013-02-21,sh.600070,8.9500,8.9600,8.7400,8.7500,9.0200,5653159,49899008.0000,3,3.091210,1,-2.993300,0
2013-02-22,sh.600070,8.7500,8.8100,8.6500,8.6900,8.7500,3323538,29006649.0000,3,1.817348,1,-0.685700,0
2013-02-25,sh.600070,8.6900,8.9800,8.6800,8.8900,8.6900,3588900,31725163.0000,3,1.962451,1,2.301500,0
2013-02-26,sh.600070,8.8200,9.0300,8.7300,8.7500,8.8900,3968235,35357771.0000,3,2.169875,1,-1.574800,0
2013-02-27,sh.600070,8.8000,8.8700,8.7000,8.8000,8.7500,2287214,20067350.0000,3,1.250674,1,0.571400,0
2013-02-28,sh.600070,8.8400,9.0800,8.7000,9.0400,8.8000,4407292,39309003.0000,3,2.409956,1,2.727300,0
2013-03-01,sh.600070,9.0200,9.0600,8.9300,9.0200,9.0400,4576567,41162053.0000,3,2.502518,1,-0.221200,0
2013-03-04,sh.600070,8.9800,9.0000,8.3300,8.4800,9.0200,5889588,51297265.0000,3,3.220493,1,-5.986700,0
2013-03-05,sh.600070,8.4700,8.7500,8.4500,8.7400,8.4800,3640190,31357274.0000,3,1.990497,1,3.066000,0
2013-03-06,sh.600070,8.7200,8.9500,8.6700,8.8700,8.7400,3856411,34084915.0000,3,2.108729,1,1.487400,0
2013-03-07,sh.600070,8.8700,8.9600,8.6200,8.7000,8.8700,4192397,36737592.0000,3,2.292450,1,-1.916600,0
2013-03-08,sh.600070,8.7100,8.7700,8.5500,8.6100,8.7000,2659455,22989440.0000,3,1.454220,1,-1.034500,0
2013-03-11,sh.600070,8.6300,8.6300,8.4400,8.5100,8.6100,2371160,20151934.0000,3,1.296577,1,-1.161400,0
2013-03-12,sh.600070,8.5100,8.5900,8.0800,8.2300,8.5100,4132798,34314958.0000,3,2.259860,1,-3.290200,0
2013-03-13,sh.600070,8.2200,8.3100,8.1000,8.2500,8.2300,1783485,14644834.0000,3,0.975230,1,0.243000,0
2013-03-14,sh.600070,8.2200,8.3000,8.1300,8.1800,8.2500,1545576,12699937.0000,3,0.845138,1,-0.848500,0
2013-03-15,sh.600070,8.1900,8.4000,8.1500,8.1800,8.1800,2893930,23904569.0000,3,1.582433,1,0.000000,0
2013-03-18,sh.600070,8.2400,8.2800,8.1200,8.1700,8.1800,1403201,11495302.0000,3,0.767286,1,-0.122200,0
2013-03-19,sh.600070,8.2000,8.2500,8.1100,8.2200,8.1700,1530015,12544353.0000,3,0.836629,1,0.612000,0
2013-03-20,sh.600070,8.2900,8.4900,8.2100,8.4800,8.2200,3594976,30103616.0000,3,1.965773,1,3.163000,0
2013-03-21,sh.600070,8.4800,8.6900,8.4000,8.6600,8.4800,5539660,47523560.0000,3,3.029148,1,2.122600,0
2013-03-22,sh.600070,8.5600,8.8200,8.5600,8.7800,8.6600,4584333,40082720.0000,3,2.506764,1,1.385700,0
2013-03-25,sh.600070,8.7800,8.8300,8.6500,8.7600,8.7800,2474452,21626452.0000,3,1.353058,1,-0.227800,0
2013-03-26,sh.600070,8.7200,8.9500,8.5700,8.8900,8.7600,5423608,47694040.0000,3,2.965689,1,1.484000,0
2013-03-27,sh.600070,8.8300,8.9400,8.6600,8.7200,8.8900,3778910,33224948.0000,3,2.066350,1,-1.912300,0
2013-03-28,sh.600070,8.6700,8.6700,8.2800,8.2800,8.7200,3441136,29072400.0000,3,1.881652,1,-5.045900,0
2013-03-29,sh.600070,8.3500,8.4700,8.2300,8.3500,8.2800,2418442,20158144.0000,3,1.322431,1,0.845400,0
2013-04-01,sh.600070,8.3400,8.4500,8.3000,8.3800,8.3500,1927238,16131606.0000,3,1.053835,1,0.359300,0
2013-04-02,sh.600070,8.3500,8.4800,8.1900,8.2300,8.3800,2711326,22631524.0000,3,1.482583,1,-1.790000,0
2013-04-03,sh.600070,8.2300,8.3800,8.1900,8.2300,8.2300,1870007,15435849.0000,3,1.022541,1,0.000000,0
2013-04-08,sh.600070,8.1900,8.1900,7.9700,8.0900,8.2300,2079821,16719688.0000,3,1.137269,1,-1.701100,0
2013-04-09,sh.600070,8.0800,8.2000,8.0800,8.1300,8.0900,2498559,20322512.0000,3,1.366240,1,0.494400,0
2013-04-10,sh.600070,8.0900,8.1700,8.0000,8.1100,8.1300,1554800,12568722.0000,3,0.850182,1,-0.246000,0
2013-04-11,sh.600070,8.0500,8.1600,8.0300,8.1000,8.1100,1141284,9232764.0000,3,0.624067,1,-0.123300,0
2013-04-12,sh.600070,8.1200,8.1400,8.0400,8.0800,8.1000,1131076,9155143.0000,3,0.618485,1,-0.246919,0
2013-04-15,sh.600070,8.0500,8.0800,7.8000,8.0300,8.0800,2936796,23241268.0000,3,1.605873,1,-0.618800,0
2013-04-16,sh.600070,7.9700,8.0300,7.8300,8.0000,8.0300,1911341,15215758.0000,3,1.045143,1,-0.373596,0
2013-04-17,sh.600070,7.9400,8.1700,7.9400,8.1100,8.0000,1934960,15615856.0000,3,1.058058,1,1.375000,0
2013-04-18,sh.600070,8.1500,8.1900,8.0800,8.1500,8.1100,1936566,15794802.0000,3,1.058936,1,0.493200,0
2013-04-19,sh.600070,8.5500,8.9600,8.5000,8.5400,8.1500,8290833,71512704.0000,3,4.533520,1,4.785281,0
2013-04-22,sh.600070,8.5400,8.8700,8.5400,8.8000,8.5400,7068728,61740512.0000,3,3.865259,1,3.044500,0
2013-04-23,sh.600070,8.9300,9.5800,8.6300,9.3200,8.8000,16029057,145985024.0000,3,8.764867,1,5.909100,0
2013-04-24,sh.600070,9.2000,9.6300,9.1800,9.5300,9.3200,14643470,139171312.0000,3,8.007213,1,2.253200,0
2013-04-25,sh.600070,9.5600,9.8400,9.2300,9.3900,9.5300,12217769,116550000.0000,3,6.680813,1,-1.469000,0
2013-04-26,sh.600070,9.1000,9.2000,8.4500,8.4500,9.3900,12808663,110383392.0000,3,7.003920,1,-10.010660,0
2013-05-02,sh.600070,8.2900,8.3500,8.0500,8.2200,8.4500,6353723,52131204.0000,3,3.474287,1,-2.721900,0
2013-05-03,sh.600070,8.4000,8.5800,8.3500,8.4300,8.2200,5510830,46619332.0000,3,3.013383,1,2.554745,0
2013-05-06,sh.600070,8.4500,8.5700,8.3100,8.5400,8.4300,5314628,44961100.0000,3,2.906098,1,1.304900,0
2013-05-07,sh.600070,8.4800,8.5700,8.3900,8.5200,8.5400,3848958,32647024.0000,3,2.104653,1,-0.234200,0
2013-05-08,sh.600070,8.5200,8.7400,8.4500,8.7000,8.5200,6827865,58875864.0000,3,3.733553,1,2.112700,0
2013-05-09,sh.600070,8.6000,8.6700,8.3000,8.5300,8.7000,6342154,53905324.0000,3,3.467961,1,-1.954000,0
2013-05-10,sh.600070,8.4800,8.5400,8.4000,8.4900,8.5300,3786622,32080784.0000,3,2.070567,1,-0.468900,0
2013-05-13,sh.600070,8.5100,8.5600,8.4300,8.5500,8.4900,2888250,24609064.0000,3,1.579327,1,0.706700,0
2013-05-14,sh.600070,8.5500,8.7400,8.5000,8.6600,8.5500,5256235,45505364.0000,3,2.874168,1,1.286500,0
2013-05-15,sh.600070,8.6000,8.8500,8.6000,8.8100,8.6600,5117617,44794292.0000,3,2.798370,1,1.732100,0
2013-05-16,sh.600070,8.7700,8.8800,8.7200,8.8000,8.8100,5142820,45218152.0000,3,2.812151,1,-0.113500,0
2013-05-17,sh.600070,8.8000,8.8600,8.7500,8.8200,8.8000,4551500,40055440.0000,3,2.488811,1,0.227300,0
2013-05-20,sh.600070,8.8300,8.9900,8.8200,8.9000,8.8200,5562441,49474064.0000,3,3.041605,1,0.907000,0
2013-05-21,sh.600070,8.9100,8.9600,8.7900,8.8600,8.9000,6149561,54315528.0000,3,3.362649,1,-0.449438,0
2013-05-22,sh.600070,8.8200,8.9600,8.7100,8.7200,8.8600,6496657,57409764.0000,3,3.552445,1,-1.580100,0
2013-05-23,sh.600070,8.6500,8.7100,8.5500,8.5600,8.7200,5759783,49647960.0000,3,3.149514,1,-1.834900,0
2013-05-24,sh.600070,8.6000,8.7000,8.5600,8.6300,8.5600,2966792,25601726.0000,3,1.622275,1,0.817800,0
2013-05-27,sh.600070,8.5900,8.7200,8.5900,8.6900,8.6300,4109590,35639276.0000,3,2.247170,1,0.695200,0
2013-05-28,sh.600070,8.7000,8.9400,8.6700,8.9000,8.6900,8261834,73041376.0000,3,4.517663,1,2.416600,0
2013-05-29,sh.600070,8.8800,9.0700,8.8000,9.0000,8.9000,7933071,70638744.0000,3,4.337892,1,1.123600,0
2013-05-30,sh.600070,8.9800,9.0200,8.8600,8.9000,9.0000,4694041,41943532.0000,3,2.566754,1,-1.111100,0
2013-05-31,sh.600070,8.9400,9.0600,8.8800,8.9100,8.9000,6191530,55647824.0000,3,3.385598,1,0.112362,0
2013-06-03,sh.600070,8.9100,9.0000,8.7800,8.8600,8.9100,4617593,40980264.0000,3,2.524951,1,-0.561200,0
2013-06-04,sh.600070,8.8600,8.8600,8.5400,8.6300,8.8600,4249726,36864512.0000,3,2.323798,1,-2.595900,0
2013-06-05,sh.600070,8.6100,8.8500,8.4600,8.8300,8.6300,4917016,42444120.0000,3,2.688679,1,2.317500,0
2013-06-06,sh.600070,8.4500,8.5800,8.3800,8.4200,8.5300,2423720,20537894.0000,3,1.325317,1,-1.289600,0
2013-06-07,sh.600070,8.3800,8.5000,8.0700,8.1200,8.4200,2722292,22332164.0000,3,1.488580,1,-3.562900,0
2013-06-13,sh.600070,8.1200,8.1200,7.6000,7.7300,8.1200,2131400,16545461.0000,3,1.165473,1,-4.803000,0
2013-06-14,sh.600070,7.7400,7.8500,7.7400,7.8100,7.7300,1289444,10059625.0000,3,0.705082,1,1.034900,0
2013-06-17,sh.600070,7.8500,7.8800,7.7200,7.7900,7.8100,1642445,12775525.0000,3,0.898107,1,-0.256100,0
2013-06-18,sh.600070,7.8100,7.8500,7.7400,7.7900,7.7900,1286052,10017193.0000,3,0.703228,1,0.000000,0
2013-06-19,sh.600070,7.8700,8.0500,7.8600,7.9800,7.7900,3721480,29600140.0000,3,2.034947,1,2.439000,0
2013-06-20,sh.600070,7.9000,8.0000,7.6700,7.7100,7.9800,2320255,18307732.0000,3,1.268741,1,-3.383500,0
2013-06-21,sh.600070,7.5900,7.5900,7.3500,7.5200,7.7100,2293613,17143994.0000,3,1.254173,1,-2.464300,0
2013-06-24,sh.600070,7.5000,7.5000,6.7700,6.7800,7.5200,4104505,28807580.0000,3,2.244389,1,-9.840400,0
2013-06-25,sh.600070,6.8500,7.1400,6.3400,7.1100,6.7800,4968774,34167504.0000,3,2.716981,1,4.867300,0
2013-06-26,sh.600070,7.0300,7.1500,6.9300,7.0500,7.1100,3477962,24519296.0000,3,1.901788,1,-0.843900,0
2013-06-27,sh.600070,7.1000,7.2200,6.8900,6.9400,7.0500,3445253,24417328.0000,3,1.883903,1,-1.560300,0
2013-06-28,sh.600070,6.9400,7.1000,6.8500,6.9600,6.9400,1839253,12816629.0000,3,1.005724,1,0.288200,0
2013-07-01,sh.600070,7.0000,7.0200,6.8200,7.0100,6.9600,1539183,10702890.0000,3,0.841642,1,0.718400,0
2013-07-02,sh.600070,6.9900,7.0800,6.8900,7.0700,7.0100,2213363,15478377.0000,3,1.210292,1,0.855900,0
2013-07-03,sh.600070,7.0100,7.2100,6.8400,7.1800,7.0700,3211284,22470452.0000,3,1.755966,1,1.555900,0
2013-07-04,sh.600070,7.1700,7.2500,7.0500,7.1500,7.1800,3573310,25565420.0000,3,1.953926,1,-0.417800,0
2013-07-05,sh.600070,7.1600,7.3300,7.0900,7.2300,7.1500,3992895,28813996.0000,3,2.183360,1,1.118900,0
2013-07-08,sh.600070,7.1300,7.5500,7.0800,7.4100,7.2300,8353139,61789880.0000,3,4.567590,1,2.489600,0
2013-07-09,sh.600070,7.3900,7.3900,7.0600,7.1700,7.4100,4396456,31666860.0000,3,2.404031,1,-3.238900,0
2013-07-10,sh.600070,7.2000,7.6100,7.0700,7.4600,7.1700,6745557,50104624.0000,3,3.688546,1,4.044600,0
2013-07-11,sh.600070,7.3700,7.6200,7.3700,7.5600,7.4600,6262286,47053512.0000,3,3.424288,1,1.340500,0
2013-07-12,sh.600070,7.5100,7.6000,7.3500,7.4100,7.5600,4123494,30843514.0000,3,2.254773,1,-1.984100,0
2013-07-15,sh.600070,7.3600,7.5100,7.3600,7.4400,7.4100,2707627,20131432.0000,3,1.480561,1,0.404900,0
2013-07-16,sh.600070,7.4500,7.5100,7.3500,7.5000,7.4400,2500442,18633456.0000,3,1.367270,1,0.806500,0
2013-07-17,sh.600070,7.5000,7.5300,7.2900,7.2900,7.5000,3222570,23890938.0000,3,1.762137,1,-2.800000,0
2013-07-18,sh.600070,7.2900,7.3400,7.1400,7.1600,7.2900,2385769,17213060.0000,3,1.304565,1,-1.783300,0
2013-07-19,sh.600070,7.2200,7.2400,6.9500,6.9700,7.1600,2567157,18207676.0000,3,1.403750,1,-2.653600,0
2013-07-22,sh.600070,7.0300,7.1200,6.9500,7.1100,6.9700,1564092,11003480.0000,3,0.855263,1,2.008600,0
2013-07-23,sh.600070,7.1500,7.2700,7.0700,7.2400,7.1100,2170604,15623870.0000,3,1.186911,1,1.828400,0
2013-07-24,sh.600070,7.2400,7.6800,7.1300,7.4600,7.2400,4820729,35662920.0000,3,2.636028,1,3.038700,0
2013-07-25,sh.600070,7.4300,7.5000,7.2200,7.2500,7.4600,2908624,21390548.0000,3,1.590468,1,-2.815000,0
2013-07-26,sh.600070,7.2500,7.3700,7.1700,7.2200,7.2500,1701589,12346535.0000,3,0.930448,1,-0.413800,0
2013-07-29,sh.600070,7.2000,7.3500,7.1200,7.1300,7.2200,1344620,9669704.0000,3,0.735253,1,-1.246500,0
2013-07-30,sh.600070,7.1500,7.3100,7.0700,7.2300,7.1300,1802035,13009648.0000,3,0.985373,1,1.402500,0
2013-07-31,sh.600070,7.2000,7.2900,7.1600,7.1800,7.2300,1123764,8116636.0000,3,0.614487,1,-0.691600,0
2013-08-01,sh.600070,7.1900,7.3500,7.1800,7.3400,7.1800,2077467,15153306.0000,3,1.135982,1,2.228400,0
2013-08-02,sh.600070,7.3400,7.4300,7.3000,7.3600,7.3400,2469826,18152110.0000,3,1.350528,1,0.272500,0
2013-08-05,sh.600070,7.3800,7.4400,7.3400,7.4100,7.3600,1832539,13566900.0000,3,1.002053,1,0.679300,0
2013-08-06,sh.600070,7.4200,7.7000,7.3400,7.6100,7.4100,6965734,52872896.0000,3,3.808941,1,2.699100,0
2013-08-07,sh.600070,7.7300,7.9700,7.5900,7.6300,7.6100,7054157,54573328.0000,3,3.857292,1,0.262800,0
2013-08-08,sh.600070,7.6700,8.0700,7.6000,7.8800,7.6300,8908824,70263600.0000,3,4.871444,1,3.276500,0
2013-08-09,sh.600070,8.0300,8.1800,7.8000,8.0600,7.8800,8832401,70530296.0000,3,4.829656,1,2.284300,0
2013-08-12,sh.600070,8.0000,8.0800,7.8900,8.0500,8.0600,4872037,38868792.0000,3,2.664084,1,-0.124100,0
2013-08-13,sh.600070,8.0000,8.3800,7.9100,8.1600,8.0500,6380665,52254200.0000,3,3.489019,1,1.366500,0
2013-08-14,sh.600070,8.1100,8.2500,7.8600,7.9800,8.1600,4965454,40115176.0000,3,2.715166,1,-2.205900,0
2013-08-15,sh.600070,8.0500,8.3500,8.0000,8.1000,7.9800,5750247,47156044.0000,3,3.144299,1,1.503800,0
2013-08-16,sh.600070,8.0800,8.1400,7.7300,7.7600,8.1000,4449739,35423064.0000,3,2.433167,1,-4.197500,0
2013-08-19,sh.600070,7.7900,7.9300,7.7500,7.8900,7.7600,2163507,17022716.0000,3,1.183030,1,1.675300,0
2013-08-20,sh.600070,7.8100,8.0900,7.7800,7.9800,7.8900,4204269,33270572.0000,3,2.298941,1,1.140700,0
2013-08-21,sh.600070,7.9400,8.6300,7.9300,8.4100,7.9800,9536263,79315744.0000,3,5.214535,1,5.388500,0
2013-08-22,sh.600070,8.3800,8.6500,8.2500,8.3300,8.4100,6586389,55749152.0000,3,3.601511,1,-0.951200,0
2013-08-23,sh.600070,8.3400,8.3900,8.0000,8.1400,8.3300,4271939,35015900.0000,3,2.335944,1,-2.280900,0
2013-08-26,sh.600070,8.1600,8.3000,8.1200,8.2500,8.1400,4533421,37284160.0000,3,2.478925,1,1.351400,0
2013-08-27,sh.600070,8.2000,8.3000,8.0600,8.1400,8.2500,6383540,52121640.0000,3,3.490591,1,-1.333300,0
2013-08-28,sh.600070,8.1200,8.1200,7.9100,7.9800,8.1400,4030116,32173704.0000,3,2.203712,1,-1.965600,0
2013-08-29,sh.600070,7.9500,8.0400,7.8700,7.9400,7.9800,2440128,19382902.0000,3,1.334289,1,-0.501300,0
2013-08-30,sh.600070,7.8900,8.2300,7.8900,8.1100,7.9400,5292475,43032932.0000,3,2.893984,1,2.141100,0
2013-09-02,sh.600070,8.1000,8.1400,7.8800,7.9700,8.1100,2422545,19273830.0000,3,1.324675,1,-1.726300,0
2013-09-03,sh.600070,7.9700,8.1200,7.8900,8.1100,7.9700,2711444,21712372.0000,3,1.482648,1,1.756600,0
2013-09-04,sh.600070,8.1400,8.3400,8.1300,8.2400,8.1100,4521866,37243548.0000,3,2.472607,1,1.603000,0
2013-09-05,sh.600070,8.2400,8.2800,8.0700,8.1100,8.2400,3487522,28387196.0000,3,1.907016,1,-1.577700,0
2013-09-06,sh.600070,8.1100,8.1800,8.0500,8.0700,8.1100,2606627,21107846.0000,3,1.425333,1,-0.493200,0
2013-09-09,sh.600070,8.0600,8.3500,8.0100,8.2200,8.0700,5606023,46228472.0000,3,3.065436,1,1.858700,0
2013-09-10,sh.600070,8.2100,8.2700,8.1100,8.2300,8.2200,3702264,30355772.0000,3,2.024439,1,0.121700,0
2013-09-11,sh.600070,8.2200,8.2500,8.0500,8.1000,8.2300,3833118,31171858.0000,3,2.095992,1,-1.579600,0
2013-09-12,sh.600070,8.0900,8.9000,8.0900,8.7700,8.1000,16667298,142491969.0000,3,9.113865,1,8.271600,0
2013-09-13,sh.600070,8.6400,8.9100,8.5400,8.5800,8.7700,11594906,100812627.0000,3,6.340224,1,-2.166500,0
2013-09-16,sh.600070,8.5700,8.7000,8.3600,8.6100,8.5800,6979332,59308768.0000,3,3.816377,1,0.349700,0
2013-09-17,sh.600070,8.5600,8.7100,8.3300,8.4100,8.6100,5724964,48863565.0000,3,3.130474,1,-2.322900,0
2013-09-18,sh.600070,8.4700,8.6500,8.4100,8.5500,8.4100,5298605,45267719.0000,3,2.897336,1,1.664700,0
2013-09-23,sh.600070,8.5500,8.6300,8.4200,8.6200,8.5500,5201550,44328323.0000,3,2.844266,1,0.818700,0
2013-09-24,sh.600070,8.8000,8.8000,8.5100,8.5700,8.6200,4281786,36829218.0000,3,2.341328,1,-0.580000,0
2013-09-25,sh.600070,8.6200,8.6300,8.2000,8.2300,8.5700,7989445,66624505.0000,3,4.368718,1,-3.967300,0
2013-09-26,sh.600070,8.2600,8.2600,7.8000,7.8800,8.2300,3651602,29547602.0000,3,1.996737,1,-4.252700,0
2013-09-27,sh.600070,8.0200,8.0700,7.9000,8.0300,7.8800,2147562,17200749.0000,3,1.174311,1,1.903600,0
2013-09-30,sh.600070,8.0300,8.4400,8.0300,8.3900,8.0300,4817420,40073181.0000,3,2.634219,1,4.483200,0
2013-10-08,sh.600070,8.5200,8.6600,8.4100,8.4200,8.3900,6008071,51026069.0000,3,3.285280,1,0.357600,0
2013-10-09,sh.600070,8.5000,8.6400,8.4100,8.6400,8.4200,5251971,44682405.0000,3,2.871836,1,2.612800,0
2013-10-10,sh.600070,8.6800,8.7800,8.5000,8.6600,8.6400,6784034,58417549.0000,3,3.709586,1,0.231500,0
2013-10-11,sh.600070,8.6100,9.2000,8.6100,9.0700,8.6600,14355904,129118842.0000,3,7.849969,1,4.734400,0
2013-10-14,sh.600070,9.0000,9.0300,8.7800,8.8700,9.0700,8257868,73309772.0000,3,4.515494,1,-2.205100,0
2013-10-15,sh.600070,8.8700,9.1500,8.7000,8.7700,8.8700,7747052,68955809.0000,3,4.236175,1,-1.127400,0
2013-10-16,sh.600070,8.6700,8.7100,8.3000,8.4300,8.7700,5580955,47356110.0000,3,3.051729,1,-3.876900,0
2013-10-17,sh.600070,8.5000,8.6400,8.4300,8.4900,8.4300,3231517,27534248.0000,3,1.767030,1,0.711700,0
2013-10-18,sh.600070,8.5000,8.5600,8.4700,8.5600,8.4900,2160486,18405792.0000,3,1.181378,1,0.824500,0
2013-10-21,sh.600070,8.5600,8.8000,8.5000,8.7800,8.5600,3841719,33360261.0000,3,2.100695,1,2.570100,0
2013-10-22,sh.600070,8.7400,8.8600,8.5600,8.6100,8.7800,3514066,30590192.0000,3,1.921531,1,-1.936200,0
2013-10-23,sh.600070,8.6100,8.6800,8.3400,8.4000,8.6100,3686547,31295282.0000,3,2.015845,1,-2.439000,0
2013-10-24,sh.600070,8.4500,8.5100,8.3000,8.3100,8.4000,1566738,13189227.0000,3,0.856710,1,-1.071400,0
2013-10-25,sh.600070,8.3200,8.3900,8.2000,8.2200,8.3100,1965461,16269574.0000,3,1.074736,1,-1.083000,0
2013-10-28,sh.600070,8.2500,8.3800,8.2100,8.3400,8.2200,1305834,10849577.0000,3,0.714045,1,1.459900,0
2013-10-29,sh.600070,8.3600,8.3800,7.6500,7.8500,8.3400,3587157,28683375.0000,3,1.961498,1,-5.875300,0
2013-10-30,sh.600070,7.9500,8.0200,7.8800,7.9700,7.8500,1477446,11735691.0000,3,0.807884,1,1.528700,0
2013-10-31,sh.600070,7.9300,8.0300,7.9100,7.9200,7.9700,1276962,10158556.0000,3,0.698257,1,-0.627400,0
2013-11-01,sh.600070,7.8800,7.9500,7.6800,7.8900,7.9200,1413569,11068117.0000,3,0.772955,1,-0.378800,0
2013-11-04,sh.600070,7.9000,8.1600,7.8300,8.0900,7.8900,2179271,17424110.0000,3,1.191650,1,2.534900,0
2013-11-05,sh.600070,8.0400,8.0900,7.8900,8.0200,8.0900,1838378,14691842.0000,3,1.005246,1,-0.865300,0
2013-11-06,sh.600070,8.0300,8.1800,7.9800,7.9900,8.0200,1827722,14765360.0000,3,0.999419,1,-0.374100,0
2013-11-07,sh.600070,8.0300,8.0300,7.8300,7.9100,7.9900,1971101,15570531.0000,3,1.077820,1,-1.001300,0
2013-11-08,sh.600070,7.9200,7.9600,7.7300,7.9000,7.9100,1361200,10705667.0000,3,0.744319,1,-0.126400,0
2013-11-11,sh.600070,7.9300,8.0400,7.8100,7.9900,7.9000,1141974,9067393.0000,3,0.624444,1,1.139200,0
2013-11-12,sh.600070,7.9700,8.1000,7.9500,8.0600,7.9900,1030978,8297658.0000,3,0.563750,1,0.876100,0
2013-11-13,sh.600070,8.0600,8.0700,7.8300,7.8700,8.0600,1197686,9504545.0000,3,0.654908,1,-2.357300,0
2013-11-14,sh.600070,7.8600,7.9900,7.7700,7.9500,7.8700,1464368,11608499.0000,3,0.800733,1,1.016500,0
2013-11-15,sh.600070,7.9500,8.2300,7.9100,8.1500,7.9500,2752104,22377440.0000,3,1.504881,1,2.515700,0
2013-11-18,sh.600070,8.1500,8.2900,8.1300,8.2500,8.1500,2368174,19484185.0000,3,1.294944,1,1.227000,0
2013-11-19,sh.600070,8.2000,8.3200,8.1800,8.3200,8.2500,2070652,17098867.0000,3,1.132256,1,0.848500,0
2013-11-20,sh.600070,8.3200,8.4200,8.2300,8.3900,8.3200,2033355,16931494.0000,3,1.111861,1,0.841300,0
2013-11-21,sh.600070,8.3400,8.4800,8.2500,8.3700,8.3900,1971183,16503339.0000,3,1.077865,1,-0.238400,0
2013-11-22,sh.600070,8.4000,8.4000,8.2000,8.3000,8.3700,1934860,16033277.0000,3,1.058003,1,-0.836300,0
2013-11-25,sh.600070,8.2700,8.5800,8.2000,8.4600,8.3000,3231452,27268975.0000,3,1.766994,1,1.927700,0
2013-11-26,sh.600070,8.4500,8.5300,8.3200,8.3400,8.4600,1538485,12879174.0000,3,0.841261,1,-1.418400,0
2013-11-27,sh.600070,8.3700,8.4100,8.3100,8.3500,8.3400,1396739,11673604.0000,3,0.763752,1,0.119900,0
2013-11-28,sh.600070,8.4000,8.5200,8.3500,8.4100,8.3500,2052427,17314653.0000,3,1.122290,1,0.718600,0
2013-11-29,sh.600070,8.3800,8.4500,8.3300,8.4000,8.4100,2192855,18396667.0000,3,1.199078,1,-0.118900,0
2013-12-02,sh.600070,8.2500,8.3900,8.0000,8.0400,8.4000,3741596,30538090.0000,3,2.045946,1,-4.285700,0
2013-12-03,sh.600070,8.0400,8.2000,7.9800,8.1300,8.0400,2062431,16711359.0000,3,1.127760,1,1.119400,0
2013-12-04,sh.600070,8.1000,8.4500,8.0800,8.4100,8.1300,3444645,28685615.0000,3,1.883570,1,3.444000,0
2013-12-05,sh.600070,8.3900,8.4800,8.3200,8.4200,8.4100,2240800,18796323.0000,3,1.225294,1,0.118900,0
2013-12-06,sh.600070,8.3800,8.4900,8.3600,8.4500,8.4200,1781526,15022085.0000,3,0.974158,1,0.356300,0
2013-12-09,sh.600070,8.4000,8.5400,8.3900,8.4300,8.4500,1946049,16454316.0000,3,1.064121,1,-0.236700,0
2013-12-10,sh.600070,8.4500,8.6000,8.3200,8.5600,8.4300,3682524,31341503.0000,3,2.013645,1,1.542100,0
2013-12-11,sh.600070,8.5600,8.5600,8.3100,8.4000,8.5600,2250710,18920595.0000,3,1.230713,1,-1.869200,0
2013-12-12,sh.600070,8.4000,8.4400,8.2300,8.3600,8.4000,1800532,15048687.0000,3,0.984551,1,-0.476200,0
2013-12-13,sh.600070,8.3000,8.4200,8.2700,8.3300,8.3600,1744302,14589144.0000,3,0.953804,1,-0.358900,0
2013-12-16,sh.600070,8.3600,8.3600,8.1000,8.1100,8.3300,2384935,19544998.0000,3,1.304109,1,-2.641100,0
2013-12-17,sh.600070,8.1100,8.1600,8.0500,8.0700,8.1100,1088085,8802837.0000,3,0.594977,1,-0.493200,0
2013-12-18,sh.600070,8.1100,8.1300,8.0400,8.0900,8.0700,813999,6586216.0000,3,0.445104,1,0.247800,0
2013-12-19,sh.600070,8.0900,8.1300,8.0000,8.0000,8.0900,861330,6957554.0000,3,0.470985,1,-1.112500,0
2013-12-20,sh.600070,7.9800,8.1100,7.8900,7.9500,8.0000,1356144,10849349.0000,3,0.741555,1,-0.625000,0
2013-12-23,sh.600070,7.9900,7.9900,7.8100,7.8600,7.9500,1468850,11589075.0000,3,0.803184,1,-1.132100,0
2013-12-24,sh.600070,7.9500,8.0100,7.8600,7.9500,7.8600,854178,6775282.0000,3,0.467074,1,1.145000,0
2013-12-25,sh.600070,8.0000,8.0000,7.9100,7.9800,7.9500,739877,5874444.0000,3,0.404573,1,0.377400,0
2013-12-26,sh.600070,8.0000,8.1600,7.8800,7.9100,7.9800,1763313,14164893.0000,3,0.964199,1,-0.877200,0
2013-12-27,sh.600070,7.9500,8.0400,7.9000,7.9900,7.9100,1332551,10644560.0000,3,0.728654,1,1.011400,0
2013-12-30,sh.600070,7.9900,8.0700,7.9800,8.0300,7.9900,1100789,8834198.0000,3,0.601924,1,0.500600,0
2013-12-31,sh.600070,8.0300,8.0600,7.9700,8.0300,8.0300,977649,7833349.0000,3,0.534589,1,0.000000,0
2014-01-02,sh.600070,8.0100,8.0500,7.9500,8.0500,8.0300,1244186,9959918.0000,3,0.680335,1,0.249100,0
2014-01-03,sh.600070,8.0100,8.0300,7.9100,7.9300,8.0500,1024111,8154036.0000,3,0.559995,1,-1.490700,0
2014-01-06,sh.600070,7.9100,7.9200,7.5600,7.5600,7.9300,2248568,17323234.0000,3,1.229542,1,-4.665800,0
2014-01-07,sh.600070,7.6300,7.6600,7.5600,7.6000,7.5600,1019514,7750376.0000,3,0.557482,1,0.529100,0
2014-01-08,sh.600070,7.6000,7.6300,7.4800,7.5000,7.6000,1419187,10711076.0000,3,0.776027,1,-1.315800,0
2014-01-09,sh.600070,7.5000,7.5400,7.3800,7.3900,7.5000,949325,7093271.0000,3,0.519102,1,-1.466700,0
2014-01-10,sh.600070,7.3800,7.4200,7.3100,7.3900,7.3900,979067,7221152.0000,3,0.535365,1,0.000000,0
2014-01-13,sh.600070,7.4200,7.4600,7.3300,7.3700,7.3900,609325,4499850.0000,3,0.333186,1,-0.270600,0
2014-01-14,sh.600070,7.3300,7.4800,7.3300,7.4700,7.3700,909422,6746551.0000,3,0.497282,1,1.356900,0
2014-01-15,sh.600070,7.4600,7.4800,7.4200,7.4700,7.4700,512859,3821163.0000,3,0.280437,1,0.000000,0
2014-01-16,sh.600070,7.4900,7.5400,7.4200,7.4800,7.4700,797528,5973313.0000,3,0.436097,1,0.133900,0
2014-01-17,sh.600070,7.4900,7.5500,7.3000,7.3100,7.4800,1146364,8452870.0000,3,0.626845,1,-2.272700,0
2014-01-20,sh.600070,7.2800,7.3700,7.2000,7.2100,7.3100,929625,6728673.0000,3,0.508329,1,-1.368000,0
2014-01-21,sh.600070,7.2000,7.3200,7.2000,7.3100,7.2100,872298,6360834.0000,3,0.476982,1,1.387000,0
2014-01-22,sh.600070,7.3200,7.5400,7.3200,7.5200,7.3100,1382545,10329290.0000,3,0.755991,1,2.872800,0
2014-01-23,sh.600070,7.5100,7.6700,7.4600,7.5600,7.5200,1460726,11033723.0000,3,0.798741,1,0.531900,0
2014-01-24,sh.600070,7.5600,7.7100,7.5300,7.6600,7.5600,1606405,12284587.0000,3,0.878400,1,1.322800,0
2014-01-27,sh.600070,7.6600,7.8600,7.6600,7.7000,7.6600,1968359,15288865.0000,3,1.076321,1,0.522200,0
2014-01-28,sh.600070,7.7500,7.7600,7.6500,7.6600,7.7000,959226,7390211.0000,3,0.524515,1,-0.519500,0
2014-01-29,sh.600070,7.6600,7.7700,7.6600,7.7400,7.6600,724343,5592874.0000,3,0.396079,1,1.044400,0
2014-01-30,sh.600070,7.7600,7.7700,7.7000,7.7100,7.7400,563451,4355208.0000,3,0.308101,1,-0.387600,0
2014-02-07,sh.600070,7.7100,7.7500,7.5800,7.7300,7.7100,1109211,8524601.0000,3,0.606529,1,0.259400,0
2014-02-10,sh.600070,7.7400,7.9200,7.7300,7.8900,7.7300,1679798,13196287.0000,3,0.918532,1,2.069900,0
2014-02-11,sh.600070,7.8200,8.0200,7.8000,7.9300,7.8900,2152592,17067918.0000,3,1.177061,1,0.507000,0
2014-02-12,sh.600070,7.9300,8.0200,7.8800,8.0000,7.9300,1465956,11671442.0000,3,0.801601,1,0.882700,0
2014-02-13,sh.600070,7.9600,8.0300,7.8600,7.8800,8.0000,1998178,15896008.0000,3,1.092626,1,-1.500000,0
2014-02-14,sh.600070,7.8600,8.0300,7.8600,8.0100,7.8800,1789713,14259854.0000,3,0.978635,1,1.649700,0
2014-02-17,sh.600070,8.0500,8.1200,8.0000,8.1000,8.0100,2409984,19433062.0000,3,1.317806,1,1.123600,0
2014-02-18,sh.600070,8.1100,8.1900,8.0100,8.1000,8.1000,2727637,22052197.0000,3,1.491502,1,0.000000,0
2014-02-19,sh.600070,8.1100,8.1500,8.0600,8.1200,8.1000,1892144,15342358.0000,3,1.034645,1,0.246900,0
2014-02-20,sh.600070,8.1200,8.1800,7.9600,7.9600,8.1200,2068626,16608519.0000,3,1.131148,1,-1.970400,0
2014-02-21,sh.600070,7.9600,7.9900,7.8200,7.8800,7.9600,1589941,12583066.0000,3,0.869397,1,-1.005000,0
2014-02-24,sh.600070,7.8500,7.9700,7.7900,7.9600,7.8800,1214546,9550627.0000,3,0.664127,1,1.015200,0
2014-02-25,sh.600070,7.9600,8.0900,7.7300,7.7800,7.9600,2341292,18662953.0000,3,1.280245,1,-2.261300,0
2014-02-26,sh.600070,7.7300,7.9100,7.7100,7.9000,7.7800,1590534,12436625.0000,3,0.869722,1,1.542400,0
2014-02-27,sh.600070,7.9500,7.9600,7.7600,7.7800,7.9000,1548555,12215544.0000,3,0.846767,1,-1.519000,0
2014-02-28,sh.600070,7.7800,8.0000,7.7100,8.0000,7.7800,1658363,13036998.0000,3,0.906811,1,2.827800,0
2014-03-03,sh.600070,8.0000,8.3900,7.9700,8.3700,8.0000,5508817,45557529.0000,3,3.012283,1,4.625000,0
2014-03-04,sh.600070,8.2900,8.3400,8.1300,8.2500,8.3700,2857913,23548280.0000,3,1.562739,1,-1.433700,0
2014-03-05,sh.600070,8.2700,8.3100,8.1500,8.2200,8.2500,1978774,16284944.0000,3,1.082016,1,-0.363600,0
2014-03-06,sh.600070,8.2500,8.2500,8.0600,8.2400,8.2200,1861515,15174686.0000,3,1.017897,1,0.243300,0
2014-03-07,sh.600070,8.2200,8.2500,8.0800,8.0900,8.2400,1820506,14829561.0000,3,0.995473,1,-1.820400,0
2014-03-10,sh.600070,8.1000,8.1000,7.8300,7.8600,8.0900,1579785,12554534.0000,3,0.863844,1,-2.843000,0
2014-03-11,sh.600070,7.8400,7.9600,7.8300,7.9200,7.8600,1206217,9520905.0000,3,0.659573,1,0.763400,0
2014-03-12,sh.600070,7.8800,7.9400,7.8100,7.8800,7.9200,1011467,7956358.0000,3,0.553081,1,-0.505100,0
2014-03-13,sh.600070,7.9000,7.9900,7.8400,7.9100,7.8800,960144,7595987.0000,3,0.525017,1,0.380700,0
2014-03-14,sh.600070,7.9100,7.9300,7.8300,7.8800,7.9100,951131,7493324.0000,3,0.520089,1,-0.379300,0
2014-03-17,sh.600070,7.9000,8.1000,7.8800,8.0900,7.8800,1557138,12528464.0000,3,0.851460,1,2.665000,0
2014-03-18,sh.600070,8.1200,8.2500,8.0800,8.1400,8.0900,1812838,14812432.0000,3,0.991280,1,0.618000,0
2014-03-19,sh.600070,8.1300,8.2000,8.0100,8.1800,8.1400,1335392,10850364.0000,3,0.730207,1,0.491400,0
2014-03-20,sh.600070,8.2100,8.2400,7.8800,7.8900,8.1800,2513520,20221538.0000,3,1.374421,1,-3.545200,0
2014-03-21,sh.600070,7.9000,8.0700,7.8400,8.0500,7.8900,1604305,12774881.0000,3,0.877252,1,2.027900,0
2014-03-24,sh.600070,8.0200,8.1700,8.0200,8.1100,8.0500,1696346,13730382.0000,3,0.927581,1,0.745300,0
2014-03-25,sh.600070,8.0800,8.1900,8.0800,8.1800,8.1100,1519761,12366057.0000,3,0.831022,1,0.863100,0
2014-03-26,sh.600070,8.1700,8.2500,8.1300,8.2200,8.1800,1981631,16242615.0000,3,1.083578,1,0.489000,0
2014-03-27,sh.600070,8.2000,8.2400,8.0300,8.0600,8.2200,1479279,12052840.0000,3,0.808886,1,-1.946500,0
2014-03-28,sh.600070,8.0700,8.1900,8.0400,8.1200,8.0600,1668748,13533383.0000,3,0.912490,1,0.744400,0
2014-03-31,sh.600070,8.1300,8.1500,7.8800,7.9500,8.1200,1768948,14147730.0000,3,0.967281,1,-2.093600,0
2014-04-01,sh.600070,7.9800,8.2500,7.9100,8.2200,7.9500,2268504,18353658.0000,3,1.240443,1,3.396200,0
2014-04-02,sh.600070,8.9000,8.9000,8.4800,8.6000,8.2200,11758370,101614796.0000,3,6.429608,1,4.622900,0
2014-04-03,sh.600070,8.6500,9.2800,8.6500,8.9900,8.6000,14858666,133453969.0000,3,8.124885,1,4.534900,0
2014-04-04,sh.600070,8.8500,9.1000,8.8000,9.0200,8.9900,8831952,79188588.0000,3,4.829410,1,0.333700,0
2014-04-08,sh.600070,9.0000,9.4600,8.9700,9.3400,9.0200,10227706,95249058.0000,3,5.592624,1,3.547700,0
2014-04-09,sh.600070,9.2700,9.4600,9.2000,9.4100,9.3400,8148096,75943868.0000,3,4.455470,1,0.749500,0
2014-04-10,sh.600070,9.3800,9.3800,9.2300,9.2800,9.4100,6108102,56753322.0000,3,3.339978,1,-1.381500,0
2014-04-11,sh.600070,9.2300,9.3100,9.0300,9.1100,9.2800,5955667,54371292.0000,3,3.256625,1,-1.831900,0
2014-04-14,sh.600070,9.1200,9.2600,9.1000,9.2000,9.1100,3520627,32330636.0000,3,1.925118,1,0.987900,0
2014-04-15,sh.600070,9.1500,9.2100,9.1200,9.1800,9.2000,3012222,27622136.0000,3,1.647117,1,-0.217400,0
2014-04-16,sh.600070,9.2000,9.2700,9.0600,9.1200,9.1800,3744366,34199721.0000,3,2.047461,1,-0.653600,0
2014-04-17,sh.600070,9.1200,9.2600,9.0900,9.1100,9.1200,2871027,26313283.0000,3,1.569910,1,-0.109700,0
2014-04-18,sh.600070,9.1200,9.2200,9.0600,9.1800,9.1100,2204448,20166244.0000,3,1.205417,1,0.768400,0
2014-04-21,sh.600070,9.1700,9.3400,9.0800,9.0900,9.1800,4334333,39836523.0000,3,2.370062,1,-0.980400,0
2014-04-22,sh.600070,9.0600,9.1100,8.8300,8.9600,9.0900,3789492,33959964.0000,3,2.072137,1,-1.430100,0
2014-04-23,sh.600070,8.9700,9.0100,8.8900,8.9700,8.9600,1652639,14791462.0000,3,0.903681,1,0.111600,0
2014-04-24,sh.600070,8.9700,9.0000,8.8200,8.8600,8.9700,1990363,17746945.0000,3,1.088353,1,-1.226300,0
2014-04-25,sh.600070,8.7100,8.7100,8.2100,8.2600,8.8600,7111563,59934230.0000,3,3.888682,1,-6.772000,0
2014-04-28,sh.600070,8.1900,8.2400,8.0300,8.0700,8.2600,2571679,20858196.0000,3,1.406223,1,-2.300200,0
2014-04-29,sh.600070,8.0800,8.1900,8.0500,8.1700,8.0700,1378265,11182346.0000,3,0.753651,1,1.239200,0
2014-04-30,sh.600070,8.2000,8.2900,8.1400,8.2600,8.1700,1151954,9477774.0000,3,0.629901,1,1.101600,0
2014-05-05,sh.600070,8.2000,8.3500,8.1500,8.3400,8.2600,1435118,11888059.0000,3,0.784739,1,0.968500,0
2014-05-06,sh.600070,8.3800,8.4600,8.2900,8.3900,8.3400,1733969,14552947.0000,3,0.948154,1,0.599500,0
2014-05-07,sh.600070,8.4300,8.4300,8.2000,8.2900,8.3900,1701032,14132088.0000,3,0.930143,1,-1.191900,0
2014-05-08,sh.600070,8.2100,8.4100,8.2000,8.2500,8.2900,1496723,12416660.0000,3,0.818425,1,-0.482500,0
2014-05-09,sh.600070,8.2800,8.3100,8.1800,8.2500,8.2500,990399,8148112.0000,3,0.541561,1,0.000000,0
2014-05-12,sh.600070,8.3300,8.4600,8.2900,8.4200,8.2500,1711407,14356642.0000,3,0.935816,1,2.060600,0
2014-05-13,sh.600070,8.4200,8.4700,8.3500,8.4200,8.4200,1210845,10188102.0000,3,0.662104,1,0.000000,0
2014-05-14,sh.600070,8.4700,8.4900,8.3800,8.4400,8.4200,1023568,8626281.0000,3,0.559698,1,0.237500,0
2014-05-15,sh.600070,8.4400,8.4800,8.3300,8.3500,8.4400,1244689,10453255.0000,3,0.680610,1,-1.066300,0
2014-05-16,sh.600070,8.4000,8.5100,8.3900,8.5100,8.3500,2435087,20573782.0000,3,1.331533,1,1.916200,0
2014-05-19,sh.600070,8.5600,8.6600,8.4500,8.5700,8.5100,2517744,21545347.0000,3,1.376731,1,0.705000,0
2014-05-20,sh.600070,8.6500,8.6500,8.3800,8.4700,8.5700,2105582,17849134.0000,3,1.151356,1,-1.166900,0
2014-05-21,sh.600070,8.4600,8.4900,8.3600,8.4000,8.4700,2760662,23221644.0000,3,1.509561,1,-0.826500,0
2014-05-22,sh.600070,5.3800,5.5800,5.3700,5.5100,5.4000,4312126,23789524.0000,3,1.571946,1,2.037000,0
2014-05-23,sh.600070,5.4700,5.5400,5.4000,5.4500,5.5100,2686881,14646309.0000,3,0.979478,1,-1.088900,0
2014-05-26,sh.600070,5.4500,5.6200,5.4300,5.6000,5.4500,3368719,18691879.0000,3,1.228035,1,2.752300,0
2014-05-27,sh.600070,5.6100,5.6300,5.5300,5.5900,5.6000,1959491,10950854.0000,3,0.714314,1,-0.178600,0
2014-05-28,sh.600070,5.6200,5.6800,5.5500,5.6100,5.5900,3282387,18388260.0000,3,1.196564,1,0.357800,0
2014-05-29,sh.600070,5.5900,5.6300,5.4900,5.5000,5.6100,2920050,16229849.0000,3,1.064477,1,-1.960800,0
2014-05-30,sh.600070,5.5500,5.5500,5.4400,5.4800,5.5000,1998538,10950169.0000,3,0.728549,1,-0.363600,0
2014-06-03,sh.600070,5.4900,5.5300,5.4500,5.4700,5.4800,1391602,7633299.0000,3,0.507296,1,-0.182500,0
2014-06-04,sh.600070,5.4800,5.5600,5.4400,5.5400,5.4700,2805737,15503867.0000,3,1.022806,1,1.279700,0
2014-06-05,sh.600070,5.5500,5.6000,5.5100,5.5800,5.5400,1938115,10800536.0000,3,0.706522,1,0.722000,0
2014-06-06,sh.600070,5.5800,5.6600,5.4800,5.6400,5.5800,3333184,18610203.0000,3,1.215081,1,1.075300,0
2014-06-09,sh.600070,5.6400,5.6800,5.5800,5.6400,5.6400,2787638,15719643.0000,3,1.016208,1,0.000000,0
2014-06-10,sh.600070,5.6400,5.7100,5.6200,5.6900,5.6400,3723475,21165708.0000,3,1.357358,1,0.886500,0
2014-06-11,sh.600070,5.7000,5.7300,5.6300,5.6400,5.6900,2022479,11445149.0000,3,0.737276,1,-0.878700,0
2014-06-12,sh.600070,5.6200,5.6800,5.5800,5.6400,5.6400,2003271,11267942.0000,3,0.730274,1,0.000000,0
2014-06-13,sh.600070,5.6200,5.6600,5.5900,5.6400,5.6400,2441288,13747860.0000,3,0.889949,1,0.000000,0
2014-06-16,sh.600070,5.6800,5.8200,5.6200,5.7800,5.6400,4846732,27933858.0000,3,1.766831,1,2.482300,0
2014-06-17,sh.600070,5.7800,6.3600,5.7500,6.3600,5.7800,25502098,157940735.0000,3,9.296555,1,10.034600,0
2014-06-18,sh.600070,6.4000,6.5000,6.2000,6.4500,6.3600,19726103,125837710.0000,3,7.190969,1,1.415100,0
2014-06-19,sh.600070,6.3600,6.4000,5.9300,6.0500,6.4500,11701569,72738576.0000,3,4.265699,1,-6.201500,0
2014-06-20,sh.600070,6.0500,6.1000,5.8500,5.9500,6.0500,9665816,57251846.0000,3,3.523584,1,-1.652900,0
2014-06-23,sh.600070,5.9900,6.2400,5.9500,6.1600,5.9500,8483422,51689979.0000,3,3.092553,1,3.529400,0
2014-06-24,sh.600070,6.1200,6.1900,6.0400,6.0900,6.1600,4581993,28004708.0000,3,1.670323,1,-1.136400,0
2014-06-25,sh.600070,6.1300,6.3100,6.1000,6.1100,6.0900,6696885,41539545.0000,3,2.441288,1,0.328400,0
2014-06-26,sh.600070,6.1100,6.1100,6.1100,6.1100,6.1100,0,0.0000,3,,0,0.000000,0
2014-06-27,sh.600070,6.1100,6.1100,6.1100,6.1100,6.1100,0,0.0000,3,,0,0.000000,0
2014-06-30,sh.600070,6.1100,6.1100,6.1100,6.1100,6.1100,0,0.0000,3,,0,0.000000,0
2014-07-01,sh.600070,6.1100,6.1100,6.1100,6.1100,6.1100,0,0.0000,3,,0,0.000000,0
2014-07-02,sh.600070,6.1100,6.1100,6.1100,6.1100,6.1100,0,0.0000,3,,0,0.000000,0
2014-07-03,sh.600070,6.5000,6.7200,6.3200,6.7200,6.1100,17918396,118963264.0000,3,6.531986,1,9.983600,0
2014-07-04,sh.600070,7.1100,7.3900,7.1000,7.3900,6.7200,12413690,90949887.0000,3,4.525296,1,9.970200,0
2014-07-07,sh.600070,7.6300,7.6300,6.8300,7.0200,7.3900,31432727,224339911.0000,3,11.458511,1,-5.006800,0
2014-07-08,sh.600070,6.8800,7.7200,6.8600,7.7200,7.0200,17589854,129715226.0000,3,6.412219,1,9.971500,0
2014-07-09,sh.600070,7.9000,8.3900,7.6600,7.7700,7.7200,40731380,324864464.0000,3,14.848249,1,0.647700,0
2014-07-10,sh.600070,7.5600,7.7600,7.3800,7.4600,7.7700,22197877,167700676.0000,3,8.092031,1,-3.989700,0
2014-07-11,sh.600070,7.4600,7.5200,7.3000,7.3700,7.4600,12546274,92878284.0000,3,4.573629,1,-1.206400,0
2014-07-14,sh.600070,7.3800,7.6900,7.3400,7.4600,7.3700,12001627,89918545.0000,3,4.375082,1,1.221200,0
2014-07-15,sh.600070,7.4000,7.4500,7.0400,7.1800,7.4600,11091911,80369217.0000,3,4.043454,1,-3.753400,0
2014-07-16,sh.600070,7.2100,7.2200,6.9400,7.1200,7.1800,8373690,59365442.0000,3,3.052551,1,-0.835700,0
2014-07-17,sh.600070,7.0600,7.3500,6.9500,7.2400,7.1200,7181177,51211220.0000,3,2.617832,1,1.685400,0
2014-07-18,sh.600070,7.2000,7.2600,7.0700,7.0900,7.2400,5133928,36596039.0000,3,1.871526,1,-2.071800,0
2014-07-21,sh.600070,7.1200,7.1300,6.9500,7.0600,7.0900,3777075,26512687.0000,3,1.376898,1,-0.423100,0
2014-07-22,sh.600070,7.0800,7.1400,7.0200,7.0900,7.0600,4468005,31700638.0000,3,1.628770,1,0.424900,0
2014-07-23,sh.600070,7.1100,7.4100,7.0800,7.1700,7.0900,10289510,74572795.0000,3,3.750946,1,1.128300,0
2014-07-24,sh.600070,7.2200,7.2700,6.7000,6.9900,7.1700,6668203,46494988.0000,3,2.430832,1,-2.510500,0
2014-07-25,sh.600070,6.9200,7.1000,6.9200,7.0100,6.9900,3308832,23144374.0000,3,1.206204,1,0.286100,0
2014-07-28,sh.600070,7.0300,7.1300,7.0000,7.1100,7.0100,4719586,33317390.0000,3,1.720482,1,1.426500,0
2014-07-29,sh.600070,7.1300,7.1500,7.0600,7.1400,7.1100,4843875,34441450.0000,3,1.765790,1,0.421900,0
2014-07-30,sh.600070,7.1500,7.2000,7.0700,7.1800,7.1400,4433323,31615967.0000,3,1.616127,1,0.560200,0
2014-07-31,sh.600070,7.1800,7.2300,7.0900,7.1800,7.1800,3431235,24584486.0000,3,1.250825,1,0.000000,0
2014-08-01,sh.600070,7.1800,7.4200,7.1300,7.1800,7.1800,6510919,47392518.0000,3,2.373495,1,0.000000,0
2014-08-04,sh.600070,7.1800,7.3000,7.1700,7.2300,7.1800,5054031,36511970.0000,3,1.842400,1,0.696400,0
2014-08-05,sh.600070,7.2400,7.3300,7.1600,7.2900,7.2300,5255939,38128628.0000,3,1.916004,1,0.829900,0
2014-08-06,sh.600070,7.2600,7.4300,7.2300,7.4200,7.2900,6597550,48694348.0000,3,2.405076,1,1.783300,0
2014-08-07,sh.600070,7.4300,7.5000,7.2000,7.2700,7.4200,6060622,44482840.0000,3,2.209344,1,-2.021600,0
2014-08-08,sh.600070,7.2500,7.3200,7.2100,7.2900,7.2700,3800413,27602707.0000,3,1.385406,1,0.275100,0
2014-08-11,sh.600070,7.3000,7.4900,7.2200,7.4300,7.2900,5797325,42755918.0000,3,2.113361,1,1.920400,0
2014-08-12,sh.600070,7.4000,7.4700,7.3600,7.4500,7.4300,5685080,42105944.0000,3,2.072443,1,0.269200,0
2014-08-13,sh.600070,7.4400,7.4500,7.2700,7.3800,7.4500,5248977,38618700.0000,3,1.913466,1,-0.939600,0
2014-08-14,sh.600070,7.3800,7.4200,7.2600,7.3000,7.3800,5592392,41019978.0000,3,2.038655,1,-1.084000,0
2014-08-15,sh.600070,7.2900,7.4700,7.2800,7.4000,7.3000,4376279,32405604.0000,3,1.595332,1,1.369900,0
2014-08-18,sh.600070,7.4600,7.7100,7.3900,7.6500,7.4000,11032243,83771144.0000,3,4.021702,1,3.378400,0
2014-08-19,sh.600070,7.7700,7.8100,7.5500,7.7800,7.6500,12482297,96170004.0000,3,4.550306,1,1.699300,0
2014-08-20,sh.600070,7.7700,8.2600,7.7400,8.1300,7.7800,15331493,123636735.0000,3,5.588954,1,4.498700,0
2014-08-21,sh.600070,8.0800,8.9200,8.0100,8.6200,8.1300,21718222,185485517.0000,3,7.917178,1,6.027100,0
2014-08-22,sh.600070,8.6200,8.7500,8.3600,8.5200,8.6200,11075371,94389537.0000,3,4.037424,1,-1.160100,0
2014-08-25,sh.600070,8.5000,8.6400,8.3600,8.5000,8.5200,7485333,63615460.0000,3,2.728709,1,-0.234700,0
2014-08-26,sh.600070,8.5000,8.6300,8.4500,8.5300,8.5000,8340924,71142914.0000,3,3.040607,1,0.352900,0
2014-08-27,sh.600070,8.5600,8.9900,8.4500,8.5400,8.5300,13742691,120169735.0000,3,5.009771,1,0.117200,0
2014-08-28,sh.600070,8.5100,8.5100,8.1800,8.2000,8.5400,8680203,72120579.0000,3,3.164288,1,-3.981300,0
2014-08-29,sh.600070,8.1800,8.4400,8.1200,8.3900,8.2000,5444613,45222279.0000,3,1.984783,1,2.317100,0
2014-09-01,sh.600070,8.4800,8.7000,8.4800,8.6000,8.3900,7914433,67973791.0000,3,2.885134,1,2.503000,0
2014-09-02,sh.600070,8.5800,8.9200,8.5500,8.8900,8.6000,10269629,90430621.0000,3,3.743699,1,3.372100,0
2014-09-03,sh.600070,8.9000,8.9700,8.7800,8.8600,8.8900,8281467,73231367.0000,3,3.018932,1,-0.337500,0
2014-09-04,sh.600070,8.8600,9.3500,8.7500,9.2800,8.8600,10975813,100164729.0000,3,4.001131,1,4.740400,0
2014-09-05,sh.600070,9.2800,9.3700,9.1800,9.3600,9.2800,6644401,61529839.0000,3,2.422155,1,0.862100,0
2014-09-09,sh.600070,9.3100,9.9800,9.3000,9.5900,9.3600,11151835,107976818.0000,3,4.065299,1,2.457300,0
2014-09-10,sh.600070,9.5600,9.7200,9.4500,9.7100,9.5900,6990545,66930194.0000,3,2.548339,1,1.251300,0
2014-09-11,sh.600070,9.6800,9.8000,9.5000,9.6500,9.7100,7493472,72310715.0000,3,2.731676,1,-0.617900,0
2014-09-12,sh.600070,9.6100,9.6800,9.4300,9.5800,9.6500,5556064,53014798.0000,3,2.025412,1,-0.725400,0
2014-09-15,sh.600070,9.5800,10.0700,9.5500,10.0400,9.5800,8214088,80694185.0000,3,2.994370,1,4.801700,0
2014-09-16,sh.600070,10.0000,10.1400,9.1700,9.2300,10.0400,14391187,138914424.0000,3,5.246175,1,-8.067700,0
2014-09-17,sh.600070,9.2500,9.3800,8.9900,9.2600,9.2300,8064103,74165622.0000,3,2.939694,1,0.325000,0
2014-09-18,sh.600070,9.2200,9.4400,9.1600,9.4000,9.2600,5031838,47031354.0000,3,1.834310,1,1.511900,0
2014-09-19,sh.600070,9.4000,9.8800,9.3500,9.7400,9.4000,8181661,79463405.0000,3,2.982549,1,3.617000,0
2014-09-22,sh.600070,9.6700,10.3200,9.6500,10.1400,9.7400,12890030,130380456.0000,3,4.698942,1,4.106800,0
2014-09-23,sh.600070,10.1500,10.4800,9.9600,10.2600,10.1400,8009219,81913386.0000,3,2.919687,1,1.183400,0
2014-09-24,sh.600070,10.2400,10.4100,10.0000,10.2700,10.2600,8001066,81897700.0000,3,2.916715,1,0.097500,0
2014-09-25,sh.600070,10.3200,10.4500,10.1500,10.2000,10.2700,5503324,56582386.0000,3,2.006186,1,-0.681600,0
2014-09-26,sh.600070,10.2100,11.2200,10.1500,11.2200,10.2000,14143101,153702379.0000,3,5.155737,1,10.000000,0
2014-09-29,sh.600070,11.2500,11.6600,10.9500,11.5700,11.2200,12009323,136628556.0000,3,4.377888,1,3.119400,0
2014-09-30,sh.600070,11.5800,12.6700,11.5000,12.3200,11.5700,15193555,185704176.0000,3,5.538670,1,6.482300,0
2014-10-08,sh.600070,12.2500,12.3000,11.6800,12.0900,12.3200,11812012,141463068.0000,3,4.305960,1,-1.866900,0
2014-10-09,sh.600070,12.0900,12.0900,11.7900,11.9800,12.0900,9146865,108990836.0000,3,3.334405,1,-0.909800,0
2014-10-10,sh.600070,11.8800,11.8800,11.4500,11.5700,11.9800,9828387,114252497.0000,3,3.582848,1,-3.422400,0
2014-10-13,sh.600070,11.4900,11.6800,10.9000,11.6600,11.5700,10511587,117975699.0000,3,3.831902,1,0.777900,0
2014-10-14,sh.600070,11.5300,12.3000,11.5000,12.2200,11.6600,12213754,146925624.0000,3,4.452411,1,4.802700,0
2014-10-15,sh.600070,12.2000,12.2800,11.8000,12.0000,12.2200,5879157,70416733.0000,3,2.143192,1,-1.800300,0
2014-10-16,sh.600070,11.7600,12.2900,11.6600,11.8900,12.0000,7610839,91135924.0000,3,2.774461,1,-0.916700,0
2014-10-17,sh.600070,11.8000,11.8200,11.2000,11.2600,11.8900,8885001,101519472.0000,3,3.238945,1,-5.298600,0
2014-10-20,sh.600070,11.3700,11.4900,11.1400,11.1900,11.2600,7293600,82292973.0000,3,2.658815,1,-0.621700,0
2014-10-21,sh.600070,11.2300,11.6500,11.1100,11.4600,11.1900,6662755,75876693.0000,3,2.428846,1,2.412900,0
2014-10-22,sh.600070,11.4000,11.4300,10.8800,10.9100,11.4600,6254145,69726544.0000,3,2.279891,1,-4.799300,0
2014-10-23,sh.600070,10.8600,10.9100,10.0000,10.1000,10.9100,10441121,108233892.0000,3,3.806214,1,-7.424400,0
2014-10-24,sh.600070,10.2000,10.4600,10.1500,10.2800,10.1000,4860012,50072465.0000,3,1.771673,1,1.782200,0
2014-10-27,sh.600070,9.9900,10.0800,9.7200,10.0700,10.2800,7398453,73181927.0000,3,2.697038,1,-2.042800,0
2014-10-28,sh.600070,10.0300,10.9500,10.0300,10.8700,10.0700,8308543,87739522.0000,3,3.028803,1,7.944400,0
2014-10-29,sh.600070,10.8500,11.0500,10.7700,10.9000,10.8700,7468774,81362372.0000,3,2.722673,1,0.276000,0
2014-10-30,sh.600070,10.8300,11.1500,10.6100,11.1200,10.9000,7470772,82054610.0000,3,2.723401,1,2.018400,0
2014-10-31,sh.600070,11.0800,11.1500,10.7200,10.8800,11.1200,5324133,58038468.0000,3,1.940864,1,-2.158300,0
2014-11-03,sh.600070,10.8100,10.9400,10.4500,10.5800,10.8800,6709104,71665468.0000,3,2.445742,1,-2.757400,0
2014-11-04,sh.600070,10.6200,10.6200,10.3000,10.3700,10.5800,6640771,68887289.0000,3,2.420832,1,-1.984900,0
2014-11-05,sh.600070,10.3900,10.6400,10.2500,10.6200,10.3700,5517510,57862641.0000,3,2.011357,1,2.410800,0
2014-11-06,sh.600070,10.5300,10.7600,10.3500,10.6300,10.6200,5742834,60711518.0000,3,2.093497,1,0.094200,0
2014-11-07,sh.600070,10.6000,10.7100,10.5000,10.6200,10.6300,5021206,53335214.0000,3,1.830434,1,-0.094100,0
2014-11-10,sh.600070,10.6000,10.6400,10.4000,10.4900,10.6200,3622806,37910497.0000,3,1.320661,1,-1.224100,0
2014-11-11,sh.600070,10.4900,10.4900,9.4400,9.4400,10.4900,19745881,191425754.0000,3,7.198179,1,-10.009500,0
2014-11-12,sh.600070,9.4400,9.5300,9.2500,9.4600,9.4400,6927063,65144833.0000,3,2.525197,1,0.211900,0
2014-11-13,sh.600070,9.4800,9.5200,8.9000,9.4900,9.4600,13556887,124670180.0000,3,4.942038,1,0.317100,0
2014-11-14,sh.600070,9.3200,9.8800,9.2800,9.7100,9.4900,9619742,92903466.0000,3,3.506788,1,2.318200,0
2014-11-17,sh.600070,9.6000,9.7800,9.3100,9.6900,9.7100,5730192,55067062.0000,3,2.088889,1,-0.206000,0
2014-11-18,sh.600070,9.6500,9.7600,9.5500,9.7500,9.6900,4340729,41964699.0000,3,1.582373,1,0.619200,0
2014-11-19,sh.600070,9.7500,9.7800,9.5800,9.7500,9.7500,4573017,44364981.0000,3,1.667051,1,0.000000,0
2014-11-20,sh.600070,9.7000,9.9000,9.6000,9.8800,9.7500,4518924,44041235.0000,3,1.647332,1,1.333300,0
2014-11-21,sh.600070,9.8200,10.0400,9.8000,9.9200,9.8800,5683020,56210146.0000,3,2.071693,1,0.404900,0
2014-11-24,sh.600070,9.9900,10.0600,9.7400,10.0500,9.9200,8090795,80303698.0000,3,2.949425,1,1.310500,0
2014-11-25,sh.600070,9.9800,10.5300,9.9500,10.4700,10.0500,10005009,102447550.0000,3,3.647234,1,4.179100,0
2014-11-26,sh.600070,10.4500,10.5200,10.3500,10.4500,10.4700,6351762,66146132.0000,3,2.315476,1,-0.191000,0
2014-11-27,sh.600070,10.4800,11.2400,10.4100,11.0300,10.4500,12487045,135584219.0000,3,4.552037,1,5.550200,0
2014-11-28,sh.600070,11.3500,11.7600,10.3800,10.6600,11.0300,24724650,270712544.0000,3,9.013143,1,-3.354500,0
2014-12-01,sh.600070,10.6000,10.6000,9.7300,9.8200,10.6600,19710249,198130287.0000,3,7.185190,1,-7.879900,0
2014-12-02,sh.600070,9.8300,9.9900,9.8200,9.8600,9.8200,7766142,76802448.0000,3,2.831075,1,0.407300,0
2014-12-03,sh.600070,9.8500,10.1200,9.5400,10.0600,9.8600,12946097,126345285.0000,3,4.719380,1,2.028400,0
2014-12-04,sh.600070,10.0000,10.1100,9.9200,10.0800,10.0600,7913132,79420875.0000,3,2.884659,1,0.198800,0
2014-12-05,sh.600070,10.0500,10.0500,9.3500,9.5300,10.0800,11148347,107262521.0000,3,4.064027,1,-5.456400,0
2014-12-08,sh.600070,9.5500,9.5700,9.3000,9.3500,9.5300,9084841,85089746.0000,3,3.311795,1,-1.888800,0
2014-12-09,sh.600070,9.3500,9.3500,8.7200,8.7300,9.3500,14207006,127384522.0000,3,5.179033,1,-6.631000,0
2014-12-10,sh.600070,8.6900,9.0500,8.6500,9.0300,8.7300,5532775,49440925.0000,3,2.016922,1,3.436400,0
2014-12-11,sh.600070,8.9600,9.1300,8.9100,9.1000,9.0300,5581463,50348010.0000,3,2.034671,1,0.775200,0
2014-12-12,sh.600070,9.0300,9.1800,9.0200,9.1600,9.1000,5353261,48750280.0000,3,1.951482,1,0.659300,0
2014-12-15,sh.600070,9.1300,9.2900,9.0200,9.2800,9.1600,6239818,57081865.0000,3,2.274668,1,1.310000,0
2014-12-16,sh.600070,9.2800,9.2900,9.0900,9.1100,9.2800,5851998,53572850.0000,3,2.133292,1,-1.831900,0
2014-12-17,sh.600070,9.0300,9.0900,8.8200,8.8900,9.1100,6542238,58293695.0000,3,2.384913,1,-2.414900,0
2014-12-18,sh.600070,8.8800,9.0500,8.8200,8.8700,8.8900,4034979,36089699.0000,3,1.470914,1,-0.225000,0
2014-12-19,sh.600070,8.8700,8.8800,8.4800,8.5800,8.8700,6231949,53753702.0000,3,2.271800,1,-3.269400,0
2014-12-22,sh.600070,8.5300,8.5300,7.7300,7.8000,8.5800,10428585,82997653.0000,3,3.801645,1,-9.090900,0
2014-12-23,sh.600070,7.9000,8.0300,7.7800,7.8200,7.8000,4497684,35604903.0000,3,1.639589,1,0.256400,0
2014-12-24,sh.600070,7.9000,8.0500,7.8400,8.0100,7.8200,3972870,31679770.0000,3,1.448273,1,2.429700,0
2014-12-25,sh.600070,8.0700,8.1900,7.9900,8.1400,8.0100,4420043,35823350.0000,3,1.611286,1,1.623000,0
2014-12-26,sh.600070,8.0800,8.2100,8.0800,8.1700,8.1400,3225397,26286129.0000,3,1.175789,1,0.368500,0
2014-12-29,sh.600070,8.1700,8.1700,7.8500,7.9100,8.1700,4432075,35193681.0000,3,1.615672,1,-3.182400,0
2014-12-30,sh.600070,7.9800,7.9900,7.6700,7.7400,7.9100,3355670,26144499.0000,3,1.223279,1,-2.149200,0
2014-12-31,sh.600070,7.7200,7.7900,7.5500,7.7800,7.7400,3307674,25365265.0000,3,1.205782,1,0.516800,0
2015-01-05,sh.600070,7.8300,7.9800,7.7300,7.9500,7.7800,4176432,32868044.0000,3,1.522480,1,2.185100,0
2015-01-06,sh.600070,7.9300,8.3600,7.8000,8.2900,7.9500,7969069,64745212.0000,3,2.905051,1,4.276700,0
2015-01-07,sh.600070,8.2500,8.3800,8.1500,8.2600,8.2900,4234055,34889204.0000,3,1.543486,1,-0.361900,0
2015-01-08,sh.600070,8.2800,8.7600,8.1600,8.5400,8.2600,8689337,73972297.0000,3,3.167618,1,3.389800,0
2015-01-09,sh.600070,8.4000,8.6800,8.3900,8.4100,8.5400,6074491,51691059.0000,3,2.214400,1,-1.522200,0
2015-01-12,sh.600070,8.3800,8.3800,8.0200,8.0600,8.4100,4793141,38962679.0000,3,1.747295,1,-4.161700,0
2015-01-13,sh.600070,8.0100,8.1800,8.0000,8.0700,8.0600,2401635,19419703.0000,3,0.875494,1,0.124100,0
2015-01-14,sh.600070,8.1000,8.1300,8.0400,8.0900,8.0700,2264329,18281570.0000,3,0.825440,1,0.247800,0
2015-01-15,sh.600070,8.0600,8.1800,8.0600,8.1500,8.0900,2350895,19154118.0000,3,0.856997,1,0.741600,0
2015-01-16,sh.600070,8.1500,8.2600,8.0500,8.2600,8.1500,4196974,34278001.0000,3,1.529968,1,1.349700,0
2015-01-19,sh.600070,8.0000,8.4500,7.7700,8.0900,8.2600,6065157,49599022.0000,3,2.210997,1,-2.058100,0
2015-01-20,sh.600070,8.1200,8.5800,8.0900,8.5200,8.0900,8653547,72425114.0000,3,3.154571,1,5.315200,0
2015-01-21,sh.600070,8.4500,8.7500,8.4300,8.7200,8.5200,9581536,82496744.0000,3,3.492861,1,2.347400,0
2015-01-22,sh.600070,8.6500,8.9100,8.6400,8.8300,8.7200,9448394,83263291.0000,3,3.444325,1,1.261500,0
2015-01-23,sh.600070,8.8500,8.8500,8.6200,8.6900,8.8300,6001765,52296026.0000,3,2.187888,1,-1.585500,0
2015-01-26,sh.600070,8.6500,9.0200,8.6100,9.0100,8.6900,8340378,74224684.0000,3,3.040408,1,3.682400,0
2015-01-27,sh.600070,9.0000,9.3000,8.9700,9.1500,9.0100,10923647,99583011.0000,3,3.982115,1,1.553800,0
2015-01-28,sh.600070,9.1500,9.1500,9.0000,9.0600,9.1500,5256706,47600180.0000,3,1.916284,1,-0.983600,0
2015-01-29,sh.600070,8.9300,9.1200,8.9000,8.9400,9.0600,4596852,41390178.0000,3,1.675740,1,-1.324500,0
2015-01-30,sh.600070,8.9400,9.0000,8.7200,8.7300,8.9400,4765955,42056100.0000,3,1.737385,1,-2.349000,0
2015-02-02,sh.600070,8.4300,8.7000,8.3300,8.5500,8.7300,6033997,51305263.0000,3,2.199638,1,-2.061800,0
2015-02-03,sh.600070,8.5600,8.7100,8.4900,8.6800,8.5500,4193868,36069086.0000,3,1.528836,1,1.520500,0
2015-02-04,sh.600070,8.6800,8.8800,8.6200,8.8300,8.6800,3860318,33675951.0000,3,1.407243,1,1.728100,0
2015-02-05,sh.600070,8.8600,9.0000,8.7500,8.8600,8.8300,4862748,43149690.0000,3,1.772670,1,0.339700,0
2015-02-06,sh.600070,8.8000,8.8900,8.5900,8.6300,8.8600,3530793,30828223.0000,3,1.287118,1,-2.595900,0
2015-02-09,sh.600070,8.6000,8.7200,8.3500,8.6100,8.6300,4547355,38680148.0000,3,1.657696,1,-0.231800,0
2015-02-10,sh.600070,8.5900,8.7700,8.5100,8.7300,8.6100,3446945,29793617.0000,3,1.256552,1,1.393700,0
2015-02-11,sh.600070,8.7300,9.1100,8.7300,9.0000,8.7300,8760948,78570345.0000,3,3.193723,1,3.092800,0
2015-02-12,sh.600070,9.0200,9.2500,8.9100,9.0400,9.0000,10386863,94168845.0000,3,3.786435,1,0.444400,0
2015-02-13,sh.600070,9.0500,9.2000,9.0200,9.0800,9.0400,8125943,73985737.0000,3,2.962238,1,0.442500,0
2015-02-16,sh.600070,9.0800,9.2700,9.0600,9.2300,9.0800,8465127,77909050.0000,3,3.085884,1,1.652000,0
2015-02-17,sh.600070,9.2500,9.2800,9.1400,9.1900,9.2300,4399505,40444248.0000,3,1.603799,1,-0.433400,0
2015-02-25,sh.600070,9.2200,9.3600,9.1400,9.2500,9.1900,6987208,64583564.0000,3,2.547122,1,0.652900,0
2015-02-26,sh.600070,9.2200,9.3000,9.1200,9.2600,9.2500,6083244,56017063.0000,3,2.217591,1,0.108100,0
2015-02-27,sh.600070,9.2700,10.1800,9.2600,10.1100,9.2600,18960562,183204481.0000,3,6.911898,1,9.179300,0
2015-03-02,sh.600070,9.9200,10.6500,9.8200,10.3300,10.1100,22248083,225791458.0000,3,8.110334,1,2.176100,0
2015-03-03,sh.600070,10.2300,10.4700,10.0100,10.1400,10.3300,13889502,142363487.0000,3,5.063290,1,-1.839300,0
2015-03-04,sh.600070,10.1400,10.4500,10.0600,10.3700,10.1400,10939763,112319160.0000,3,3.987990,1,2.268200,0
2015-03-05,sh.600070,10.3000,10.4500,10.2500,10.3600,10.3700,10630810,110083135.0000,3,3.875364,1,-0.096400,0
2015-03-06,sh.600070,10.3700,10.5400,10.0000,10.0400,10.3600,10672919,108979888.0000,3,3.890714,1,-3.088800,0
2015-03-09,sh.600070,9.9000,10.1800,9.8600,10.1600,10.0400,10722925,108086728.0000,3,3.908943,1,1.195200,0
2015-03-10,sh.600070,10.1500,10.4700,10.0600,10.3800,10.1600,8558694,88223032.0000,3,3.119993,1,2.165400,0
2015-03-11,sh.600070,10.3800,10.6600,10.2300,10.6000,10.3800,13058182,136906964.0000,3,4.760240,1,2.119500,0
2015-03-12,sh.600070,10.6000,10.8200,10.2500,10.4200,10.6000,12150832,127828866.0000,3,4.429474,1,-1.698100,0
2015-03-13,sh.600070,10.4000,10.4500,10.1700,10.2700,10.4200,7825759,80242895.0000,3,2.852808,1,-1.439500,0
2015-03-16,sh.600070,10.3000,10.6200,10.2900,10.5600,10.2700,12582401,132087059.0000,3,4.586798,1,2.823800,0
2015-03-17,sh.600070,10.5700,10.9800,10.5200,10.8300,10.5600,21278843,227832921.0000,3,7.757006,1,2.556800,0
2015-03-18,sh.600070,10.8200,10.9000,10.6500,10.8700,10.8300,17102190,184539276.0000,3,6.234446,1,0.369300,0
2015-03-19,sh.600070,10.8300,11.2600,10.6600,11.1600,10.8700,19897395,217842761.0000,3,7.253412,1,2.667900,0
2015-03-20,sh.600070,11.1200,11.3000,10.9400,11.2200,11.1600,14624944,162423043.0000,3,5.331388,1,0.537600,0
2015-03-23,sh.600070,11.2800,11.4800,11.1500,11.3300,11.2200,15249732,172868483.0000,3,5.559149,1,0.980400,0
2015-03-24,sh.600070,11.3300,11.4000,10.8500,11.2800,11.3300,17716105,197668991.0000,3,6.458243,1,-0.441300,0
2015-03-25,sh.600070,11.2000,12.1800,11.0000,11.7900,11.2800,20827053,239377988.0000,3,7.592310,1,4.521300,0
2015-03-26,sh.600070,11.7300,12.4800,11.6400,12.2600,11.7900,22918174,277229216.0000,3,8.354609,1,3.986400,0
2015-03-27,sh.600070,12.3800,12.4600,12.1500,12.2900,12.2600,11142622,137073605.0000,3,4.061940,1,0.244700,0
2015-03-30,sh.600070,12.3700,13.3900,12.3000,13.0500,12.2900,18098060,235223331.0000,3,6.597481,1,6.183900,0
2015-03-31,sh.600070,13.2900,13.2900,12.3800,12.5400,13.0500,20458484,259671230.0000,3,7.457952,1,-3.908000,0
2015-04-01,sh.600070,12.5400,12.7300,12.4000,12.6300,12.5400,14123364,177111144.0000,3,5.148542,1,0.717700,0
2015-04-02,sh.600070,12.6300,12.6500,12.2200,12.4900,12.6300,15714289,194768642.0000,3,5.728499,1,-1.108500,0
2015-04-03,sh.600070,12.4900,12.8700,12.2600,12.8400,12.4900,13025086,164224543.0000,3,4.748175,1,2.802200,0
2015-04-07,sh.600070,12.8400,13.6700,12.7800,13.4200,12.8400,17385409,230967601.0000,3,6.337691,1,4.517100,0
2015-04-08,sh.600070,13.4200,14.0100,13.1500,13.8900,13.4200,21394636,293000432.0000,3,7.799217,1,3.502200,0
2015-04-09,sh.600070,13.9800,14.3700,13.2300,14.3500,13.8900,21766167,301529728.0000,3,7.934655,1,3.311700,0
2015-04-10,sh.600070,14.1000,15.3200,14.1000,14.8700,14.3500,18747752,279192848.0000,3,6.834320,1,3.623700,0
2015-04-13,sh.600070,14.9000,15.4900,14.7500,15.1000,14.8700,14426103,218218487.0000,3,5.258903,1,1.546700,0
2015-04-14,sh.600070,15.1400,15.2800,14.8000,14.9600,15.1000,9286269,139100491.0000,3,3.385224,1,-0.927200,0
2015-04-15,sh.600070,14.7200,15.0700,13.9000,14.3200,14.9600,10418762,151838095.0000,3,3.798064,1,-4.278100,0
2015-04-16,sh.600070,14.1200,14.6800,13.8000,14.3900,14.3200,8098494,115960076.0000,3,2.952231,1,0.488800,0
2015-04-17,sh.600070,14.4900,15.4000,14.4900,15.0700,14.3900,12360628,185540146.0000,3,4.505953,1,4.725500,0
2015-04-20,sh.600070,15.0700,15.3100,14.0800,14.2200,15.0700,16576785,244493552.0000,3,6.042914,1,-5.640300,0
2015-04-21,sh.600070,14.2000,14.9000,13.8900,14.7500,14.2200,10088141,145169050.0000,3,3.677539,1,3.727100,0
2015-04-22,sh.600070,14.8700,15.3500,14.8500,15.1800,14.7500,11803823,177997064.0000,3,4.302975,1,2.915300,0
2015-04-23,sh.600070,15.4000,16.7000,15.1600,16.7000,15.1800,20282189,327262752.0000,3,7.393685,1,10.013200,0
2015-04-24,sh.600070,16.4000,18.2000,16.1500,17.7200,16.7000,17752446,303428144.0000,3,6.471491,1,6.107800,0
2015-04-27,sh.600070,17.7000,17.7000,17.0000,17.2000,17.7200,19233064,331480736.0000,3,7.011236,1,-2.934500,0
2015-04-28,sh.600070,17.0000,17.1800,15.8000,16.5800,17.2000,16231907,266847524.0000,3,5.917192,1,-3.604700,0
2015-04-29,sh.600070,16.5000,17.3900,16.2100,17.3400,16.5800,12127972,205671401.0000,3,4.421140,1,4.583800,0
2015-04-30,sh.600070,17.3500,18.1500,17.2000,17.2500,17.3400,11219035,198901742.0000,3,4.089796,1,-0.519000,0
2015-05-04,sh.600070,17.0200,17.4800,16.6000,16.6600,17.2500,9194383,155277282.0000,3,3.351728,1,-3.420300,0
2015-05-05,sh.600070,16.7100,16.8800,16.0000,16.1900,16.6600,9769028,159054620.0000,3,3.561209,1,-2.821100,0
2015-05-06,sh.600070,16.2500,16.6500,15.6700,15.8700,16.1900,8596080,138915885.0000,3,3.133622,1,-1.976500,0
2015-05-07,sh.600070,15.9200,15.9700,14.8800,15.6700,15.8700,11069058,169534768.0000,3,4.035123,1,-1.260200,0
2015-05-08,sh.600070,15.4200,16.4200,15.4200,16.3100,15.6700,8391303,134217916.0000,3,3.058972,1,4.084200,0
2015-05-11,sh.600070,16.5500,16.9800,16.1300,16.7800,16.3100,11311003,186849224.0000,3,4.123322,1,2.881700,0
2015-05-12,sh.600070,16.7800,17.0400,16.2000,16.9200,16.7800,15764495,261914692.0000,3,5.746801,1,0.834300,0
2015-05-13,sh.600070,16.7800,17.5400,16.4000,17.2600,16.9200,16353147,280179824.0000,3,5.961389,1,2.009500,0
2015-05-14,sh.600070,17.2500,17.8700,17.1000,17.3400,17.2600,11720192,204102980.0000,3,4.272488,1,0.463500,0
2015-05-15,sh.600070,17.4000,17.4000,16.5700,16.7100,17.3400,11042571,185764915.0000,3,4.025467,1,-3.633200,0
2015-05-18,sh.600070,16.8900,17.5800,16.8000,17.1500,16.7100,12557431,216019615.0000,3,4.577696,1,2.633200,0
2015-05-19,sh.600070,17.1500,17.8500,17.0400,17.8200,17.1500,12218448,214653243.0000,3,4.454123,1,3.906700,0
2015-05-20,sh.600070,17.8500,19.6000,17.8400,19.6000,17.8200,16115008,301165712.0000,3,5.874578,1,9.988800,0
2015-05-21,sh.600070,19.4000,20.3000,19.2100,19.7200,19.6000,16115668,318995584.0000,3,5.874818,1,0.612200,0
2015-05-22,sh.600070,19.9600,20.5900,19.7700,20.1600,19.7200,13610597,274574160.0000,3,4.961618,1,2.231200,0
2015-05-25,sh.600070,19.8800,20.4900,19.7000,20.4200,20.1600,14213608,286148640.0000,3,5.181440,1,1.289700,0
2015-05-26,sh.600070,20.5800,21.8500,20.0300,21.4700,20.4200,15455022,323502528.0000,3,5.633986,1,5.142000,0
2015-05-27,sh.600070,21.7000,23.6200,20.3500,23.6200,21.4700,27577531,621286848.0000,3,10.053135,1,10.014000,0
2015-05-28,sh.600070,23.3000,25.9800,22.0000,25.0500,23.6200,35094022,851978832.0000,3,12.793202,1,6.054200,0
2015-05-29,sh.600070,22.5500,24.2000,22.5500,22.5500,25.0500,35956512,832932192.0000,3,13.107615,1,-9.980000,0
2015-06-01,sh.600070,21.9000,23.2900,20.7000,22.5700,22.5500,33472947,728644720.0000,3,12.202254,1,0.088700,0
2015-06-02,sh.600070,22.8900,24.8300,22.6700,24.8300,22.5700,22022259,524149632.0000,3,8.028011,1,10.013300,0
2015-06-03,sh.600070,26.0000,26.0000,23.9800,24.5700,24.8300,29453043,732631600.0000,3,10.736835,1,-1.047100,0
2015-06-04,sh.600070,23.9000,23.9100,22.1100,23.1100,24.5700,20193158,465995968.0000,3,7.361230,1,-5.942200,0
2015-06-05,sh.600070,23.4000,24.0500,22.2100,23.2800,23.1100,19627351,457471728.0000,3,7.154970,1,0.735600,0
2015-06-08,sh.600070,23.2800,23.3000,21.4100,22.0200,23.2800,15658473,349484240.0000,3,5.708152,1,-5.412400,0
2015-06-09,sh.600070,22.0000,22.5500,21.5700,22.1900,22.0200,10313208,228411201.0000,3,3.759585,1,0.772000,0
2015-06-10,sh.600070,22.2200,23.1900,21.9900,22.7300,22.1900,11339302,257796892.0000,3,4.133638,1,2.433500,0
2015-06-11,sh.600070,22.6000,25.0000,22.1100,24.6600,22.7300,21160895,499725104.0000,3,7.714009,1,8.491000,0
2015-06-12,sh.600070,24.4900,26.4300,24.2500,25.1100,24.6600,24207062,612746480.0000,3,8.824461,1,1.824800,0
2015-06-15,sh.600070,25.4000,27.5500,25.3300,27.0100,25.1100,23934895,630384256.0000,3,8.725245,1,7.566700,0
2015-06-16,sh.600070,26.4500,26.5200,24.3100,25.7600,27.0100,18516383,475733920.0000,3,6.749977,1,-4.627900,0
2015-06-17,sh.600070,25.2500,27.2500,23.7600,27.2000,25.7600,22003830,570641728.0000,3,8.021293,1,5.590100,0
2015-06-18,sh.600070,27.8800,27.9700,25.8000,26.1100,27.2000,12992694,349936128.0000,3,4.736367,1,-4.007400,0
2015-06-19,sh.600070,19.9800,19.9800,18.0500,18.0500,20.0500,10453918,192889542.0000,3,2.931446,1,-9.975100,0
2015-06-23,sh.600070,17.0200,17.8000,16.2500,16.5100,18.0500,15225189,253754040.0000,3,4.269386,1,-8.531900,0
2015-06-24,sh.600070,16.8000,17.1000,15.5000,16.2800,16.5100,17872975,290686896.0000,3,5.011868,1,-1.393100,0
2015-06-25,sh.600070,16.3700,16.9400,15.6900,16.0400,16.2800,15871521,260939999.0000,3,4.450628,1,-1.474200,0
2015-06-26,sh.600070,15.6100,15.6500,14.4400,14.4400,16.0400,10019672,146822307.0000,3,2.809676,1,-9.975100,0
2015-06-29,sh.600070,14.9000,14.9000,13.0000,13.0000,14.4400,15922566,211278634.0000,3,4.464942,1,-9.972300,0
2015-06-30,sh.600070,11.8000,14.3000,11.7000,14.2700,13.0000,39992163,501738160.0000,3,11.214442,1,9.769200,0
2015-07-01,sh.600070,14.5200,15.7000,14.4200,14.8300,14.2700,37644064,572308944.0000,3,10.555997,1,3.924300,0
2015-07-02,sh.600070,14.8300,15.5000,14.0000,14.5900,14.8300,32071976,477303232.0000,3,8.993495,1,-1.618300,0
2015-07-03,sh.600070,13.8600,15.3000,13.1300,13.1600,14.5900,24741970,341014960.0000,3,6.938044,1,-9.801200,0
2015-07-06,sh.600070,14.4800,14.4800,11.8400,11.8400,13.1600,27317841,351052624.0000,3,7.660359,1,-10.030400,0
2015-07-07,sh.600070,10.8200,11.5000,10.6600,10.6600,11.8400,11062156,119024849.0000,3,3.102005,1,-9.966200,0
2015-07-08,sh.600070,10.6600,10.6600,10.6600,10.6600,10.6600,0,0.0000,3,,0,0.000000,0
2015-07-09,sh.600070,9.5900,11.7300,9.5900,11.7300,10.6600,32585076,356886464.0000,3,9.137376,1,10.037500,0
2015-07-10,sh.600070,12.0200,12.9000,11.9900,12.9000,11.7300,28707382,366118592.0000,3,8.050009,1,9.974400,0
2015-07-13,sh.600070,13.4000,14.1900,12.7000,14.1900,12.9000,54443466,735316208.0000,3,15.266818,1,10.000000,0
2015-07-14,sh.600070,13.7500,14.8900,13.0200,13.2600,14.1900,47576713,661405968.0000,3,13.341271,1,-6.553900,0
2015-07-15,sh.600070,12.6100,12.6100,11.9300,11.9300,13.2600,22169735,268229422.0000,3,6.216748,1,-10.030200,0
2015-07-16,sh.600070,10.7500,12.1000,10.7400,11.2600,11.9300,30819672,348046000.0000,3,8.642329,1,-5.616100,0
2015-07-17,sh.600070,11.2100,12.1200,11.2000,11.8500,11.2600,22888410,268121302.0000,3,6.418276,1,5.239800,0
2015-07-20,sh.600070,11.8500,12.8000,11.6600,12.5600,11.8500,26509423,322956704.0000,3,7.433666,1,5.991600,0
2015-07-21,sh.600070,12.3500,13.2100,12.0300,12.7900,12.5600,25056905,316623152.0000,3,7.026357,1,1.831200,0
2015-07-22,sh.600070,12.8000,13.1000,12.3900,12.8600,12.7900,24997043,320058016.0000,3,7.009570,1,0.547300,0
2015-07-23,sh.600070,12.8800,13.7800,12.7700,13.4100,12.8600,27383365,361334416.0000,3,7.678733,1,4.276800,0
2015-07-24,sh.600070,13.4900,13.5600,12.5700,12.7800,13.4100,22632800,299148576.0000,3,6.346599,1,-4.698000,0
2015-07-27,sh.600070,12.3000,12.7200,11.5000,11.5000,12.7800,17730675,214900659.0000,3,4.971965,1,-10.015600,0
2015-07-28,sh.600070,10.4000,11.3000,10.3500,10.3500,11.5000,25724107,270705504.0000,3,7.213451,1,-10.000000,0
2015-07-29,sh.600070,10.6600,10.9800,9.7500,10.9500,10.3500,17366930,180602824.0000,3,4.869965,1,5.797100,0
2015-07-30,sh.600070,10.8000,11.2700,10.4800,10.6200,10.9500,15976279,174483181.0000,3,4.480004,1,-3.013700,0
2015-07-31,sh.600070,10.3000,10.9400,9.9900,10.5500,10.6200,13338979,139220539.0000,3,3.740463,1,-0.659100,0
2015-08-03,sh.600070,10.1000,10.5500,9.9000,9.9200,10.5500,15555765,158256902.0000,3,4.362085,1,-5.971600,0
2015-08-04,sh.600070,9.9000,10.9000,9.9000,10.8400,9.9200,15624022,161761599.0000,3,4.381226,1,9.274200,0
2015-08-05,sh.600070,10.7000,10.8900,10.3600,10.5200,10.8400,12209057,129802800.0000,3,3.423615,1,-2.952000,0
2015-08-06,sh.600070,10.3000,10.8000,10.1700,10.5600,10.5200,9496307,100366047.0000,3,2.662916,1,0.380200,0
2015-08-07,sh.600070,10.6700,11.1200,10.6300,10.9800,10.5600,14418982,157343085.0000,3,4.043313,1,3.977300,0
2015-08-10,sh.600070,11.1200,11.7900,11.0100,11.6400,10.9800,17943737,205569691.0000,3,5.031711,1,6.010900,0
2015-08-11,sh.600070,11.6800,12.4500,11.4700,12.1500,11.6400,24749679,294876240.0000,3,6.940206,1,4.381400,0
2015-08-12,sh.600070,11.9800,12.5400,11.8100,11.8500,12.1500,19619308,239355878.0000,3,5.501568,1,-2.469100,0
2015-08-13,sh.600070,11.8600,12.0900,11.4100,12.0700,11.8500,15177986,179642997.0000,3,4.256150,1,1.856500,0
2015-08-14,sh.600070,12.1300,12.6100,12.0900,12.2200,12.0700,21120244,260162469.0000,3,5.922454,1,1.242800,0
2015-08-17,sh.600070,12.2900,13.2700,12.0000,13.1000,12.2200,21414801,268054695.0000,3,6.005053,1,7.201300,0
2015-08-18,sh.600070,13.1500,13.1500,11.7900,11.7900,13.1000,16343653,203516461.0000,3,4.583022,1,-10.000000,0
2015-08-19,sh.600070,11.1000,12.0600,10.6100,11.6200,11.7900,18262446,204522735.0000,3,5.121082,1,-1.441900,0
2015-08-20,sh.600070,11.0000,11.5700,10.7600,10.8400,11.6200,13086180,146217092.0000,3,3.669574,1,-6.712600,0
2015-08-21,sh.600070,10.3000,10.8800,10.2000,10.6700,10.8400,12473237,131674477.0000,3,3.497695,1,-1.568300,0
2015-08-24,sh.600070,9.9900,10.1900,9.6000,9.6000,10.6700,11737857,114691981.0000,3,3.291483,1,-10.028100,0
2015-08-25,sh.600070,8.8000,9.5000,8.6400,8.6400,9.6000,13461376,119546292.0000,3,3.774785,1,-10.000000,0
2015-08-26,sh.600070,8.8000,9.2500,8.2100,8.4000,8.6400,15077500,132483496.0000,3,4.227972,1,-2.777800,0
2015-08-27,sh.600070,8.7800,9.0200,8.2100,8.9700,8.4000,11458169,100160202.0000,3,3.213054,1,6.785700,0
2015-08-28,sh.600070,9.0900,9.5800,9.0500,9.5500,8.9700,16170403,150109598.0000,3,4.534439,1,6.466000,0
2015-08-31,sh.600070,9.4400,9.4400,8.8100,8.8500,9.5500,11269034,102092474.0000,3,3.160017,1,-7.329800,0
2015-09-01,sh.600070,8.8800,9.2400,8.2800,8.3400,8.8500,12401029,109662496.0000,3,3.477447,1,-5.762700,0
2015-09-02,sh.600070,7.8300,8.7300,7.6800,8.1700,8.3400,13136020,107780410.0000,3,3.683550,1,-2.038400,0
2015-09-07,sh.600070,8.3300,8.6200,8.0100,8.1500,8.1700,11282577,94004378.0000,3,3.163815,1,-0.244800,0
2015-09-08,sh.600070,8.1000,8.6700,7.8800,8.5300,8.1500,8851835,73473406.0000,3,2.482196,1,4.662600,0
2015-09-09,sh.600070,8.5800,9.0100,8.4800,8.8300,8.5300,12172038,107329638.0000,3,3.413234,1,3.517000,0
2015-09-10,sh.600070,8.8000,9.2500,8.6200,8.8800,8.8300,12986619,116371669.0000,3,3.641656,1,0.566300,0
2015-09-11,sh.600070,8.7200,8.9300,8.5500,8.7000,8.8800,9453968,82378255.0000,3,2.651044,1,-2.027000,0
2015-09-14,sh.600070,8.7400,8.8200,7.8300,7.8300,8.7000,10031124,82325016.0000,3,2.812888,1,-10.000000,0
2015-09-15,sh.600070,7.4800,7.5500,7.0500,7.0500,7.8300,11530519,83382596.0000,3,3.233342,1,-9.961700,0
2015-09-16,sh.600070,7.0600,7.7500,7.0000,7.6400,7.0500,10598718,77796926.0000,3,2.972050,1,8.368800,0
2015-09-17,sh.600070,7.6400,8.2000,7.4600,7.5400,7.6400,13312634,104570298.0000,3,3.733075,1,-1.308900,0
2015-09-18,sh.600070,7.5500,7.6700,7.1600,7.3300,7.5400,11149966,82159215.0000,3,3.126629,1,-2.785100,0
2015-09-21,sh.600070,7.2700,7.9000,7.1200,7.7600,7.3300,12770547,96425926.0000,3,3.581066,1,5.866300,0
2015-09-22,sh.600070,7.7900,8.1500,7.7600,7.9000,7.7600,13535537,107227991.0000,3,3.795581,1,1.804100,0
2015-09-23,sh.600070,7.7000,7.8800,7.6200,7.6800,7.9000,6892347,53324905.0000,3,1.932724,1,-2.784800,0
2015-09-24,sh.600070,7.7500,8.1000,7.7500,8.0500,7.6800,10088231,80059055.0000,3,2.828901,1,4.817700,0
2015-09-25,sh.600070,7.9500,8.4600,7.9200,8.1900,8.0500,17676055,145331463.0000,3,4.956648,1,1.739100,0
2015-09-28,sh.600070,8.1200,9.0100,8.1100,9.0100,8.1900,26719134,230974392.0000,3,7.492472,1,10.012200,0
2015-09-29,sh.600070,8.8500,9.3500,8.5000,8.6400,9.0100,22908092,204783280.0000,3,6.423795,1,-4.106500,0
2015-09-30,sh.600070,8.6800,9.5000,8.6800,9.5000,8.6400,27601140,256100712.0000,3,7.739801,1,9.953700,0
2015-10-08,sh.600070,9.5000,9.5000,9.5000,9.5000,9.5000,0,0.0000,3,,0,0.000000,0
2015-10-09,sh.600070,9.5000,9.5000,9.5000,9.5000,9.5000,0,0.0000,3,,0,0.000000,0
2015-10-12,sh.600070,9.5000,9.5000,9.5000,9.5000,9.5000,0,0.0000,3,,0,0.000000,0
2015-10-13,sh.600070,9.5000,9.5000,9.5000,9.5000,9.5000,0,0.0000,3,,0,0.000000,0
2015-10-14,sh.600070,9.5000,9.5000,9.5000,9.5000,9.5000,0,0.0000,3,,0,0.000000,0
2015-10-15,sh.600070,9.5000,9.5000,9.5000,9.5000,9.5000,0,0.0000,3,,0,0.000000,0
2015-10-16,sh.600070,9.5000,9.5000,9.5000,9.5000,9.5000,0,0.0000,3,,0,0.000000,0
2015-10-19,sh.600070,9.5000,9.5000,9.5000,9.5000,9.5000,0,0.0000,3,,0,0.000000,0
2015-10-20,sh.600070,9.5000,9.5000,9.5000,9.5000,9.5000,0,0.0000,3,,0,0.000000,0
2015-10-21,sh.600070,9.5000,9.5000,9.5000,9.5000,9.5000,0,0.0000,3,,0,0.000000,0
2015-10-22,sh.600070,9.5000,9.5000,9.5000,9.5000,9.5000,0,0.0000,3,,0,0.000000,0
2015-10-23,sh.600070,9.5000,9.5000,9.5000,9.5000,9.5000,0,0.0000,3,,0,0.000000,0
2015-10-26,sh.600070,9.5000,9.5000,9.5000,9.5000,9.5000,0,0.0000,3,,0,0.000000,0
2015-10-27,sh.600070,9.5000,9.5000,9.5000,9.5000,9.5000,0,0.0000,3,,0,0.000000,0
2015-10-28,sh.600070,9.5000,9.5000,9.5000,9.5000,9.5000,0,0.0000,3,,0,0.000000,0
2015-10-29,sh.600070,9.5000,9.5000,9.5000,9.5000,9.5000,0,0.0000,3,,0,0.000000,0
2015-10-30,sh.600070,9.5000,9.5000,9.5000,9.5000,9.5000,0,0.0000,3,,0,0.000000,0
2015-11-02,sh.600070,9.5000,9.5000,9.5000,9.5000,9.5000,0,0.0000,3,,0,0.000000,0
2015-11-03,sh.600070,9.5000,9.5000,9.5000,9.5000,9.5000,0,0.0000,3,,0,0.000000,0
2015-11-04,sh.600070,9.5000,9.5000,9.5000,9.5000,9.5000,0,0.0000,3,,0,0.000000,0
2015-11-05,sh.600070,9.5000,9.5000,9.5000,9.5000,9.5000,0,0.0000,3,,0,0.000000,0
2015-11-06,sh.600070,9.5000,9.5000,9.5000,9.5000,9.5000,0,0.0000,3,,0,0.000000,0
2015-11-09,sh.600070,9.5000,9.5000,9.5000,9.5000,9.5000,0,0.0000,3,,0,0.000000,0
2015-11-10,sh.600070,9.5000,9.5000,9.5000,9.5000,9.5000,0,0.0000,3,,0,0.000000,0
2015-11-11,sh.600070,9.5000,9.5000,9.5000,9.5000,9.5000,0,0.0000,3,,0,0.000000,0
2015-11-12,sh.600070,9.5000,9.5000,9.5000,9.5000,9.5000,0,0.0000,3,,0,0.000000,0
2015-11-13,sh.600070,9.5000,9.5000,9.5000,9.5000,9.5000,0,0.0000,3,,0,0.000000,0
2015-11-16,sh.600070,9.5000,9.5000,9.5000,9.5000,9.5000,0,0.0000,3,,0,0.000000,0
2015-11-17,sh.600070,9.5000,9.5000,9.5000,9.5000,9.5000,0,0.0000,3,,0,0.000000,0
2015-11-18,sh.600070,9.5000,9.5000,9.5000,9.5000,9.5000,0,0.0000,3,,0,0.000000,0
2015-11-19,sh.600070,9.5000,9.5000,9.5000,9.5000,9.5000,0,0.0000,3,,0,0.000000,0
2015-11-20,sh.600070,9.5000,9.5000,9.5000,9.5000,9.5000,0,0.0000,3,,0,0.000000,0
2015-11-23,sh.600070,9.5000,9.5000,9.5000,9.5000,9.5000,0,0.0000,3,,0,0.000000,0
2015-11-24,sh.600070,9.5000,9.5000,9.5000,9.5000,9.5000,0,0.0000,3,,0,0.000000,0
2015-11-25,sh.600070,9.5000,9.5000,9.5000,9.5000,9.5000,0,0.0000,3,,0,0.000000,0
2015-11-26,sh.600070,9.5000,9.5000,9.5000,9.5000,9.5000,0,0.0000,3,,0,0.000000,0
2015-11-27,sh.600070,9.5000,9.5000,9.5000,9.5000,9.5000,0,0.0000,3,,0,0.000000,0
2015-11-30,sh.600070,9.5000,9.5000,9.5000,9.5000,9.5000,0,0.0000,3,,0,0.000000,0
2015-12-01,sh.600070,9.5000,9.5000,9.5000,9.5000,9.5000,0,0.0000,3,,0,0.000000,0
2015-12-02,sh.600070,9.5000,9.5000,9.5000,9.5000,9.5000,0,0.0000,3,,0,0.000000,0
2015-12-03,sh.600070,9.5000,9.5000,9.5000,9.5000,9.5000,0,0.0000,3,,0,0.000000,0
2015-12-04,sh.600070,9.5000,9.5000,9.5000,9.5000,9.5000,0,0.0000,3,,0,0.000000,0
2015-12-07,sh.600070,9.5000,9.5000,9.5000,9.5000,9.5000,0,0.0000,3,,0,0.000000,0
2015-12-08,sh.600070,9.5000,9.5000,9.5000,9.5000,9.5000,0,0.0000,3,,0,0.000000,0
2015-12-09,sh.600070,9.5000,9.5000,9.5000,9.5000,9.5000,0,0.0000,3,,0,0.000000,0
2015-12-10,sh.600070,9.5000,9.5000,9.5000,9.5000,9.5000,0,0.0000,3,,0,0.000000,0
2015-12-11,sh.600070,9.5000,9.5000,9.5000,9.5000,9.5000,0,0.0000,3,,0,0.000000,0
2015-12-14,sh.600070,9.5000,9.5000,9.5000,9.5000,9.5000,0,0.0000,3,,0,0.000000,0
2015-12-15,sh.600070,9.5000,9.5000,9.5000,9.5000,9.5000,0,0.0000,3,,0,0.000000,0
2015-12-16,sh.600070,9.5000,9.5000,9.5000,9.5000,9.5000,0,0.0000,3,,0,0.000000,0
2015-12-17,sh.600070,9.5000,9.5000,9.5000,9.5000,9.5000,0,0.0000,3,,0,0.000000,0
2015-12-18,sh.600070,9.5000,9.5000,9.5000,9.5000,9.5000,0,0.0000,3,,0,0.000000,0
2015-12-21,sh.600070,9.5000,9.5000,9.5000,9.5000,9.5000,0,0.0000,3,,0,0.000000,0
2015-12-22,sh.600070,9.5000,9.5000,9.5000,9.5000,9.5000,0,0.0000,3,,0,0.000000,0
2015-12-23,sh.600070,9.5000,9.5000,9.5000,9.5000,9.5000,0,0.0000,3,,0,0.000000,0
2015-12-24,sh.600070,9.5000,9.5000,9.5000,9.5000,9.5000,0,0.0000,3,,0,0.000000,0
2015-12-25,sh.600070,9.5000,9.5000,9.5000,9.5000,9.5000,0,0.0000,3,,0,0.000000,0
2015-12-28,sh.600070,9.5000,9.5000,9.5000,9.5000,9.5000,0,0.0000,3,,0,0.000000,0
2015-12-29,sh.600070,9.5000,9.5000,9.5000,9.5000,9.5000,0,0.0000,3,,0,0.000000,0
2015-12-30,sh.600070,9.5000,9.5000,9.5000,9.5000,9.5000,0,0.0000,3,,0,0.000000,0
2015-12-31,sh.600070,9.5000,9.5000,9.5000,9.5000,9.5000,0,0.0000,3,,0,0.000000,0
2016-01-04,sh.600070,9.5000,9.5000,9.5000,9.5000,9.5000,0,0.0000,3,,0,0.000000,0
2016-01-05,sh.600070,9.5000,9.5000,9.5000,9.5000,9.5000,0,0.0000,3,,0,0.000000,0
2016-01-06,sh.600070,9.5000,9.5000,9.5000,9.5000,9.5000,0,0.0000,3,,0,0.000000,0
2016-01-07,sh.600070,9.5000,9.5000,9.5000,9.5000,9.5000,0,0.0000,3,,0,0.000000,0
2016-01-08,sh.600070,9.5000,9.5000,9.5000,9.5000,9.5000,0,0.0000,3,,0,0.000000,0
2016-01-11,sh.600070,9.5000,9.5000,9.5000,9.5000,9.5000,0,0.0000,3,,0,0.000000,0
2016-01-12,sh.600070,9.5000,9.5000,9.5000,9.5000,9.5000,0,0.0000,3,,0,0.000000,0
2016-01-13,sh.600070,9.5000,9.5000,9.5000,9.5000,9.5000,0,0.0000,3,,0,0.000000,0
2016-01-14,sh.600070,9.5000,9.5000,9.5000,9.5000,9.5000,0,0.0000,3,,0,0.000000,0
2016-01-15,sh.600070,9.5000,9.5000,9.5000,9.5000,9.5000,0,0.0000,3,,0,0.000000,0
2016-01-18,sh.600070,9.5000,9.5000,9.5000,9.5000,9.5000,0,0.0000,3,,0,0.000000,0
2016-01-19,sh.600070,9.5000,9.5000,9.5000,9.5000,9.5000,0,0.0000,3,,0,0.000000,0
2016-01-20,sh.600070,9.5000,9.5000,9.5000,9.5000,9.5000,0,0.0000,3,,0,0.000000,0
2016-01-21,sh.600070,9.5000,9.5000,9.5000,9.5000,9.5000,0,0.0000,3,,0,0.000000,0
2016-01-22,sh.600070,9.5000,9.5000,9.5000,9.5000,9.5000,0,0.0000,3,,0,0.000000,0
2016-01-25,sh.600070,9.5000,9.5000,9.5000,9.5000,9.5000,0,0.0000,3,,0,0.000000,0
2016-01-26,sh.600070,9.5000,9.5000,9.5000,9.5000,9.5000,0,0.0000,3,,0,0.000000,0
2016-01-27,sh.600070,9.5000,9.5000,9.5000,9.5000,9.5000,0,0.0000,3,,0,0.000000,0
2016-01-28,sh.600070,9.5000,9.5000,9.5000,9.5000,9.5000,0,0.0000,3,,0,0.000000,0
2016-01-29,sh.600070,9.5000,9.5000,9.5000,9.5000,9.5000,0,0.0000,3,,0,0.000000,0
2016-02-01,sh.600070,9.5000,9.5000,9.5000,9.5000,9.5000,0,0.0000,3,,0,0.000000,0
2016-02-02,sh.600070,9.5000,9.5000,9.5000,9.5000,9.5000,0,0.0000,3,,0,0.000000,0
2016-02-03,sh.600070,9.5000,9.5000,9.5000,9.5000,9.5000,0,0.0000,3,,0,0.000000,0
2016-02-04,sh.600070,9.5000,9.5000,9.5000,9.5000,9.5000,0,0.0000,3,,0,0.000000,0
2016-02-05,sh.600070,9.5000,9.5000,9.5000,9.5000,9.5000,0,0.0000,3,,0,0.000000,0
2016-02-15,sh.600070,9.5000,9.5000,9.5000,9.5000,9.5000,0,0.0000,3,,0,0.000000,0
2016-02-16,sh.600070,9.5000,9.5000,9.5000,9.5000,9.5000,0,0.0000,3,,0,0.000000,0
2016-02-17,sh.600070,9.5000,9.5000,9.5000,9.5000,9.5000,0,0.0000,3,,0,0.000000,0
2016-02-18,sh.600070,10.4500,10.4500,10.4500,10.4500,9.5000,178357,1863831.0000,3,0.050014,1,10.000000,0
2016-02-19,sh.600070,11.5000,11.5000,11.5000,11.5000,10.4500,162018,1863207.0000,3,0.045432,1,10.047800,0
2016-02-22,sh.600070,12.6500,12.6500,12.6500,12.6500,11.5000,972180,12298077.0000,3,0.272615,1,10.000000,0
2016-02-23,sh.600070,13.6000,13.6000,12.2100,12.7500,12.6500,59132010,766407952.0000,3,16.581561,1,0.790500,0
2016-02-24,sh.600070,12.5500,14.0300,12.5500,14.0300,12.7500,64954245,879949712.0000,3,18.214209,1,10.039200,0
2016-02-25,sh.600070,13.5000,13.5300,12.6300,12.6300,14.0300,43674485,560897040.0000,3,12.247024,1,-9.978600,0
2016-02-26,sh.600070,12.1000,12.3800,11.5000,11.8000,12.6300,24805817,296591664.0000,3,6.955948,1,-6.571700,0
2016-02-29,sh.600070,11.7600,11.8000,10.6200,10.6200,11.8000,14496860,156051592.0000,3,4.065151,1,-10.000000,0
2016-03-01,sh.600070,10.3500,11.3800,9.9800,11.0400,10.6200,19634493,208452947.0000,3,5.505826,1,3.954800,0
2016-03-02,sh.600070,10.8800,11.6200,10.7100,11.4400,11.0400,21184641,237353210.0000,3,5.940512,1,3.623200,0
2016-03-03,sh.600070,11.2800,12.4000,11.2100,11.4300,11.4400,22705743,266013731.0000,3,6.367053,1,-0.087400,0
2016-03-04,sh.600070,11.2200,11.4200,10.2900,10.4000,11.4300,21646520,230187723.0000,3,6.070030,1,-9.011400,0
2016-03-07,sh.600070,10.3400,11.0000,10.3400,10.6800,10.4000,16324562,175552476.0000,3,4.577668,1,2.692300,0
2016-03-08,sh.600070,10.6000,11.3000,10.0600,11.2100,10.6800,20032147,216849902.0000,3,5.617334,1,4.962500,0
2016-03-09,sh.600070,10.9000,11.1500,10.5200,10.5700,11.2100,13024430,141069251.0000,3,3.652258,1,-5.709200,0
2016-03-10,sh.600070,10.7700,10.9300,10.3800,10.5500,10.5700,9953218,106470483.0000,3,2.791041,1,-0.189200,0
2016-03-11,sh.600070,10.4900,10.5400,10.1100,10.3700,10.5500,8248737,84969411.0000,3,2.313078,1,-1.706200,0
2016-03-14,sh.600070,10.5800,11.0800,10.4800,10.8400,10.3700,13386490,145364641.0000,3,3.753786,1,4.532300,0
2016-03-15,sh.600070,10.8200,11.3000,10.7500,10.8800,10.8400,12922359,142320164.0000,3,3.623636,1,0.369000,0
2016-03-16,sh.600070,10.9200,11.2500,10.5100,10.6900,10.8800,11723724,127694598.0000,3,3.287520,1,-1.746300,0
2016-03-17,sh.600070,10.8000,11.3700,10.7300,11.3100,10.6900,19193512,213871422.0000,3,5.382168,1,5.799800,0
2016-03-18,sh.600070,11.4100,11.9700,11.3800,11.7700,11.3100,22703301,264243602.0000,3,6.366368,1,4.067200,0
2016-03-21,sh.600070,12.0700,12.7300,12.0700,12.6700,11.7700,27582731,338548864.0000,3,7.734639,1,7.646600,0
2016-03-22,sh.600070,12.5000,13.6700,12.3600,13.0600,12.6700,26150824,342865968.0000,3,7.333109,1,3.078100,0
2016-03-23,sh.600070,13.0600,13.3600,12.6500,13.1300,13.0600,19960936,260056916.0000,3,5.597366,1,0.536000,0
2016-03-24,sh.600070,12.9300,13.3000,12.3800,12.4000,13.1300,22930466,295094352.0000,3,6.430069,1,-5.559800,0
2016-03-25,sh.600070,12.4400,12.6500,12.1500,12.4500,12.4000,12107762,149570415.0000,3,3.395210,1,0.403200,0
2016-03-28,sh.600070,12.5000,12.5500,12.1000,12.2200,12.4500,17555533,215736123.0000,3,4.922852,1,-1.847400,0
2016-03-29,sh.600070,12.2500,12.4300,12.0000,12.2500,12.2200,12151422,148344294.0000,3,3.407453,1,0.245500,0
2016-03-30,sh.600070,12.4100,12.6800,12.3300,12.6600,12.2500,11476417,143466750.0000,3,3.218171,1,3.346900,0
2016-03-31,sh.600070,12.7000,13.3800,12.6100,13.2700,12.6600,18284458,238764784.0000,3,5.127254,1,4.818300,0
2016-04-01,sh.600070,13.2300,13.7000,12.9200,13.6400,13.2700,18351499,245170832.0000,3,5.146054,1,2.788200,0
2016-04-05,sh.600070,13.7500,14.6900,13.7500,14.2300,13.6400,24994591,357108592.0000,3,7.008883,1,4.325500,0
2016-04-06,sh.600070,13.9900,14.3700,13.9000,14.1500,14.2300,14990360,211713435.0000,3,4.203537,1,-0.562200,0
2016-04-07,sh.600070,14.2000,14.4500,13.7800,13.9100,14.1500,17177972,241265188.0000,3,4.816978,1,-1.696100,0
2016-04-08,sh.600070,13.6800,13.9900,13.4800,13.8500,13.9100,15421641,211547497.0000,3,4.324475,1,-0.431300,0
2016-04-11,sh.600070,14.0000,15.0000,14.0000,14.9000,13.8500,20204110,294111824.0000,3,5.665555,1,7.581200,0
2016-04-12,sh.600070,15.0600,16.3900,15.0600,16.3700,14.9000,46041116,744521824.0000,3,12.910665,1,9.865800,0
2016-04-13,sh.600070,16.0800,16.4400,15.8100,16.2000,16.3700,24369581,395287904.0000,3,6.833620,1,-1.038500,0
2016-04-14,sh.600070,16.1200,16.9100,15.6800,16.3400,16.2000,18715744,305247024.0000,3,5.248194,1,0.864200,0
2016-04-15,sh.600070,16.2500,16.5600,16.1200,16.2300,16.3400,12204409,199214821.0000,3,3.422311,1,-0.673200,0
2016-04-18,sh.600070,16.1600,16.6500,15.6600,15.8300,16.2300,22209480,357251152.0000,3,6.227893,1,-2.464600,0
2016-04-19,sh.600070,16.0000,16.3000,15.6600,16.2500,15.8300,11886551,190568688.0000,3,3.333179,1,2.653200,0
2016-04-20,sh.600070,16.4100,16.5300,14.6300,15.6500,16.2500,19164652,295868608.0000,3,5.374075,1,-3.692300,0
2016-04-21,sh.600070,15.4500,15.8100,14.6800,14.7500,15.6500,12712943,195178667.0000,3,3.564912,1,-5.750800,0
2016-04-22,sh.600070,14.7000,15.1500,14.3200,15.0500,14.7500,12371351,182688123.0000,3,3.469125,1,2.033900,0
2016-04-25,sh.600070,15.1500,15.6800,14.8500,15.5400,15.0500,10809290,165951663.0000,3,3.031098,1,3.255800,0
2016-04-26,sh.600070,15.4900,16.2900,15.4200,16.1200,15.5400,9460672,151341772.0000,3,2.652924,1,3.732300,0
2016-04-27,sh.600070,16.2500,16.4900,15.9000,16.1700,16.1200,9439078,152547245.0000,3,2.646868,1,0.310200,0
2016-04-28,sh.600070,16.1000,16.2500,15.3500,16.0900,16.1700,8673679,137777310.0000,3,2.432238,1,-0.494700,0
2016-04-29,sh.600070,16.0300,16.8400,15.9700,16.6600,16.0900,12361165,204329505.0000,3,3.466268,1,3.542600,0
2016-05-03,sh.600070,16.5900,17.7900,16.5500,17.4900,16.6600,15277110,264995444.0000,3,4.283946,1,4.982000,0
2016-05-04,sh.600070,17.6400,17.6400,17.1000,17.3100,17.4900,9578703,166036203.0000,3,2.686021,1,-1.029200,0
2016-05-05,sh.600070,17.1500,17.5500,16.9500,17.2700,17.3100,8694079,149578304.0000,3,2.437959,1,-0.231100,0
2016-05-06,sh.600070,17.3300,17.4700,16.6700,16.8100,17.2700,11399203,192513675.0000,3,3.196519,1,-2.663600,0
2016-05-09,sh.600070,16.4500,16.8000,15.2500,15.8900,16.8100,15282747,248536062.0000,3,4.285527,1,-5.472900,0
2016-05-10,sh.600070,15.7000,15.9700,15.3400,15.6000,15.8900,9481631,147844055.0000,3,2.658801,1,-1.825000,0
2016-05-11,sh.600070,15.9000,15.9700,14.4500,14.8200,15.6000,17523213,263135526.0000,3,4.913789,1,-5.000000,0
2016-05-12,sh.600070,14.4600,14.6800,13.9500,14.5400,14.8200,14109252,202075647.0000,3,3.956460,1,-1.889300,0
2016-05-13,sh.600070,14.5000,14.7800,14.3000,14.4000,14.5400,8862472,128556985.0000,3,2.485179,1,-0.962900,0
2016-05-16,sh.600070,14.4200,14.8900,14.2900,14.8600,14.4000,6264182,91148286.0000,3,1.756577,1,3.194400,0
2016-05-17,sh.600070,14.8600,15.2900,14.8000,14.8300,14.8600,9026783,135361523.0000,3,2.531254,1,-0.201900,0
2016-05-18,sh.600070,14.5000,14.7900,13.3500,13.5400,14.8300,13628905,190289648.0000,3,3.821763,1,-8.698600,0
2016-05-19,sh.600070,13.4700,14.2800,13.4000,13.5400,13.5200,11496442,158651878.0000,3,3.223786,1,0.147900,0
2016-05-20,sh.600070,13.5700,13.7700,12.8100,13.5400,13.5400,12009379,160205120.0000,3,3.367622,1,0.000000,0
2016-05-23,sh.600070,13.5200,14.1400,13.5100,14.1200,13.5400,10784492,149620409.0000,3,3.024144,1,4.283600,0
2016-05-24,sh.600070,14.1200,14.1200,13.6000,13.9400,14.1200,7961271,110123044.0000,3,2.232468,1,-1.274800,0
2016-05-25,sh.600070,14.0500,14.3000,13.6600,13.8300,13.9400,6074845,85151321.0000,3,1.703484,1,-0.789100,0
2016-05-26,sh.600070,13.8600,14.5900,13.5500,14.4500,13.8300,8869881,124722249.0000,3,2.487256,1,4.483000,0
2016-05-27,sh.600070,14.3600,15.0900,14.3200,14.8500,14.4500,10988869,163264074.0000,3,3.081455,1,2.768200,0
2016-05-30,sh.600070,14.9100,15.2800,14.6000,14.8900,14.8500,9825814,147722318.0000,3,2.755315,1,0.269400,0
2016-05-31,sh.600070,14.8900,15.6500,14.7300,15.4800,14.8900,11694023,178459053.0000,3,3.279191,1,3.962400,0
2016-06-01,sh.600070,15.6000,15.9900,15.3700,15.3900,15.4800,9822416,154175249.0000,3,2.754362,1,-0.581400,0
2016-06-02,sh.600070,15.4500,15.4500,14.8700,15.2600,15.3900,10778880,162641061.0000,3,3.022570,1,-0.844700,0
2016-06-03,sh.600070,15.1200,15.8500,14.8200,15.8000,15.2600,14497145,221043919.0000,3,4.065231,1,3.538700,0
2016-06-06,sh.600070,15.9700,16.1000,15.6200,15.7600,15.8000,9227017,146039986.0000,3,2.587403,1,-0.253200,0
2016-06-07,sh.600070,15.8000,15.8000,15.5000,15.6200,15.7600,6820305,106428905.0000,3,1.912523,1,-0.888300,0
2016-06-08,sh.600070,15.6200,15.6800,15.3300,15.4300,15.6200,6601343,102107074.0000,3,1.851122,1,-1.216400,0
2016-06-13,sh.600070,15.1600,15.2200,13.9500,14.0100,15.4300,8814460,131078160.0000,3,2.471715,1,-9.202900,0
2016-06-14,sh.600070,13.8800,14.3400,13.8000,14.1400,14.0100,5867934,82750506.0000,3,1.645462,1,0.927900,0
2016-06-15,sh.600070,13.8800,14.7200,13.8200,14.4200,14.1400,5493378,79457859.0000,3,1.540431,1,1.980200,0
2016-06-16,sh.600070,14.5500,15.0000,14.2600,14.5500,14.4200,6846879,100173808.0000,3,1.919974,1,0.901500,0
2016-06-17,sh.600070,14.4300,14.7500,14.0100,14.3800,14.5500,5367709,77234955.0000,3,1.505191,1,-1.168400,0
2016-06-20,sh.600070,14.1900,14.6400,14.1900,14.5800,14.3800,6757759,97983544.0000,3,1.894984,1,1.390800,0
2016-06-21,sh.600070,14.6000,14.8500,14.0000,14.1800,14.5800,4851552,70051405.0000,3,1.360453,1,-2.743500,0
2016-06-22,sh.600070,14.1500,14.2700,13.7100,14.2100,14.1800,5836263,81731332.0000,3,1.636581,1,0.211600,0
2016-06-23,sh.600070,14.2400,14.4400,14.1000,14.2200,14.2100,3750850,53587231.0000,3,1.051798,1,0.070400,0
2016-06-24,sh.600070,14.2800,14.2800,13.2000,13.7500,14.2200,7661112,105485074.0000,3,2.148298,1,-3.305200,0
2016-06-27,sh.600070,13.7500,14.0000,13.5500,13.8100,13.7500,5349275,73899542.0000,3,1.500022,1,0.436400,0
2016-06-28,sh.600070,13.8100,14.3800,13.5600,14.3500,13.8100,8907412,124701971.0000,3,2.497781,1,3.910200,0
2016-06-29,sh.600070,14.4000,14.4900,14.1500,14.4100,14.3500,7015022,100463867.0000,3,1.967124,1,0.418100,0
2016-06-30,sh.600070,14.4500,14.9500,14.3000,14.8700,14.4100,11945120,175375455.0000,3,3.349603,1,3.192200,0
2016-07-01,sh.600070,14.8700,15.0600,14.5300,14.5400,14.8700,6467501,95514183.0000,3,1.813591,1,-2.219200,0
2016-07-04,sh.600070,14.5000,15.0500,14.4500,15.0300,14.5400,11043465,164434811.0000,3,3.096764,1,3.370000,0
2016-07-05,sh.600070,15.1500,16.1800,15.1500,15.9900,15.0300,24866625,392776496.0000,3,6.972999,1,6.387200,0
2016-07-06,sh.600070,15.8500,16.1300,15.6300,15.8300,15.9900,11079364,176157361.0000,3,3.106831,1,-1.000600,0
2016-07-07,sh.600070,15.7800,16.0700,15.5100,15.5600,15.8300,11007769,173256049.0000,3,3.086754,1,-1.705600,0
2016-07-08,sh.600070,15.5100,15.7600,14.9200,15.1200,15.5600,15001254,230274247.0000,3,4.206591,1,-2.827800,0
2016-07-11,sh.600070,15.1000,15.1500,14.5000,14.5100,15.1200,13016377,192311961.0000,3,3.650000,1,-4.034400,0
2016-07-12,sh.600070,14.5800,14.6300,13.9900,14.4200,14.5100,9868843,140737352.0000,3,2.767381,1,-0.620300,0
2016-07-13,sh.600070,14.4800,14.8900,14.3300,14.6200,14.4200,11329441,165407058.0000,3,3.176956,1,1.387000,0
2016-07-14,sh.600070,14.5300,14.6900,14.4800,14.6000,14.6200,5704045,83145697.0000,3,1.599505,1,-0.136800,0
2016-07-15,sh.600070,14.5400,14.8000,14.4700,14.5900,14.6000,5499599,80418259.0000,3,1.542175,1,-0.068500,0
2016-07-18,sh.600070,14.5000,14.5900,14.0400,14.1300,14.5900,6525190,92713813.0000,3,1.829768,1,-3.152800,0
2016-07-19,sh.600070,14.1500,14.2300,14.0300,14.2200,14.1300,4181779,59126425.0000,3,1.172638,1,0.636900,0
2016-07-20,sh.600070,14.1300,14.2900,14.1300,14.2300,14.2200,5084367,72221820.0000,3,1.425738,1,0.070300,0
2016-07-21,sh.600070,14.2700,14.3200,14.0800,14.1100,14.2300,5744016,81351633.0000,3,1.610714,1,-0.843300,0
2016-07-22,sh.600070,14.1100,14.1500,14.0000,14.0700,14.1100,3870167,54403611.0000,3,1.085257,1,-0.283500,0
2016-07-25,sh.600070,14.0200,14.3100,14.0100,14.2100,14.0700,4410072,62553624.0000,3,1.236655,1,0.995000,0
2016-07-26,sh.600070,14.2500,14.7800,14.1800,14.7700,14.2100,9538060,139631169.0000,3,2.674624,1,3.940900,0
2016-07-27,sh.600070,14.8800,14.9900,13.5000,13.9300,14.7700,11237065,161010467.0000,3,3.151053,1,-5.687200,0
2016-07-28,sh.600070,13.9000,14.2200,13.8000,14.1900,13.9300,6179335,86809978.0000,3,1.732784,1,1.866500,0
2016-07-29,sh.600070,14.1900,14.2900,14.0300,14.0900,14.1900,3354187,47449299.0000,3,0.940568,1,-0.704700,0
2016-08-01,sh.600070,14.0500,14.0800,13.1000,13.2000,14.0900,8297419,111161786.0000,3,2.326729,1,-6.316500,0
2016-08-02,sh.600070,13.2000,13.3000,12.3700,12.6900,13.2000,11576488,147065806.0000,3,3.246232,1,-3.863600,0
2016-08-03,sh.600070,12.6800,13.3000,12.5100,13.1800,12.6900,8194910,105108514.0000,3,2.297984,1,3.861300,0
2016-08-04,sh.600070,13.1100,13.2300,12.9300,13.0200,13.1800,4795146,62548079.0000,3,1.344636,1,-1.214000,0
2016-08-05,sh.600070,13.0200,13.2000,12.7300,13.0600,13.0200,4958112,64349813.0000,3,1.390334,1,0.307200,0
2016-08-08,sh.600070,13.0000,13.1300,12.8200,13.0900,13.0600,3985092,51701252.0000,3,1.117483,1,0.229700,0
2016-08-09,sh.600070,13.1100,13.1600,13.0300,13.1400,13.0900,2551558,33475712.0000,3,0.715498,1,0.382000,0
2016-08-10,sh.600070,13.0700,13.3000,12.8700,13.0900,13.1400,4672201,61201172.0000,3,1.310160,1,-0.380500,0
2016-08-11,sh.600070,13.0900,13.1200,12.6800,12.6900,13.0900,4207068,54226400.0000,3,1.179729,1,-3.055800,0
2016-08-12,sh.600070,12.7000,13.0800,12.5200,12.9500,12.6900,4056113,51991884.0000,3,1.137399,1,2.048900,0
2016-08-15,sh.600070,12.9000,13.4900,12.8700,13.1700,12.9500,7468539,97993882.0000,3,2.094298,1,1.698800,0
2016-08-16,sh.600070,13.1500,13.3200,13.1100,13.2400,13.1700,4986817,65951359.0000,3,1.398383,1,0.531500,0
2016-08-17,sh.600070,13.2400,13.3500,13.0000,13.2600,13.2400,5052409,66681099.0000,3,1.416776,1,0.151100,0
2016-08-18,sh.600070,13.2400,13.3400,13.1300,13.3300,13.2600,5983611,79271090.0000,3,1.677900,1,0.527900,0
2016-08-19,sh.600070,13.4000,13.5000,13.0800,13.1600,13.3300,6322859,83608008.0000,3,1.773031,1,-1.275300,0
2016-08-22,sh.600070,13.3200,13.5200,13.2000,13.2200,13.1600,6186415,82537882.0000,3,1.734770,1,0.455900,0
2016-08-23,sh.600070,13.1500,13.2200,12.9000,13.0200,13.2200,5628333,73353479.0000,3,1.578275,1,-1.512900,0
2016-08-24,sh.600070,13.0400,13.2800,13.0200,13.2700,13.0200,4966751,65441731.0000,3,1.392756,1,1.920100,0
2016-08-25,sh.600070,13.2400,13.4100,12.9100,13.2800,13.2700,5590311,73551785.0000,3,1.567613,1,0.075400,0
2016-08-26,sh.600070,13.2300,13.5800,13.1400,13.4400,13.2800,8476931,113572609.0000,3,2.377067,1,1.204800,0
2016-08-29,sh.600070,13.4000,13.5200,13.2700,13.3500,13.4400,4124507,55191120.0000,3,1.156578,1,-0.669600,0
2016-08-30,sh.600070,13.4300,13.4500,13.2600,13.2800,13.3500,4057862,54138059.0000,3,1.137889,1,-0.524300,0
2016-08-31,sh.600070,13.2700,13.3300,12.9400,13.1000,13.2800,4951975,64806146.0000,3,1.388613,1,-1.355400,0
2016-09-01,sh.600070,13.1200,13.7500,13.0400,13.3200,13.1000,8294715,110966450.0000,3,2.325971,1,1.679400,0
2016-09-02,sh.600070,13.2800,13.2900,12.9900,13.0700,13.3200,4877006,63954749.0000,3,1.367590,1,-1.876900,0
2016-09-05,sh.600070,13.1000,13.3300,13.0200,13.0700,13.0700,4600119,60768486.0000,3,1.289947,1,0.000000,0
2016-09-06,sh.600070,13.1800,13.4200,13.0600,13.3700,13.0700,5895789,78292953.0000,3,1.653273,1,2.295334,0
2016-09-07,sh.600070,13.3600,13.4700,13.2100,13.2900,13.3700,4302619,57478005.0000,3,1.206523,1,-0.598354,0
2016-09-08,sh.600070,13.3100,13.3300,13.1800,13.2600,13.2900,3239775,42966539.0000,3,0.908485,1,-0.225732,0
2016-09-09,sh.600070,13.2900,13.3500,13.2200,13.2500,13.2600,3760913,50002194.0000,3,1.054620,1,-0.075417,0
2016-09-12,sh.600070,13.0800,13.1000,12.5900,12.6200,13.2500,6203482,79787111.0000,3,1.739556,1,-4.754718,0
2016-09-13,sh.600070,12.6800,12.8800,12.6000,12.8400,12.6200,2922495,37278835.0000,3,0.819514,1,1.743267,0
2016-09-14,sh.600070,12.7500,12.9100,12.6900,12.7300,12.8400,2018441,25810740.0000,3,0.566003,1,-0.856703,0
2016-09-19,sh.600070,12.7300,13.0300,12.7300,12.9500,12.7300,3422121,44097599.0000,3,0.959617,1,1.728203,0
2016-09-20,sh.600070,13.0000,13.0600,12.8600,12.9000,12.9500,2137300,27672687.0000,3,0.599333,1,-0.386102,0
2016-09-21,sh.600070,12.9800,13.0400,12.9000,12.9300,12.9000,1419400,18409939.0000,3,0.398022,1,0.232564,0
2016-09-22,sh.600070,13.0600,13.0800,12.9200,12.9800,12.9300,3012500,39086123.0000,3,0.844753,1,0.386692,0
2016-09-23,sh.600070,12.9600,13.3000,12.9500,13.1300,12.9800,6654207,87729399.0000,3,1.865946,1,1.155628,0
2016-09-26,sh.600070,13.1000,13.2900,12.9200,12.9800,13.1300,4849482,63502453.0000,3,1.359872,1,-1.142426,0
2016-09-27,sh.600070,12.9800,13.1800,12.9300,13.1700,12.9800,2479817,32322355.0000,3,0.695380,1,1.463795,0
2016-09-28,sh.600070,13.2000,13.4500,13.1800,13.3000,13.1700,5984409,79678127.0000,3,1.678124,1,0.987093,0
2016-09-29,sh.600070,13.3000,13.4900,13.1900,13.2300,13.3000,3829656,51031074.0000,3,1.073897,1,-0.526321,0
2016-09-30,sh.600070,13.1600,13.3000,13.1000,13.2800,13.2300,3311536,43739196.0000,3,0.928608,1,0.377930,0
2016-10-10,sh.600070,13.4000,13.7600,13.3300,13.7400,13.2800,9243036,125596404.0000,3,2.591895,1,3.463856,0
2016-10-11,sh.600070,13.7200,14.0000,13.7200,13.8200,13.7400,8398829,116344172.0000,3,2.355166,1,0.582241,0
2016-10-12,sh.600070,13.7400,14.4600,13.7200,14.4400,13.8200,14351517,203645209.0000,3,4.024395,1,4.486251,0
2016-10-13,sh.600070,14.4400,14.4400,14.4400,14.4400,14.4400,0,0.0000,3,,0,0.000000,0
2016-10-14,sh.600070,14.4400,14.4400,14.4400,14.4400,14.4400,0,0.0000,3,,0,0.000000,0
2016-10-17,sh.600070,14.4400,14.4400,14.4400,14.4400,14.4400,0,0.0000,3,,0,0.000000,0
2016-10-18,sh.600070,14.4400,14.4400,14.4400,14.4400,14.4400,0,0.0000,3,,0,0.000000,0
2016-10-19,sh.600070,14.4400,14.4400,14.4400,14.4400,14.4400,0,0.0000,3,,0,0.000000,0
2016-10-20,sh.600070,15.0000,15.8800,14.4500,14.5600,14.4400,33235065,499886816.0000,3,9.319643,1,0.831031,0
2016-10-21,sh.600070,14.4600,14.5900,13.7200,14.0100,14.5600,16280642,229852557.0000,3,4.565352,1,-3.777474,0
2016-10-24,sh.600070,13.8300,14.3600,13.7600,14.1800,14.0100,12358522,174674437.0000,3,3.465527,1,1.213420,0
2016-10-25,sh.600070,14.1200,14.2000,13.9000,14.0900,14.1800,8937861,125361841.0000,3,2.506319,1,-0.634698,0
2016-10-26,sh.600070,14.0900,14.1500,13.8600,14.0700,14.0900,8184765,114674155.0000,3,2.295139,1,-0.141948,0
2016-10-27,sh.600070,14.0000,14.1500,13.8900,13.9600,14.0700,4240906,59289690.0000,3,1.189218,1,-0.781803,0
2016-10-28,sh.600070,13.8500,14.0700,13.6500,13.6500,13.9600,8693940,119926321.0000,3,2.437920,1,-2.220634,0
2016-10-31,sh.600070,13.6200,13.6500,12.9800,13.3900,13.6500,8370137,111273604.0000,3,2.347120,1,-1.904757,0
2016-11-01,sh.600070,13.3900,13.5300,13.3100,13.4100,13.3900,5324449,71350560.0000,3,1.493061,1,0.149362,0
2016-11-02,sh.600070,13.4000,13.8800,13.3200,13.4800,13.4100,7719231,105236272.0000,3,2.164596,1,0.521996,0
2016-11-03,sh.600070,13.4000,13.7000,13.2000,13.4900,13.4800,6740604,90747241.0000,3,1.890173,1,0.074186,0
2016-11-04,sh.600070,13.4600,13.5700,13.3200,13.3900,13.4900,3475501,46611621.0000,3,0.974586,1,-0.741286,0
2016-11-07,sh.600070,13.3900,13.3900,13.1100,13.1500,13.3900,4253122,56321503.0000,3,1.192643,1,-1.792388,0
2016-11-08,sh.600070,13.1800,13.4500,13.1800,13.3100,13.1500,4092483,54566458.0000,3,1.147598,1,1.216736,0
2016-11-09,sh.600070,13.3300,13.4300,12.8800,13.0400,13.3100,7621136,100038608.0000,3,2.137088,1,-2.028553,0
2016-11-10,sh.600070,13.1100,13.2600,13.1100,13.1800,13.0400,5017042,66209518.0000,3,1.406859,1,1.073622,0
2016-11-11,sh.600070,13.2300,13.5000,13.1900,13.4000,13.1800,6964843,93347327.0000,3,1.953053,1,1.669190,0
2016-11-14,sh.600070,13.4700,13.5900,13.2800,13.3800,13.4000,5652496,75737266.0000,3,1.585050,1,-0.149250,0
2016-11-15,sh.600070,13.3600,13.5400,13.3300,13.4700,13.3800,5041251,67680628.0000,3,1.413647,1,0.672647,0
2016-11-16,sh.600070,13.5100,13.6900,13.4400,13.6500,13.4700,7084789,96123649.0000,3,1.986688,1,1.336298,0
2016-11-17,sh.600070,13.6000,13.6000,13.3700,13.4500,13.6500,4468426,60034054.0000,3,1.253018,1,-1.465200,0
2016-11-18,sh.600070,13.4500,13.4500,13.3000,13.3300,13.4500,3163284,42258130.0000,3,0.887035,1,-0.892193,0
2016-11-21,sh.600070,13.3700,13.6100,13.2200,13.6100,13.3300,7768722,105035402.0000,3,2.178474,1,2.100523,0
2016-11-22,sh.600070,13.5900,13.7500,13.5300,13.6000,13.6100,5060704,68863285.0000,3,1.419102,1,-0.073470,0
2016-11-23,sh.600070,13.6300,13.7000,13.4200,13.5100,13.6000,5250427,71400375.0000,3,1.472304,1,-0.661766,0
2016-11-24,sh.600070,13.5200,14.1700,13.5200,14.1200,13.5100,15653780,217334892.0000,3,4.389570,1,4.515172,0
2016-11-25,sh.600070,14.0900,14.0900,13.6000,13.9000,14.1200,9386928,129784335.0000,3,2.632245,1,-1.558076,0
2016-11-28,sh.600070,13.9000,13.9700,13.6300,13.6400,13.9000,6200985,85215090.0000,3,1.738855,1,-1.870498,0
2016-11-29,sh.600070,13.6200,13.6300,13.2800,13.3100,13.6400,6019987,81055954.0000,3,1.688101,1,-2.419354,0
2016-11-30,sh.600070,13.2200,13.9700,13.1800,13.6300,13.3100,5904639,78776758.0000,3,1.655755,1,2.404205,0
2016-12-01,sh.600070,13.5500,13.7400,13.4000,13.4200,13.6300,4511437,61028117.0000,3,1.265079,1,-1.540719,0
2016-12-02,sh.600070,13.6500,13.7800,13.3000,13.3100,13.4200,5381734,72831156.0000,3,1.509124,1,-0.819670,0
2016-12-05,sh.600070,13.1200,13.3300,12.9900,13.0300,13.3100,5340964,69916662.0000,3,1.497692,1,-2.103687,0
2016-12-06,sh.600070,13.0800,13.2700,13.0300,13.1000,13.0300,3046807,39962293.0000,3,0.854373,1,0.537227,0
2016-12-07,sh.600070,13.2500,13.4800,13.0800,13.4400,13.1000,3899869,51711082.0000,3,1.093586,1,2.595414,0
2016-12-08,sh.600070,13.4000,13.7100,13.2700,13.3100,13.4400,4575914,61407846.0000,3,1.283159,1,-0.967256,0
2016-12-09,sh.600070,13.3300,13.4800,13.2500,13.3200,13.3100,3714096,49485245.0000,3,1.041492,1,0.075126,0
2016-12-12,sh.600070,13.3200,13.4400,12.7300,12.7900,13.3200,5952550,77609921.0000,3,1.669190,1,-3.978977,0
2016-12-13,sh.600070,12.8700,13.1000,12.7000,12.9400,12.7900,4204142,54023541.0000,3,1.178909,1,1.172788,0
2016-12-14,sh.600070,13.1000,13.3300,12.9300,13.0200,12.9400,6350577,83330216.0000,3,1.780803,1,0.618245,0
2016-12-15,sh.600070,13.0000,14.2300,12.9500,13.9800,13.0200,17912407,245603641.0000,3,5.022925,1,7.373264,0
2016-12-16,sh.600070,13.9000,14.0800,13.7000,13.8500,13.9800,11631627,161148379.0000,3,3.261694,1,-0.929894,0
2016-12-19,sh.600070,13.8400,13.9700,13.5300,13.7500,13.8500,9428600,129328573.0000,3,2.643930,1,-0.722024,0
2016-12-20,sh.600070,13.7800,13.8900,13.5600,13.7500,13.7500,5625716,77151687.0000,3,1.577541,1,0.000000,0
2016-12-21,sh.600070,13.7500,14.1500,13.6300,13.9900,13.7500,10511360,145935808.0000,3,2.947553,1,1.745453,0
2016-12-22,sh.600070,14.3000,14.4800,13.8600,14.0700,13.9900,12442816,175299473.0000,3,3.489164,1,0.571836,0
2016-12-23,sh.600070,13.9900,14.1400,13.8000,14.0300,14.0700,7585736,105936066.0000,3,2.127162,1,-0.284293,0
2016-12-26,sh.600070,14.0300,14.8600,13.9300,14.8000,14.0300,17559727,254983284.0000,3,4.924028,1,5.488243,0
2016-12-27,sh.600070,14.8000,14.8400,14.5300,14.7600,14.8000,9378579,137752154.0000,3,2.629903,1,-0.270270,0
2016-12-28,sh.600070,14.7800,14.9600,14.6000,14.7100,14.7600,7433869,109879348.0000,3,2.084576,1,-0.338755,0
2016-12-29,sh.600070,14.6900,15.1500,14.5700,14.8700,14.7100,10843836,161252574.0000,3,3.040785,1,1.087694,0
2016-12-30,sh.600070,14.8000,14.9300,14.6200,14.6900,14.8700,4537195,66891465.0000,3,1.272302,1,-1.210493,0
2017-01-03,sh.600070,14.8000,14.8000,14.4800,14.5400,14.6900,5411923,78795693.0000,3,1.517590,1,-1.021100,0
2017-01-04,sh.600070,14.5500,14.5900,14.1600,14.5100,14.5400,6366581,91438624.0000,3,1.785291,1,-0.206325,0
2017-01-05,sh.600070,14.4800,14.5800,14.3500,14.4600,14.5100,4899564,70977076.0000,3,1.373916,1,-0.344591,0
2017-01-06,sh.600070,14.4900,14.7000,14.4100,14.6200,14.4600,5340275,77652722.0000,3,1.497498,1,1.106500,0
2017-01-09,sh.600070,14.7000,14.7700,14.4800,14.6300,14.6200,3715708,54203489.0000,3,1.041944,1,0.068401,0
2017-01-10,sh.600070,14.5200,14.6900,14.3500,14.4300,14.6300,6031480,87465146.0000,3,1.691323,1,-1.367053,0
2017-01-11,sh.600070,14.4900,14.5700,14.0100,14.0300,14.4300,5835321,83768715.0000,3,1.636317,1,-2.772007,0
2017-01-12,sh.600070,14.0300,14.1800,13.8600,13.8800,14.0300,3486411,48860407.0000,3,0.977645,1,-1.069135,0
2017-01-13,sh.600070,13.9000,13.9000,13.4000,13.4100,13.8800,3823111,52055002.0000,3,1.072061,1,-3.386169,0
2017-01-16,sh.600070,13.4100,13.7000,12.4300,13.2000,13.4100,5807994,77461487.0000,3,1.628654,1,-1.565996,0
2017-01-17,sh.600070,13.1000,13.4800,13.0000,13.3700,13.2000,2521524,33305774.0000,3,0.707076,1,1.287879,0
2017-01-18,sh.600070,13.3700,13.5900,13.2400,13.2800,13.3700,1459433,19556890.0000,3,0.409248,1,-0.673150,0
2017-01-19,sh.600070,13.2800,13.3100,13.0400,13.0700,13.2800,1656064,21807311.0000,3,0.464387,1,-1.581326,0
2017-01-20,sh.600070,13.2000,13.4900,13.0800,13.3200,13.0700,1694225,22581749.0000,3,0.475088,1,1.912777,0
2017-01-23,sh.600070,13.3500,13.5100,13.3200,13.3900,13.3200,2103207,28165911.0000,3,0.589773,1,0.525531,0
2017-01-24,sh.600070,13.4800,13.4900,13.3200,13.3300,13.3900,1169512,15639665.0000,3,0.327950,1,-0.448099,0
2017-01-25,sh.600070,13.3500,13.3900,13.2500,13.3600,13.3300,1364323,18157580.0000,3,0.382578,1,0.225054,0
2017-01-26,sh.600070,13.3500,13.4700,13.3100,13.4100,13.3600,1069177,14318778.0000,3,0.299814,1,0.374253,0
2017-02-03,sh.600070,13.4300,13.4800,13.3100,13.4000,13.4100,726002,9717304.0000,3,0.203583,1,-0.074573,0
2017-02-06,sh.600070,13.3900,13.7200,13.3300,13.6700,13.4000,2124212,28856920.0000,3,0.595663,1,2.014929,0
2017-02-07,sh.600070,13.6700,13.8800,13.5500,13.6500,13.6700,2854321,39178848.0000,3,0.800397,1,-0.146309,0
2017-02-08,sh.600070,13.6100,13.8600,13.5300,13.7700,13.6500,2056634,28230138.0000,3,0.576713,1,0.879127,0
2017-02-09,sh.600070,13.7800,14.0500,13.7500,13.9400,13.7700,2774812,38691364.0000,3,0.778102,1,1.234561,0
2017-02-10,sh.600070,13.9000,14.0000,13.8300,13.9000,13.9400,2201490,30623823.0000,3,0.617333,1,-0.286944,0
2017-02-13,sh.600070,13.9000,13.9700,13.7300,13.8800,13.9000,1942871,26844126.0000,3,0.544812,1,-0.143881,0
2017-02-14,sh.600070,13.8800,14.1400,13.8600,13.9400,13.8800,2143720,29955325.0000,3,0.601133,1,0.432273,0
2017-02-15,sh.600070,13.9500,13.9500,13.5900,13.6100,13.9400,2832412,39063447.0000,3,0.794254,1,-2.367288,0
2017-02-16,sh.600070,13.6800,13.7000,13.5900,13.6500,13.6100,1898940,25892684.0000,3,0.532493,1,0.293901,0
2017-02-17,sh.600070,13.6900,13.7700,13.5000,13.5600,13.6500,1994803,27174534.0000,3,0.559375,1,-0.659335,0
2017-02-20,sh.600070,13.5600,13.6800,13.4700,13.6700,13.5600,2182849,29622937.0000,3,0.612106,1,0.811207,0
2017-02-21,sh.600070,13.6600,13.9400,13.6000,13.8700,13.6700,3184227,44032735.0000,3,0.892908,1,1.463056,0
2017-02-22,sh.600070,13.9000,14.0800,13.8200,13.9200,13.8700,3001861,41802945.0000,3,0.841770,1,0.360492,0
2017-02-23,sh.600070,13.9900,14.1000,13.7000,13.8300,13.9200,3465764,48189604.0000,3,0.971856,1,-0.646553,0
2017-02-24,sh.600070,13.8100,14.3400,13.8100,14.1500,13.8300,8384944,118457303.0000,3,2.351272,1,2.313808,0
2017-02-27,sh.600070,14.1500,14.2500,13.9500,14.0600,14.1500,5542179,78187775.0000,3,1.554116,1,-0.636037,0
2017-02-28,sh.600070,14.0100,14.2400,14.0000,14.1900,14.0600,4681115,66259409.0000,3,1.312659,1,0.924603,0
2017-03-01,sh.600070,14.1800,14.2200,13.9700,14.0400,14.1900,2821299,39779212.0000,3,0.791137,1,-1.057080,0
2017-03-02,sh.600070,14.0300,14.1000,13.8000,13.8500,14.0400,2956267,41232703.0000,3,0.828985,1,-1.353273,0
2017-03-03,sh.600070,13.8100,14.0800,13.6500,14.0100,13.8500,3066561,42458034.0000,3,0.859913,1,1.155234,0
2017-03-06,sh.600070,14.0100,14.1000,13.8800,14.0100,14.0100,2732467,38225889.0000,3,0.766227,1,0.000000,0
2017-03-07,sh.600070,14.0100,14.0100,13.8000,13.9500,14.0100,2491568,34695615.0000,3,0.698675,1,-0.428268,0
2017-03-08,sh.600070,13.9600,14.0400,13.9100,13.9600,13.9500,2320838,32427646.0000,3,0.650800,1,0.071686,0
2017-03-09,sh.600070,13.9600,14.0300,13.7000,13.8100,13.9600,3121518,43220931.0000,3,0.875324,1,-1.074496,0
2017-03-10,sh.600070,13.7800,13.8300,13.6000,13.6600,13.8100,2844455,38955277.0000,3,0.797631,1,-1.086174,0
2017-03-13,sh.600070,13.6900,13.9300,13.6200,13.8800,13.6600,2972272,40912675.0000,3,0.833473,1,1.610544,0
2017-03-14,sh.600070,13.8100,14.0800,13.8100,13.8800,13.8800,2674239,37351748.0000,3,0.749899,1,0.000000,0
2017-03-15,sh.600070,13.8600,14.0500,13.7200,13.7600,13.8800,4493611,62416679.0000,3,1.260080,1,-0.864552,0
2017-03-16,sh.600070,13.8300,13.9500,13.7500,13.7800,13.7600,3583119,49459520.0000,3,1.004764,1,0.145345,0
2017-03-17,sh.600070,13.7800,13.8600,13.7200,13.7500,13.7800,3179095,43821089.0000,3,0.891469,1,-0.217705,0
2017-03-20,sh.600070,13.7200,14.0100,13.7200,13.9900,13.7500,5109780,71217751.0000,3,1.432864,1,1.745453,0
2017-03-21,sh.600070,13.9400,13.9500,13.7300,13.7900,13.9900,3316807,45786872.0000,3,0.930086,1,-1.429591,0
2017-03-22,sh.600070,13.7100,13.8400,13.6300,13.7000,13.7900,2964971,40664750.0000,3,0.831425,1,-0.652648,0
2017-03-23,sh.600070,13.8000,13.8000,13.2200,13.2800,13.7000,5385231,72371507.0000,3,1.510105,1,-3.065694,0
2017-03-24,sh.600070,13.3500,13.4300,13.2300,13.3900,13.2800,3838453,51175647.0000,3,1.076364,1,0.828318,0
2017-03-27,sh.600070,13.3900,13.4700,13.3000,13.3700,13.3900,2714473,36296260.0000,3,0.761182,1,-0.149369,0
2017-03-28,sh.600070,13.3700,13.4100,13.2700,13.3000,13.3700,2054511,27386768.0000,3,0.576118,1,-0.523558,0
2017-03-29,sh.600070,13.3000,13.3300,13.0800,13.1100,13.3000,2348755,30874153.0000,3,0.658628,1,-1.428575,0
2017-03-30,sh.600070,13.0500,13.1500,12.7000,12.7300,13.1100,2654145,34315816.0000,3,0.744265,1,-2.898552,0
2017-03-31,sh.600070,12.7500,12.8700,12.7000,12.8300,12.7300,2207491,28190573.0000,3,0.619016,1,0.785549,0
2017-04-05,sh.600070,12.8300,13.2000,12.7400,13.1800,12.8300,3786538,49070165.0000,3,1.061806,1,2.727984,0
2017-04-06,sh.600070,13.1500,13.3800,13.0900,13.1200,13.1800,2471683,32576560.0000,3,0.693099,1,-0.455238,0
2017-04-07,sh.600070,13.0100,13.4200,13.0100,13.2700,13.1200,3056512,40680616.0000,3,0.857095,1,1.143297,0
2017-04-10,sh.600070,13.2600,13.2800,12.9200,12.9900,13.2700,2626386,34214362.0000,3,0.736481,1,-2.110028,0
2017-04-11,sh.600070,13.0500,13.1000,12.7400,13.0600,12.9900,2623014,33878054.0000,3,0.735535,1,0.538881,0
2017-04-12,sh.600070,13.1200,13.1200,12.8000,12.9800,13.0600,1892464,24478275.0000,3,0.530677,1,-0.612564,0
2017-04-13,sh.600070,13.0700,13.1300,12.8300,12.9500,12.9800,1613942,20970123.0000,3,0.452575,1,-0.231123,0
2017-04-14,sh.600070,13.0000,13.0000,12.8000,12.8600,12.9500,1568207,20185231.0000,3,0.439750,1,-0.694982,0
2017-04-17,sh.600070,12.9800,12.9800,12.6000,12.6400,12.8600,1608532,20464471.0000,3,0.451058,1,-1.710726,0
2017-04-18,sh.600070,12.7000,12.7000,12.3500,12.3700,12.6400,2362284,29582705.0000,3,0.662422,1,-2.136080,0
2017-04-19,sh.600070,12.3100,12.3500,11.6000,12.0900,12.3700,3542438,42540536.0000,3,0.993356,1,-2.263539,0
2017-04-20,sh.600070,12.0100,12.3800,11.9300,12.1600,12.0900,2314019,28314126.0000,3,0.648888,1,0.578988,0
2017-04-21,sh.600070,12.2800,12.3000,12.0300,12.1500,12.1600,1323911,16059377.0000,3,0.371246,1,-0.082239,0
2017-04-24,sh.600070,12.1600,12.1600,11.7200,11.9100,12.1500,2252397,26794321.0000,3,0.631608,1,-1.975307,0
2017-04-25,sh.600070,11.8800,12.0000,11.8000,11.9700,11.9100,2488803,29686550.0000,3,0.697900,1,0.503782,0
2017-04-26,sh.600070,11.9300,11.9300,10.7700,10.7700,11.9700,10263485,114182005.0000,3,2.878045,1,-10.025060,0
2017-04-27,sh.600070,10.6000,10.7700,10.0800,10.7300,10.7700,8402228,87712521.0000,3,2.356119,1,-0.371410,0
2017-04-28,sh.600070,10.5700,10.7400,10.5100,10.6900,10.7300,4481455,47526430.0000,3,1.256672,1,-0.372786,0
2017-05-02,sh.600070,10.8000,11.6700,10.7000,11.3100,10.6900,7160569,80407386.0000,3,2.007938,1,5.799821,0
2017-05-03,sh.600070,11.4800,11.4800,11.0000,11.3900,11.3100,4133404,46640656.0000,3,1.159073,1,0.707338,0
2017-05-04,sh.600070,11.5000,11.5000,11.2100,11.2500,11.3900,2399758,27166274.0000,3,0.672931,1,-1.229151,0
2017-05-05,sh.600070,11.2700,11.3000,10.9100,11.1800,11.2500,2551943,28446430.0000,3,0.715606,1,-0.622220,0
2017-05-08,sh.600070,11.1100,11.1600,10.5500,10.6400,11.1800,2433194,26241647.0000,3,0.682306,1,-4.830053,0
2017-05-09,sh.600070,10.6400,10.9700,10.5500,10.9600,10.6400,2469978,26773864.0000,3,0.692621,1,3.007516,0
2017-05-10,sh.600070,10.9400,11.0800,10.7700,10.7800,10.9600,2424216,26499480.0000,3,0.679789,1,-1.642339,0
2017-05-11,sh.600070,10.7200,10.7900,10.2200,10.5500,10.7800,2463325,25837535.0000,3,0.690756,1,-2.133577,0
2017-05-12,sh.600070,10.5500,10.7000,10.4000,10.5300,10.5500,1422431,14997481.0000,3,0.398872,1,-0.189578,0
2017-05-15,sh.600070,10.5800,11.3000,10.5400,11.1500,10.5300,4316101,47642955.0000,3,1.210304,1,5.887938,0
2017-05-16,sh.600070,11.1000,11.1500,10.8100,11.1300,11.1500,3584872,39286709.0000,3,1.005255,1,-0.179368,0
2017-05-17,sh.600070,11.0700,11.2400,11.0000,11.1000,11.1300,2830328,31457294.0000,3,0.793669,1,-0.269539,0
2017-05-18,sh.600070,11.0300,11.1700,10.9200,11.1000,11.1000,1828256,20275398.0000,3,0.512672,1,0.000000,0
2017-05-19,sh.600070,11.1700,11.1700,11.0100,11.0600,11.1000,1134274,12551630.0000,3,0.318069,1,-0.360360,0
2017-05-22,sh.600070,11.1800,11.2800,11.0200,11.1600,11.0600,4136162,46225806.0000,3,1.159846,1,0.904154,0
2017-05-23,sh.600070,11.1000,11.2700,10.9000,11.0700,11.1600,2946445,32657968.0000,3,0.826230,1,-0.806453,0
2017-05-24,sh.600070,11.0800,11.0800,10.8000,10.9900,10.9700,2134469,23400364.0000,3,0.598539,1,0.182311,0
2017-05-25,sh.600070,10.9800,11.1400,10.8800,11.0300,10.9900,1347552,14835273.0000,3,0.377875,1,0.363967,0
2017-05-26,sh.600070,11.0600,11.3700,11.0500,11.3100,11.0300,3433994,38774268.0000,3,0.962947,1,2.538538,0
2017-05-31,sh.600070,11.3500,11.3500,11.1500,11.2600,11.3100,2164790,24352417.0000,3,0.607042,1,-0.442088,0
2017-06-01,sh.600070,11.2000,11.2500,11.0200,11.1700,11.2600,2097001,23395302.0000,3,0.588033,1,-0.799291,0
2017-06-02,sh.600070,11.1800,11.9600,11.0600,11.7900,11.1700,9360806,107830369.0000,3,2.624920,1,5.550581,0
2017-06-05,sh.600070,11.8100,12.1300,11.8100,11.9300,11.7900,4314290,51540007.0000,3,1.209796,1,1.187450,0
2017-06-06,sh.600070,12.1000,12.1300,11.8600,11.9500,11.9300,3730259,44469756.0000,3,1.046024,1,0.167640,0
2017-06-07,sh.600070,11.9700,12.1400,11.8900,12.0400,11.9500,4317982,51823473.0000,3,1.210831,1,0.753139,0
2017-06-08,sh.600070,11.9900,12.6800,11.9900,12.4700,12.0400,5992017,74283471.0000,3,1.680257,1,3.571431,0
2017-06-09,sh.600070,12.4700,12.6800,12.4000,12.4800,12.4700,3568881,44537202.0000,3,1.000771,1,0.080187,0
2017-06-12,sh.600070,12.4500,12.6600,12.3000,12.3600,12.4800,3565800,44519778.0000,3,0.999907,1,-0.961538,0
2017-06-13,sh.600070,12.3800,12.6500,12.2500,12.5500,12.3600,2287971,28621304.0000,3,0.641584,1,1.537221,0
2017-06-14,sh.600070,12.6200,12.6600,12.4200,12.5300,12.5500,2663340,33358248.0000,3,0.746843,1,-0.159366,0
2017-06-15,sh.600070,12.5300,12.6100,12.4800,12.5000,12.5300,2088349,26185717.0000,3,0.585606,1,-0.239423,0
2017-06-16,sh.600070,12.5100,13.0000,12.2000,12.2600,12.5000,9292211,115710828.0000,3,2.605684,1,-1.919998,0
2017-06-19,sh.600070,12.2400,12.2500,11.9100,11.9900,12.2600,5398696,64997595.0000,3,1.513881,1,-2.202287,0
2017-06-20,sh.600070,12.0800,12.1000,11.9400,11.9900,11.9900,3225380,38710622.0000,3,0.904448,1,0.000000,0
2017-06-21,sh.600070,12.0700,12.1000,11.9200,12.0400,11.9900,2550152,30542692.0000,3,0.715103,1,0.417016,0
2017-06-22,sh.600070,12.0500,12.0500,11.8100,11.9400,12.0400,2095980,25067791.0000,3,0.587746,1,-0.830568,0
2017-06-23,sh.600070,11.9400,11.9900,11.4100,11.9500,11.9400,3714576,43336420.0000,3,1.041626,1,0.083754,0
2017-06-26,sh.600070,11.9000,11.9500,11.6400,11.8400,11.9500,3820475,45048654.0000,3,1.071322,1,-0.920499,0
2017-06-27,sh.600070,11.8500,12.0300,11.5700,11.9900,11.8400,6127076,72333629.0000,3,1.718130,1,1.266889,0
2017-06-28,sh.600070,11.9800,11.9800,11.7500,11.8800,11.9900,1620685,19220071.0000,3,0.454466,1,-0.917428,0
2017-06-29,sh.600070,11.7100,11.9000,11.7100,11.8500,11.8800,1112990,13185719.0000,3,0.312100,1,-0.252523,0
2017-06-30,sh.600070,11.8900,12.0500,11.7800,11.8800,11.8500,1908900,22817089.0000,3,0.535286,1,0.253162,0
2017-07-03,sh.600070,11.8600,12.0500,11.7000,11.9200,11.8800,3532036,42010099.0000,3,0.990439,1,0.336700,0
2017-07-04,sh.600070,11.8300,11.9800,11.8300,11.9200,11.9200,1606986,19144656.0000,3,0.450625,1,0.000000,0
2017-07-05,sh.600070,11.9300,12.2000,11.8600,12.0700,11.9200,4302447,51737618.0000,3,1.206475,1,1.258386,0
2017-07-06,sh.600070,12.1800,12.1800,11.9500,11.9700,12.0700,1837320,22090555.0000,3,0.515214,1,-0.828496,0
2017-07-07,sh.600070,11.9700,12.6500,11.6400,12.2300,11.9700,9004405,107240717.0000,3,2.524979,1,2.172091,0
2017-07-10,sh.600070,12.2000,12.2500,11.8000,11.9800,12.2300,4365225,52384590.0000,3,1.224079,1,-2.044154,0
2017-07-11,sh.600070,11.8300,11.9300,11.5800,11.6700,11.9800,3103100,36431715.0000,3,0.870159,1,-2.587642,0
2017-07-12,sh.600070,11.6100,11.7900,11.4900,11.7700,11.6700,2696622,31395990.0000,3,0.756176,1,0.856901,0
2017-07-13,sh.600070,11.7700,11.8100,11.5600,11.7400,11.7700,2387600,27890406.0000,3,0.669521,1,-0.254891,0
2017-07-14,sh.600070,11.8100,11.9000,11.6100,11.7800,11.7400,3732808,43904036.0000,3,1.046739,1,0.340715,0
2017-07-17,sh.600070,11.9200,11.9300,11.0100,11.4900,11.7800,6571665,75865829.0000,3,1.842800,1,-2.461799,0
2017-07-18,sh.600070,11.4000,11.4800,11.1600,11.3900,11.4900,3076422,34876832.0000,3,0.862678,1,-0.870317,0
2017-07-19,sh.600070,11.3900,11.5400,11.2100,11.3300,11.3900,2841206,32244929.0000,3,0.796720,1,-0.526782,0
2017-07-20,sh.600070,11.3100,11.4400,11.2300,11.2400,11.3300,2665240,30134549.0000,3,0.747376,1,-0.794353,0
2017-07-21,sh.600070,11.2400,11.3300,10.9500,10.9700,11.2400,6257035,69271878.0000,3,1.754573,1,-2.402131,0
2017-07-24,sh.600070,10.9200,11.0600,10.8800,10.9700,10.9700,2027770,22233432.0000,3,0.568619,1,0.000000,0
2017-07-25,sh.600070,10.9700,11.1500,10.9000,11.0700,10.9700,2399050,26474160.0000,3,0.672732,1,0.911572,0
2017-07-26,sh.600070,11.0600,11.1900,10.9700,11.0600,11.0700,1633788,18050688.0000,3,0.458140,1,-0.090328,0
2017-07-27,sh.600070,11.0200,11.3000,10.9200,11.1700,11.0600,2591051,28890759.0000,3,0.726572,1,0.994572,0
2017-07-28,sh.600070,11.2000,11.2400,11.1300,11.1700,11.1700,1688165,18858341.0000,3,0.473388,1,0.000000,0
2017-07-31,sh.600070,11.1600,11.4600,11.1600,11.2700,11.1700,2137414,24154464.0000,3,0.599365,1,0.895259,0
2017-08-01,sh.600070,11.2500,11.3500,11.2000,11.2700,11.2700,1529634,17246761.0000,3,0.428934,1,0.000000,0
2017-08-02,sh.600070,11.2800,11.3300,10.6000,10.6400,11.2700,5286177,57623628.0000,3,1.482329,1,-5.590063,0
2017-08-03,sh.600070,10.5600,10.7500,10.4400,10.7000,10.6400,5456716,57736211.0000,3,1.530150,1,0.563905,0
2017-08-04,sh.600070,10.6800,10.6800,10.5200,10.5300,10.7000,2322425,24616001.0000,3,0.651245,1,-1.588786,0
2017-08-07,sh.600070,10.5300,11.1800,10.5300,11.0200,10.5300,4766429,52118926.0000,3,1.336583,1,4.653378,0
2017-08-08,sh.600070,11.0700,11.0900,10.9300,11.0000,11.0200,2111350,23288903.0000,3,0.592056,1,-0.181492,0
2017-08-09,sh.600070,11.0000,11.0900,10.9100,11.0400,11.0000,1430733,15747176.0000,3,0.401200,1,0.363636,0
2017-08-10,sh.600070,11.0700,11.0700,10.7400,10.8800,11.0400,2006880,21821753.0000,3,0.562761,1,-1.449274,0
2017-08-11,sh.600070,10.8400,10.8700,10.5900,10.7700,10.8800,2669910,28658533.0000,3,0.748685,1,-1.011026,0
2017-08-14,sh.600070,10.6500,10.9100,10.6500,10.7900,10.7700,2935353,31703439.0000,3,0.823120,1,0.185696,0
2017-08-15,sh.600070,10.8000,10.8600,10.4800,10.6700,10.7900,6362563,67605142.0000,3,1.784164,1,-1.112140,0
2017-08-16,sh.600070,10.6000,10.6800,10.5300,10.6700,10.6700,3566200,37776532.0000,3,1.000019,1,0.000000,0
2017-08-17,sh.600070,10.6700,10.7800,10.6300,10.7700,10.6700,3091783,33123633.0000,3,0.866985,1,0.937211,0
2017-08-18,sh.600070,10.7100,11.0000,10.6600,10.9400,10.7700,4452674,48342601.0000,3,1.248601,1,1.578450,0
2017-08-21,sh.600070,11.0000,11.2000,10.9400,11.1000,10.9400,5093856,56395586.0000,3,1.428399,1,1.462530,0
2017-08-22,sh.600070,11.0900,11.2000,11.0200,11.1400,11.1000,3809857,42311219.0000,3,1.068345,1,0.360360,0
2017-08-23,sh.600070,11.3400,11.4000,11.0100,11.1500,11.1400,6603102,74223340.0000,3,1.851615,1,0.089760,0
2017-08-24,sh.600070,11.1500,11.1500,10.7800,10.8500,11.1500,3189190,34937797.0000,3,0.894300,1,-2.690576,0
2017-08-25,sh.600070,10.8000,11.1000,10.7900,10.9100,10.8500,2465190,26944246.0000,3,0.691279,1,0.552990,0
2017-08-28,sh.600070,10.9200,11.1800,10.9200,11.1200,10.9100,4849728,53623735.0000,3,1.359941,1,1.924840,0
2017-08-29,sh.600070,11.1800,11.4000,11.1000,11.1600,11.1200,4116510,46317929.0000,3,1.154335,1,0.359712,0
2017-08-30,sh.600070,11.1100,11.2300,11.1100,11.1700,11.1600,2665871,29770426.0000,3,0.747553,1,0.089608,0
2017-08-31,sh.600070,11.1100,11.2500,11.0500,11.1800,11.1700,3203630,35712890.0000,3,0.898349,1,0.089528,0
2017-09-01,sh.600070,11.1900,11.2000,11.0500,11.1700,11.1800,2878680,32001459.0000,3,0.807228,1,-0.089447,0
2017-09-04,sh.600070,11.2500,11.3900,11.1900,11.2200,11.1700,3688233,41533763.0000,3,1.034239,1,0.447629,0
2017-09-05,sh.600070,11.2000,11.2800,11.1200,11.2100,11.2200,2718639,30514000.0000,3,0.762350,1,-0.089129,0
2017-09-06,sh.600070,11.2300,11.2700,11.0800,11.1400,11.2100,2275582,25338896.0000,3,0.638110,1,-0.624440,0
2017-09-07,sh.600070,11.1600,11.2400,11.0500,11.0600,11.1400,2475362,27572701.0000,3,0.694131,1,-0.718132,0
2017-09-08,sh.600070,11.0300,11.1600,11.0100,11.0900,11.0600,2328702,25783028.0000,3,0.653005,1,0.271245,0
2017-09-11,sh.600070,11.1300,11.2000,11.0200,11.1800,11.0900,2150924,23915505.0000,3,0.603153,1,0.811543,0
2017-09-12,sh.600070,11.1600,11.2000,11.0400,11.0600,11.1800,2491990,27656095.0000,3,0.698794,1,-1.073344,0
2017-09-13,sh.600070,11.0500,11.1500,11.0200,11.1400,11.0600,2579791,28566662.0000,3,0.723415,1,0.723327,0
2017-09-14,sh.600070,11.1600,11.1600,10.8700,10.9200,11.1400,4131653,45428801.0000,3,1.158582,1,-1.974868,0
2017-09-15,sh.600070,10.8500,10.9400,10.8200,10.8300,10.9200,2098750,22774621.0000,3,0.588523,1,-0.824177,0
2017-09-18,sh.600070,10.8200,10.8800,10.6600,10.7100,10.8300,4669186,49980688.0000,3,1.309314,1,-1.108032,0
2017-09-19,sh.600070,10.6600,10.7400,10.5800,10.6200,10.7100,3474099,36935398.0000,3,0.974193,1,-0.840338,0
2017-09-20,sh.600070,10.6200,10.8900,10.5900,10.7600,10.6200,3587303,38622466.0000,3,1.005937,1,1.318271,0
2017-09-21,sh.600070,10.7600,10.8100,10.6700,10.7300,10.7600,2414762,25927701.0000,3,0.677138,1,-0.278817,0
2017-09-22,sh.600070,10.7100,10.7400,10.6300,10.6800,10.7300,1565416,16726202.0000,3,0.438968,1,-0.465976,0
2017-09-25,sh.600070,10.7000,10.7200,10.5200,10.6400,10.6800,2089666,22209395.0000,3,0.585976,1,-0.374532,0
2017-09-26,sh.600070,10.6000,10.7300,10.5200,10.7100,10.6400,2384060,25299403.0000,3,0.668529,1,0.657892,0
2017-09-27,sh.600070,10.7200,10.7400,10.5600,10.7300,10.7100,2247393,23936798.0000,3,0.630205,1,0.186737,0
2017-09-28,sh.600070,10.7400,10.7500,10.6400,10.7100,10.7300,1798044,19190232.0000,3,0.504200,1,-0.186389,0
2017-09-29,sh.600070,10.7000,10.7200,10.6100,10.6200,10.7100,1752850,18670109.0000,3,0.491527,1,-0.840338,0
2017-10-09,sh.600070,10.7000,10.7600,10.6100,10.7100,10.6200,2073040,22146048.0000,3,0.581314,1,0.847459,0
2017-10-10,sh.600070,10.7000,10.8600,10.6400,10.8300,10.7100,3713531,39971211.0000,3,1.041333,1,1.120447,0
2017-10-11,sh.600070,10.8500,10.9600,10.7500,10.8400,10.8300,3026646,32708342.0000,3,0.848720,1,0.092338,0
2017-10-12,sh.600070,11.0700,11.3000,11.0100,11.0800,10.8400,10437438,116377086.0000,3,2.926824,1,2.214020,0
2017-10-13,sh.600070,10.9800,11.8500,10.9400,11.4700,11.0800,13673674,156583660.0000,3,3.834317,1,3.519859,0
2017-10-16,sh.600070,11.3600,11.6300,11.2100,11.4700,11.4700,8445078,96434959.0000,3,2.368135,1,0.000000,0
2017-10-17,sh.600070,11.3000,11.5000,11.2300,11.3900,11.4700,4925804,55954937.0000,3,1.381274,1,-0.697471,0
2017-10-18,sh.600070,11.3500,11.6500,11.2700,11.3400,11.3900,5850562,67138358.0000,3,1.640591,1,-0.438983,0
2017-10-19,sh.600070,11.2500,11.4400,11.1400,11.3400,11.3400,4155812,46850909.0000,3,1.165356,1,0.000000,0
2017-10-20,sh.600070,11.3300,11.5300,11.2500,11.4800,11.3400,4377452,49910878.0000,3,1.227508,1,1.234563,0
2017-10-23,sh.600070,11.4100,11.6700,11.4100,11.5900,11.4800,4541522,52490455.0000,3,1.273515,1,0.958194,0
2017-10-24,sh.600070,11.6000,11.6100,11.4300,11.5600,11.5900,3192169,36788888.0000,3,0.895135,1,-0.258842,0
2017-10-25,sh.600070,11.5200,11.8000,11.4400,11.7300,11.5600,6881642,80261623.0000,3,1.929722,1,1.470581,0
2017-10-26,sh.600070,11.7000,11.7700,11.6200,11.7000,11.7300,5339868,62466466.0000,3,1.497384,1,-0.255752,0
2017-10-27,sh.600070,11.7400,11.7500,11.3500,11.4400,11.7000,5812160,66961649.0000,3,1.629823,1,-2.222224,0
2017-10-30,sh.600070,11.4500,11.5300,10.9400,11.1000,11.4400,4432120,49936014.0000,3,1.242837,1,-2.972021,0
2017-10-31,sh.600070,11.1700,11.2200,11.0800,11.1200,11.1000,1846087,20575477.0000,3,0.517672,1,0.180176,0
2017-11-01,sh.600070,11.0600,11.1800,11.0200,11.0600,11.1200,1909451,21176800.0000,3,0.535441,1,-0.539563,0
2017-11-02,sh.600070,11.1000,11.1000,10.7100,10.7200,11.0600,2720009,29535550.0000,3,0.762734,1,-3.074142,0
2017-11-03,sh.600070,10.7800,10.9600,10.6400,10.7900,10.7200,2801137,30190332.0000,3,0.785484,1,0.652982,0
2017-11-06,sh.600070,10.8200,10.8600,10.5900,10.8300,10.7900,2223696,23870961.0000,3,0.623560,1,0.370713,0
2017-11-07,sh.600070,10.8300,10.8300,10.6800,10.7100,10.8300,1588300,17035934.0000,3,0.445385,1,-1.108032,0
2017-11-08,sh.600070,10.7100,10.7700,10.5900,10.7200,10.7100,3885633,41398828.0000,3,1.089594,1,0.093373,0
2017-11-09,sh.600070,10.6600,10.7800,10.6200,10.7000,10.7200,1839220,19657438.0000,3,0.515747,1,-0.186571,0
2017-11-10,sh.600070,10.6700,10.6900,10.6100,10.6200,10.7000,1880142,19996850.0000,3,0.527222,1,-0.747663,0
2017-11-13,sh.600070,10.6100,10.7500,10.5100,10.5900,10.6200,2679734,28441167.0000,3,0.751440,1,-0.282483,0
2017-11-14,sh.600070,10.6100,10.6500,10.5100,10.5900,10.5900,1441677,15221677.0000,3,0.404269,1,0.000000,0
2017-11-15,sh.600070,10.5300,10.6300,10.4600,10.5200,10.5900,1696470,17829978.0000,3,0.475717,1,-0.660998,0
2017-11-16,sh.600070,10.4800,10.6400,10.4500,10.6000,10.5200,1843766,19542705.0000,3,0.517021,1,0.760455,0
2017-11-17,sh.600070,10.6200,10.6200,10.4500,10.5500,10.6000,2560100,26967605.0000,3,0.717893,1,-0.471700,0
2017-11-20,sh.600070,10.5000,10.5600,9.9800,10.5500,10.5500,3406520,34895386.0000,3,0.955243,1,0.000000,0
2017-11-21,sh.600070,10.4700,10.5300,10.2400,10.3400,10.5500,1769045,18378217.0000,3,0.496068,1,-1.990522,0
2017-11-22,sh.600070,10.2900,10.3600,9.9900,10.0500,10.3400,2951132,29784671.0000,3,0.827545,1,-2.804642,0
2017-11-23,sh.600070,10.1000,10.1000,9.7500,9.9200,10.0500,2981741,29452720.0000,3,0.836128,1,-1.293533,0
2017-11-24,sh.600070,9.8600,9.9100,9.5300,9.7000,9.9200,2397996,23291977.0000,3,0.672436,1,-2.217745,0
2017-11-27,sh.600070,9.6100,9.7200,9.5300,9.6800,9.7000,2196406,21124221.0000,3,0.615907,1,-0.206180,0
2017-11-28,sh.600070,9.6000,9.7900,9.5600,9.7600,9.6800,1268200,12310666.0000,3,0.355624,1,0.826446,0
2017-11-29,sh.600070,9.7300,9.8000,9.6500,9.7600,9.7600,1007170,9786900.0000,3,0.282427,1,0.000000,0
2017-11-30,sh.600070,9.7500,9.9600,9.7000,9.8500,9.7600,1332945,13115480.0000,3,0.373779,1,0.922133,0
2017-12-01,sh.600070,9.8500,9.9400,9.7400,9.8300,9.8500,1137500,11169479.0000,3,0.318973,1,-0.203050,0
2017-12-04,sh.600070,9.8300,9.8900,9.6000,9.6200,9.8300,1501566,14504694.0000,3,0.421063,1,-2.136318,0
2017-12-05,sh.600070,9.6000,9.6900,9.1300,9.1800,9.6200,2355453,21962804.0000,3,0.660507,1,-4.573801,0
2017-12-06,sh.600070,9.1500,9.3900,9.0500,9.2800,9.1800,1769928,16362566.0000,3,0.496316,1,1.089318,0
2017-12-07,sh.600070,9.2800,9.3400,9.1800,9.3100,9.2800,1476552,13660527.0000,3,0.414049,1,0.323283,0
2017-12-08,sh.600070,9.2800,9.4000,9.2800,9.3200,9.3100,1847820,17238600.0000,3,0.518158,1,0.107404,0
2017-12-11,sh.600070,9.4000,9.6500,9.4000,9.5800,9.3200,3295961,31493146.0000,3,0.924240,1,2.789702,0
2017-12-12,sh.600070,9.5500,9.5800,9.2800,9.3800,9.5800,1942493,18226152.0000,3,0.544706,1,-2.087681,0
2017-12-13,sh.600070,9.3700,9.3700,9.2000,9.2700,9.3800,1190851,11031745.0000,3,0.333934,1,-1.172704,0
2017-12-14,sh.600070,9.3100,9.3400,9.1500,9.2000,9.2700,1336620,12324531.0000,3,0.374810,1,-0.755131,0
2017-12-15,sh.600070,9.1600,9.2000,9.0900,9.1600,9.2000,1663300,15182053.0000,3,0.466416,1,-0.434782,0
2017-12-18,sh.600070,9.1700,9.1700,9.0600,9.0800,9.1600,1160152,10564495.0000,3,0.325325,1,-0.873362,0
2017-12-19,sh.600070,9.0500,9.1300,8.9400,9.0800,9.0800,3193112,28744140.0000,3,0.895400,1,0.000000,0
2017-12-20,sh.600070,9.1800,9.2000,8.9500,9.0400,9.0800,2565196,23140451.0000,3,0.719322,1,-0.440528,0
2017-12-21,sh.600070,9.0300,9.0300,8.9000,9.0000,9.0400,2892440,25924670.0000,3,0.811086,1,-0.442478,0
2017-12-22,sh.600070,9.0100,9.2500,8.9300,9.2200,9.0000,5024081,45760615.0000,3,1.408833,1,2.444447,0
2017-12-25,sh.600070,9.2200,9.3700,9.1900,9.3300,9.2200,4628534,42890828.0000,3,1.297915,1,1.193055,0
2017-12-26,sh.600070,9.3500,9.4300,9.2800,9.3800,9.3300,3342349,31301173.0000,3,0.937248,1,0.535908,0
2017-12-27,sh.600070,9.3700,9.5200,9.3400,9.4100,9.3800,3683974,34615396.0000,3,1.033045,1,0.319827,0
2017-12-28,sh.600070,9.4400,9.5100,9.2900,9.4600,9.4100,4845024,45589241.0000,3,1.358622,1,0.531352,0
2017-12-29,sh.600070,10.1700,10.1700,9.5000,9.6500,9.4600,6130443,60213286.0000,3,1.719074,1,2.008452,0
2018-01-02,sh.600070,9.7000,9.7000,9.4900,9.5000,9.6500,3844100,36855170.0000,3,1.077947,1,-1.554400,0
2018-01-03,sh.600070,9.5800,9.5800,9.4500,9.5200,9.5000,1965281,18652422.0000,3,0.551096,1,0.210531,0
2018-01-04,sh.600070,9.5500,9.6000,9.4200,9.5800,9.5200,1631702,15509115.0000,3,0.457555,1,0.630247,0
2018-01-05,sh.600070,9.6000,9.6000,9.4400,9.5000,9.5800,1736202,16508281.0000,3,0.486859,1,-0.835072,0
2018-01-08,sh.600070,9.4800,9.4800,9.3400,9.3800,9.5000,1335505,12539461.0000,3,0.374497,1,-1.263157,0
2018-01-09,sh.600070,9.3700,9.4300,9.2100,9.2200,9.3800,1873322,17390669.0000,3,0.525309,1,-1.705755,0
2018-01-10,sh.600070,9.2000,9.3900,9.2000,9.3300,9.2200,2340635,21815834.0000,3,0.656351,1,1.193055,0
2018-01-11,sh.600070,9.4000,9.8000,9.3400,9.7300,9.3300,4551261,43803019.0000,3,1.133513,1,4.287241,0
2018-01-12,sh.600070,9.7500,9.8100,9.6100,9.6200,9.7300,2744484,26597206.0000,3,0.683527,1,-1.130521,0
2018-01-15,sh.600070,9.6000,9.7700,9.4000,9.5800,9.6200,3033581,29082676.0000,3,0.755528,1,-0.415800,0
2018-01-16,sh.600070,9.5800,9.8700,9.5300,9.6000,9.5800,2668808,25815086.0000,3,0.664679,1,0.208773,0
2018-01-17,sh.600070,9.6100,9.7100,9.5500,9.7000,9.6000,2490600,24002202.0000,3,0.620296,1,1.041661,0
2018-01-18,sh.600070,9.6900,9.7200,9.6000,9.6700,9.7000,1559838,15066377.0000,3,0.388485,1,-0.309276,0
2018-01-19,sh.600070,9.6300,9.6700,9.5700,9.5900,9.6700,1368941,13159757.0000,3,0.340941,1,-0.827300,0
2018-01-22,sh.600070,9.6600,9.6600,9.4000,9.5200,9.5900,1706490,16122403.0000,3,0.425009,1,-0.729924,0
2018-01-23,sh.600070,9.4200,9.5400,9.4000,9.5400,9.5200,1377812,13030262.0000,3,0.343151,1,0.210079,0
2018-01-24,sh.600070,9.5500,9.5900,9.4700,9.5400,9.5400,1265231,12055356.0000,3,0.315112,1,0.000000,0
2018-01-25,sh.600070,9.5900,9.7800,9.5800,9.6200,9.5400,1602800,15524774.0000,3,0.399185,1,0.838574,0
2018-01-26,sh.600070,9.7200,9.7200,9.6000,9.6800,9.6200,952437,9191410.0000,3,0.237209,1,0.623705,0
2018-01-29,sh.600070,9.6800,9.8900,9.6500,9.6600,9.6800,1526701,14850906.0000,3,0.380232,1,-0.206616,0
2018-01-30,sh.600070,9.7100,9.7300,9.5200,9.6000,9.6600,1360380,13059808.0000,3,0.338809,1,-0.621112,0
2018-01-31,sh.600070,9.6400,9.6500,9.5000,9.6000,9.6000,1085216,10367845.0000,3,0.270278,1,0.000000,0
2018-02-01,sh.600070,9.6000,9.6500,9.1700,9.2600,9.6000,2907620,27164909.0000,3,0.724157,1,-3.541668,0
2018-02-02,sh.600070,9.2000,9.2000,9.0100,9.0800,9.2600,1385361,12601402.0000,3,0.345031,1,-1.943848,0
2018-02-05,sh.600070,9.0600,9.1400,8.9700,9.1000,9.0800,839533,7598575.0000,3,0.209090,1,0.220269,0
2018-02-06,sh.600070,9.0600,9.0600,8.1900,8.2800,9.1000,2793864,23943720.0000,3,0.695825,1,-9.010996,0
2018-02-07,sh.600070,8.4100,9.1100,7.7000,9.0400,8.2800,6712273,58298459.0000,3,1.671724,1,9.178747,0
2018-02-08,sh.600070,8.9300,9.2200,8.9000,9.0500,9.0400,2735579,24796596.0000,3,0.681309,1,0.110622,0
2018-02-09,sh.600070,8.8800,9.0000,8.6500,8.7800,9.0500,2005300,17744840.0000,3,0.499430,1,-2.983430,0
2018-02-12,sh.600070,8.7900,9.3200,8.7900,9.1900,8.7800,2313163,21119834.0000,3,0.576104,1,4.669703,0
2018-02-13,sh.600070,9.1900,9.2900,9.1100,9.1700,9.1900,910120,8353844.0000,3,0.226670,1,-0.217622,0
2018-02-14,sh.600070,9.1500,9.2800,9.0900,9.2300,9.1700,678804,6242450.0000,3,0.169059,1,0.654302,0
2018-02-22,sh.600070,9.2900,9.5700,9.2300,9.4700,9.2300,1571943,14825337.0000,3,0.391500,1,2.600225,0
2018-02-23,sh.600070,9.4700,9.5700,9.4100,9.4800,9.4700,828327,7849226.0000,3,0.206299,1,0.105589,0
2018-02-26,sh.600070,9.4800,9.5400,9.3900,9.4700,9.4800,1563100,14786301.0000,3,0.389298,1,-0.105478,0
2018-02-27,sh.600070,9.6900,9.6900,9.3100,9.4100,9.4700,1902780,18067014.0000,3,0.473896,1,-0.633584,0
2018-02-28,sh.600070,9.4000,9.4000,9.2000,9.3000,9.4100,1021300,9475777.0000,3,0.254360,1,-1.168966,0
2018-03-01,sh.600070,9.3100,9.4000,9.2500,9.3700,9.3000,1050833,9837251.0000,3,0.261715,1,0.752685,0
2018-03-02,sh.600070,9.3200,9.6500,9.3200,9.4500,9.3700,1950200,18499959.0000,3,0.485707,1,0.853788,0
2018-03-05,sh.600070,9.4500,9.4900,9.2600,9.3100,9.4500,898163,8390950.0000,3,0.223692,1,-1.481475,0
2018-03-06,sh.600070,9.3200,9.3500,9.2500,9.3500,9.3100,1196245,11131793.0000,3,0.297931,1,0.429645,0
2018-03-07,sh.600070,9.3600,9.3600,9.2600,9.3000,9.3500,768000,7141415.0000,3,0.191274,1,-0.534761,0
2018-03-08,sh.600070,9.3400,9.5000,9.3000,9.3600,9.3000,2186575,20588240.0000,3,0.544577,1,0.645155,0
2018-03-09,sh.600070,9.3600,9.4400,9.3100,9.4200,9.3600,1542993,14452665.0000,3,0.384290,1,0.641030,0
2018-03-12,sh.600070,9.4400,9.5700,9.3400,9.5300,9.4200,2892230,27463037.0000,3,0.720324,1,1.167725,0
2018-03-13,sh.600070,9.5200,9.5800,9.4500,9.5300,9.5300,1712141,16293908.0000,3,0.426417,1,0.000000,0
2018-03-14,sh.600070,9.5200,9.5200,9.2500,9.2900,9.5300,2146719,20059940.0000,3,0.534651,1,-2.518361,0
2018-03-15,sh.600070,9.2600,9.3200,9.0200,9.0900,9.2900,1545830,14141386.0000,3,0.384996,1,-2.152850,0
2018-03-16,sh.600070,9.0300,9.2500,9.0300,9.2100,9.0900,799636,7346489.0000,3,0.199153,1,1.320131,0
2018-03-19,sh.600070,9.2000,9.3900,9.1200,9.3400,9.2100,1305608,12135370.0000,3,0.325168,1,1.411510,0
2018-03-20,sh.600070,9.3400,9.3400,9.1600,9.2000,9.3400,1143830,10535725.0000,3,0.284876,1,-1.498933,0
2018-03-21,sh.600070,9.1500,9.2700,9.1000,9.1500,9.2000,856307,7872129.0000,3,0.213267,1,-0.543480,0
2018-03-22,sh.600070,9.2500,9.2500,9.0500,9.1100,9.1500,1024770,9377900.0000,3,0.255224,1,-0.437158,0
2018-03-23,sh.600070,9.0000,9.0000,8.6600,8.7700,9.1100,2408312,21135477.0000,3,0.599802,1,-3.732154,0
2018-03-26,sh.600070,8.6300,8.9900,8.5100,8.9700,8.7700,1830825,16241403.0000,3,0.455976,1,2.280499,0
2018-03-27,sh.600070,9.0000,9.0900,8.9900,9.0000,8.9700,1296660,11704975.0000,3,0.322939,1,0.334445,0
2018-03-28,sh.600070,9.0300,9.1000,8.9000,9.0600,9.0000,1689458,15213332.0000,3,0.420768,1,0.666671,0
2018-03-29,sh.600070,9.5100,9.9700,9.5100,9.5200,9.0600,6007556,58138305.0000,3,1.496210,1,5.077263,0
2018-03-30,sh.600070,9.3900,9.4500,9.2000,9.4100,9.5200,3389697,31638347.0000,3,0.844220,1,-1.155469,0
2018-04-02,sh.600070,9.3300,9.6100,9.3100,9.5600,9.4100,2789278,26487929.0000,3,0.694683,1,1.594055,0
2018-04-03,sh.600070,9.4700,9.5100,9.3800,9.4300,9.5600,1524079,14389720.0000,3,0.379579,1,-1.359834,0
2018-04-04,sh.600070,9.3700,9.4900,9.3400,9.3500,9.4300,1149574,10818203.0000,3,0.286307,1,-0.848356,0
2018-04-09,sh.600070,9.2600,9.3700,9.1200,9.2600,9.3500,1181700,10933841.0000,3,0.294308,1,-0.962569,0
2018-04-10,sh.600070,9.2600,9.3100,9.1600,9.2000,9.2600,1231034,11349201.0000,3,0.306595,1,-0.647953,0
2018-04-11,sh.600070,9.2400,9.4900,9.2100,9.4100,9.2000,1758154,16543314.0000,3,0.437877,1,2.282609,0
2018-04-12,sh.600070,9.4100,9.4700,9.3300,9.4300,9.4100,1299520,12205804.0000,3,0.323652,1,0.212545,0
2018-04-13,sh.600070,9.4300,9.4700,9.3300,9.3300,9.4300,1037000,9708044.0000,3,0.258270,1,-1.060449,0
2018-04-16,sh.600070,9.3300,9.3700,9.1700,9.3400,9.3300,1281120,11896903.0000,3,0.319069,1,0.107184,0
2018-04-17,sh.600070,9.3400,9.3900,9.1300,9.1800,9.3400,992000,9212793.0000,3,0.247062,1,-1.713060,0
2018-04-18,sh.600070,9.2200,9.5300,9.1400,9.5000,9.1800,3076728,28869222.0000,3,0.766274,1,3.485835,0
2018-04-19,sh.600070,9.4800,9.5900,9.4200,9.4700,9.5000,1453142,13794780.0000,3,0.361912,1,-0.315787,0
2018-04-20,sh.600070,9.5000,9.5500,9.4400,9.5000,9.4700,1616349,15321210.0000,3,0.402559,1,0.316787,0
2018-04-23,sh.600070,9.6000,9.6800,9.4700,9.5600,9.5000,2244801,21457030.0000,3,0.559078,1,0.631583,0
2018-04-24,sh.600070,9.6000,9.6500,9.5300,9.6400,9.5600,2521051,24228889.0000,3,0.627880,1,0.836819,0
2018-04-25,sh.600070,9.6400,9.6400,9.4500,9.4900,9.6400,2200280,20954237.0000,3,0.547990,1,-1.556022,0
2018-04-26,sh.600070,9.5500,9.5500,9.4200,9.4200,9.4900,940800,8905764.0000,3,0.234311,1,-0.737615,0
2018-04-27,sh.600070,9.4200,9.5100,9.3700,9.3900,9.4200,1335567,12580266.0000,3,0.332629,1,-0.318468,0
2018-05-02,sh.600070,9.3300,9.5000,9.3300,9.3600,9.3900,907190,8539311.0000,3,0.225940,1,-0.319496,0
2018-05-03,sh.600070,9.3500,9.4700,9.3100,9.4400,9.3600,1579651,14843379.0000,3,0.393420,1,0.854700,0
2018-05-04,sh.600070,9.4100,9.5200,9.3400,9.4200,9.4400,1401898,13213620.0000,3,0.349149,1,-0.211859,0
2018-05-07,sh.600070,9.4200,9.6600,9.4200,9.6000,9.4200,4029055,38646732.0000,3,1.003455,1,1.910831,0
2018-05-08,sh.600070,9.5800,9.7000,9.5200,9.5700,9.6000,1538404,14793247.0000,3,0.383147,1,-0.312507,0
2018-05-09,sh.600070,9.6200,9.7700,9.6000,9.6900,9.5700,3243906,31494684.0000,3,0.807910,1,1.253917,0
2018-05-10,sh.600070,9.7500,9.7700,9.6000,9.7100,9.6900,2153107,20892024.0000,3,0.536242,1,0.206403,0
2018-05-11,sh.600070,9.7200,9.7700,9.5000,9.5200,9.7100,1573100,15069113.0000,3,0.391788,1,-1.956741,0
2018-05-14,sh.600070,9.5200,9.5500,9.2100,9.2200,9.5200,2205000,20668328.0000,3,0.549166,1,-3.151262,0
2018-05-15,sh.600070,9.1500,9.3500,9.1400,9.2900,9.2200,910842,8424231.0000,3,0.226850,1,0.759216,0
2018-05-16,sh.600070,9.2700,9.2700,9.1500,9.1700,9.2900,1219500,11213836.0000,3,0.303722,1,-1.291710,0
2018-05-17,sh.600070,9.1500,9.2300,8.9700,9.0400,9.1700,2289630,20760296.0000,3,0.570243,1,-1.417668,0
2018-05-18,sh.600070,8.9200,9.1800,8.9200,9.0800,9.0400,1196506,10856749.0000,3,0.297996,1,0.442478,0
2018-05-21,sh.600070,9.1000,9.3200,9.0900,9.2200,9.0800,1555037,14324862.0000,3,0.387289,1,1.541854,0
2018-05-22,sh.600070,9.1600,9.2000,9.0000,9.1300,9.2200,1357131,12339643.0000,3,0.338000,1,-0.976140,0
2018-05-23,sh.600070,9.1000,9.1800,8.9700,8.9800,9.1300,1069521,9678834.0000,3,0.266369,1,-1.642942,0
2018-05-24,sh.600070,8.9900,9.0700,8.9800,9.0100,8.9800,686300,6198303.0000,3,0.170926,1,0.334083,0
2018-05-25,sh.600070,9.0700,9.0700,8.8900,8.9700,9.0100,894210,7999286.0000,3,0.222707,1,-0.443951,0
2018-05-28,sh.600070,8.9600,9.0500,8.7900,8.8100,8.9700,1061310,9418504.0000,3,0.264324,1,-1.783722,0
2018-05-29,sh.600070,8.8000,8.9500,8.6500,8.9000,8.8100,1179710,10410228.0000,3,0.293812,1,1.021557,0
2018-05-30,sh.600070,8.7000,8.8500,8.6300,8.8400,8.9000,1353483,11873609.0000,3,0.337091,1,-0.674151,0
2018-05-31,sh.600070,8.8800,9.0000,8.8000,8.9600,8.8400,1243633,11063845.0000,3,0.309733,1,1.357465,0
2018-06-01,sh.600070,8.8800,9.0000,8.8800,8.9700,8.9600,758193,6782700.0000,3,0.188832,1,0.111610,0
2018-06-04,sh.600070,9.0000,9.1000,8.8000,8.8300,8.9700,749703,6677049.0000,3,0.186717,1,-1.560762,0
2018-06-05,sh.600070,8.9300,8.9300,8.7500,8.8200,8.8300,899472,7909778.0000,3,0.224018,1,-0.113253,0
2018-06-06,sh.600070,8.8500,8.8500,8.7200,8.7600,8.8200,609300,5341268.0000,3,0.151749,1,-0.680266,0
2018-06-07,sh.600070,8.7600,8.7700,8.6600,8.7400,8.7600,811726,7066056.0000,3,0.202164,1,-0.228316,0
2018-06-08,sh.600070,8.7400,8.7400,8.6200,8.6400,8.7400,619201,5356012.0000,3,0.154215,1,-1.144158,0
2018-06-11,sh.600070,8.6600,8.7500,8.3000,8.6400,8.6400,1324839,11244092.0000,3,0.329957,1,0.000000,0
2018-06-12,sh.600070,8.5900,8.6800,8.4600,8.6500,8.6400,705803,6061790.0000,3,0.175784,1,0.115732,0
2018-06-13,sh.600070,8.5900,8.6000,8.4800,8.5300,8.6500,557811,4764458.0000,3,0.138925,1,-1.387282,0
2018-06-14,sh.600070,8.5600,8.5600,8.1000,8.1100,8.5300,1961980,16189164.0000,3,0.488640,1,-4.923799,0
2018-06-15,sh.600070,8.1000,8.1400,7.8600,7.9200,8.1100,1511608,12009002.0000,3,0.376473,1,-2.342782,0
2018-06-19,sh.600070,7.8000,7.8700,7.2800,7.6100,7.9200,2407319,18093421.0000,3,0.599554,1,-3.914140,0
2018-06-20,sh.600070,7.5400,7.9900,7.4200,7.9200,7.6100,2451597,18933245.0000,3,0.610582,1,4.073586,0
2018-06-21,sh.600070,7.8500,7.9500,7.7000,7.9200,7.9200,1735452,13592301.0000,3,0.432223,1,0.000000,0
2018-06-22,sh.600070,7.9300,7.9900,7.7700,7.8900,7.9200,628002,4957187.0000,3,0.156407,1,-0.378790,0
2018-06-25,sh.600070,7.8200,7.8200,7.6000,7.7500,7.7900,1463664,11307230.0000,3,0.364533,1,-0.513478,0
2018-06-26,sh.600070,7.6900,7.7100,7.6000,7.6700,7.7500,961705,7356820.0000,3,0.239517,1,-1.032257,0
2018-06-27,sh.600070,7.6100,7.6800,7.4500,7.6200,7.6700,969706,7343358.0000,3,0.241510,1,-0.651893,0
2018-06-28,sh.600070,7.5400,7.6300,7.4100,7.6100,7.6200,1418699,10692926.0000,3,0.353334,1,-0.131230,0
2018-06-29,sh.600070,7.6000,7.7600,7.5200,7.7400,7.6100,1577290,12087092.0000,3,0.392832,1,1.708274,0
2018-07-02,sh.600070,7.7500,7.7800,7.6000,7.6500,7.7400,892630,6836975.0000,3,0.222314,1,-1.162786,0
2018-07-03,sh.600070,7.7400,7.7400,7.5500,7.6300,7.6500,564900,4299284.0000,3,0.140691,1,-0.261438,0
2018-07-04,sh.600070,7.5700,7.6000,7.4700,7.5000,7.6300,629189,4732404.0000,3,0.156703,1,-1.703802,0
2018-07-05,sh.600070,7.5600,7.5600,7.2600,7.3400,7.5000,815651,5998440.0000,3,0.203142,1,-2.133331,0
2018-07-06,sh.600070,7.4300,7.4300,7.0800,7.1700,7.3400,1423269,10289973.0000,3,0.354472,1,-2.316077,0
2018-07-09,sh.600070,7.1400,7.2900,6.7000,7.2500,7.1700,3815761,26821537.0000,3,0.950333,1,1.115759,0
2018-07-10,sh.600070,7.1100,7.2100,6.8800,7.2000,7.2500,3872861,27184222.0000,3,0.964555,1,-0.689658,0
2018-07-11,sh.600070,7.1400,7.1400,6.8800,7.0400,7.2000,2640890,18423588.0000,3,0.657726,1,-2.222220,0
2018-07-12,sh.600070,7.0000,7.1000,6.9000,6.9700,7.0400,3439803,23998551.0000,3,0.856699,1,-0.994321,0
2018-07-13,sh.600070,7.0200,7.0300,6.9000,6.9400,6.9700,2135900,14827739.0000,3,0.531956,1,-0.430412,0
2018-07-16,sh.600070,6.9400,6.9400,6.7000,6.8100,6.9400,1903587,12964367.0000,3,0.474097,1,-1.873201,0
2018-07-17,sh.600070,6.7100,6.8800,6.7100,6.8300,6.8100,2279514,15548131.0000,3,0.567724,1,0.293685,0
2018-07-18,sh.600070,6.8900,6.8900,6.7300,6.7300,6.8300,966300,6569891.0000,3,0.240662,1,-1.464127,0
2018-07-19,sh.600070,6.7400,6.7800,6.5800,6.6700,6.7300,1276158,8534893.0000,3,0.317833,1,-0.891530,0
2018-07-20,sh.600070,6.6600,6.9500,6.5500,6.7800,6.6700,2105100,14146624.0000,3,0.524285,1,1.649177,0
2018-07-23,sh.600070,6.7800,6.8200,6.6700,6.8000,6.7800,1363011,9182912.0000,3,0.339464,1,0.294985,0
2018-07-24,sh.600070,6.8000,7.0000,6.7300,6.9400,6.8000,2541070,17539496.0000,3,0.632866,1,2.058821,0
2018-07-25,sh.600070,6.9400,6.9400,6.8000,6.9100,6.9400,1459076,10026012.0000,3,0.363390,1,-0.432280,0
2018-07-26,sh.600070,6.9300,6.9300,6.8000,6.9100,6.9100,2065614,14199839.0000,3,0.514451,1,0.000000,0
2018-07-27,sh.600070,6.8800,6.9100,6.8000,6.8300,6.9100,1718141,11767747.0000,3,0.427911,1,-1.157741,0
2018-07-30,sh.600070,6.9000,6.9000,6.7000,6.7700,6.8300,1420514,9593416.0000,3,0.353786,1,-0.878476,0
2018-07-31,sh.600070,6.7100,6.7800,6.7100,6.7500,6.7700,678300,4575695.0000,3,0.168934,1,-0.295421,0
2018-08-01,sh.600070,6.7600,6.8100,6.7000,6.7500,6.7500,938335,6340852.0000,3,0.233697,1,0.000000,0
2018-08-02,sh.600070,6.7800,6.9000,6.4000,6.8800,6.7500,5166043,35030138.0000,3,1.286628,1,1.925928,0
2018-08-03,sh.600070,6.8700,6.8700,6.7100,6.7700,6.8800,2014054,13673702.0000,3,0.501610,1,-1.598839,0
2018-08-06,sh.600070,6.7100,6.8000,6.6700,6.7700,6.7700,2654900,17930724.0000,3,0.661216,1,0.000000,0
2018-08-07,sh.600070,6.7700,7.2000,6.7400,7.0300,6.7700,3966790,27699032.0000,3,0.987948,1,3.840476,0
2018-08-08,sh.600070,6.9900,6.9900,6.5300,6.6800,7.0300,8971516,59783554.0000,3,2.234399,1,-4.978668,0
2018-08-09,sh.600070,6.5000,6.6500,6.4200,6.5300,6.6800,3792099,24882218.0000,3,0.944440,1,-2.245503,0
2018-08-10,sh.600070,6.5600,6.6600,6.4800,6.5300,6.5300,1694350,11084883.0000,3,0.421986,1,0.000000,0
2018-08-13,sh.600070,6.4900,6.5200,6.4000,6.4100,6.5300,2195960,14122082.0000,3,0.546914,1,-1.837678,0
2018-08-14,sh.600070,6.4300,6.5000,6.3300,6.4000,6.4100,3361149,21491891.0000,3,0.837110,1,-0.156002,0
2018-08-15,sh.600070,6.4000,6.4200,6.3200,6.4000,6.4000,2589284,16537588.0000,3,0.644874,1,0.000000,0
2018-08-16,sh.600070,6.3500,6.5100,6.3100,6.4200,6.4000,2669807,17203921.0000,3,0.664928,1,0.312500,0
2018-08-17,sh.600070,6.4500,6.4900,6.3600,6.4300,6.4200,1977888,12693456.0000,3,0.492602,1,0.155759,0
2018-08-20,sh.600070,6.4300,6.4700,6.3400,6.4000,6.4300,1328201,8489074.0000,3,0.330795,1,-0.466559,0
2018-08-21,sh.600070,6.4400,6.4400,6.3600,6.3800,6.4000,929700,5936487.0000,3,0.231546,1,-0.312500,0
2018-08-22,sh.600070,6.4000,6.4200,6.3200,6.3200,6.3800,1095500,6946799.0000,3,0.272840,1,-0.940438,0
2018-08-23,sh.600070,6.3500,6.4100,6.3000,6.4000,6.3200,1495120,9507818.0000,3,0.372367,1,1.265821,0
2018-08-24,sh.600070,6.3800,6.4000,6.3200,6.4000,6.4000,1212260,7723730.0000,3,0.301919,1,0.000000,0
2018-08-27,sh.600070,6.3900,6.4600,6.3900,6.4200,6.4000,948454,6088217.0000,3,0.236217,1,0.312500,0
2018-08-28,sh.600070,6.4100,6.4400,6.3600,6.3800,6.4200,758200,4847347.0000,3,0.188833,1,-0.623052,0
2018-08-29,sh.600070,6.3600,6.3600,6.2300,6.2600,6.3800,1235661,7781366.0000,3,0.307747,1,-1.880876,0
2018-08-30,sh.600070,6.2700,6.2800,6.1000,6.1200,6.2600,1398091,8650510.0000,3,0.348201,1,-2.236427,0
2018-08-31,sh.600070,6.0800,6.5600,6.0000,6.3700,6.1200,3526790,22025796.0000,3,0.878364,1,4.084968,0
2018-09-03,sh.600070,6.3700,6.3800,6.1800,6.2400,6.3700,1295402,8114535.0000,3,0.322626,1,-2.040818,0
2018-09-04,sh.600070,6.1500,6.2500,6.1200,6.2100,6.2400,675309,4187115.0000,3,0.168189,1,-0.480765,0
2018-09-05,sh.600070,6.1800,6.2200,6.1400,6.1500,6.2100,553600,3419259.0000,3,0.137877,1,-0.966183,0
2018-09-06,sh.600070,6.1500,6.1600,6.0400,6.0600,6.1500,818300,4978383.0000,3,0.203802,1,-1.463417,0
2018-09-07,sh.600070,6.1000,6.1500,6.0500,6.0700,6.0600,700480,4271778.0000,3,0.174458,1,0.165020,0
2018-09-10,sh.600070,6.0300,6.0700,5.8300,6.0700,6.0700,2392973,14360787.0000,3,0.595981,1,0.000000,0
2018-09-11,sh.600070,6.2700,6.2700,6.0700,6.2300,6.0700,3099010,19253412.0000,3,0.771823,1,2.635912,0
2018-09-12,sh.600070,6.2300,6.5100,6.1100,6.4000,6.2300,2666092,16959230.0000,3,0.664003,1,2.728733,0
2018-09-13,sh.600070,6.7000,6.7000,6.3400,6.5000,6.4000,5269018,34134405.0000,3,1.312274,1,1.562499,0
2018-09-14,sh.600070,6.4900,6.4900,6.2500,6.4700,6.5000,1807753,11482183.0000,3,0.450230,1,-0.461542,0
2018-09-17,sh.600070,6.3200,6.4300,6.3000,6.3000,6.4700,702220,4444222.0000,3,0.174891,1,-2.627506,0
2018-09-18,sh.600070,6.2000,6.3600,6.2000,6.3300,6.3000,745866,4704368.0000,3,0.185761,1,0.476186,0
2018-09-19,sh.600070,6.3100,6.3700,6.2500,6.3300,6.3300,871430,5505246.0000,3,0.217034,1,0.000000,0
2018-09-20,sh.600070,6.3300,6.3600,6.2900,6.2900,6.3300,609699,3849198.0000,3,0.151848,1,-0.631911,0
2018-09-21,sh.600070,6.3200,6.4300,6.2900,6.4200,6.2900,1232632,7846476.0000,3,0.306993,1,2.066774,0
2018-09-25,sh.600070,6.3900,6.3900,6.2600,6.2900,6.4200,993773,6263714.0000,3,0.247504,1,-2.024924,0
2018-09-26,sh.600070,6.2400,6.3100,6.2400,6.2900,6.2900,864690,5426741.0000,3,0.215355,1,0.000000,0
2018-09-27,sh.600070,6.2600,6.3200,6.1000,6.1000,6.2900,1001000,6231217.0000,3,0.249304,1,-3.020669,0
2018-09-28,sh.600070,6.1000,6.3500,6.1000,6.3400,6.1000,892310,5584339.0000,3,0.222234,1,3.934430,0
2018-10-08,sh.600070,6.2200,6.3200,6.1800,6.1900,6.3400,801200,5000128.0000,3,0.199543,1,-2.365932,0
2018-10-09,sh.600070,6.2000,6.3000,6.1400,6.1700,6.1900,1318001,8215892.0000,3,0.328254,1,-0.323101,0
2018-10-10,sh.600070,6.4900,6.5000,6.1800,6.3100,6.1700,2489412,15778359.0000,3,0.620000,1,2.269042,0
2018-10-11,sh.600070,6.1000,6.2300,5.8600,6.0500,6.3100,2233414,13525641.0000,3,0.556242,1,-4.120440,0
2018-10-12,sh.600070,6.0000,6.1400,5.8200,6.1300,6.0500,1420295,8491717.0000,3,0.353731,1,1.322313,0
2018-10-15,sh.600070,6.1400,6.1400,6.0200,6.0900,6.1300,542602,3291538.0000,3,0.135138,1,-0.652528,0
2018-10-16,sh.600070,6.1400,6.1500,5.9000,6.0200,6.0900,592125,3552352.0000,3,0.147472,1,-1.149428,0
2018-10-17,sh.600070,6.0200,6.0800,5.9100,5.9800,6.0200,694767,4145099.0000,3,0.173035,1,-0.664451,0
2018-10-18,sh.600070,5.9200,6.0000,5.5000,5.7800,5.9800,1536301,8876350.0000,3,0.382623,1,-3.344478,0
2018-10-19,sh.600070,5.7600,5.8500,5.6400,5.7700,5.7800,1829748,10539218.0000,3,0.455707,1,-0.173014,0
2018-10-22,sh.600070,5.8000,5.9600,5.7000,5.8600,5.7700,3058087,17985937.0000,3,0.761631,1,1.559795,0
2018-10-23,sh.600070,5.8500,5.8900,5.7300,5.8000,5.8600,1459666,8480293.0000,3,0.363537,1,-1.023890,0
2018-10-24,sh.600070,5.7600,5.8300,5.7200,5.8000,5.8000,747342,4308570.0000,3,0.186129,1,0.000000,0
2018-10-25,sh.600070,5.6900,5.7400,5.4600,5.7400,5.8000,2152813,12064131.0000,3,0.536168,1,-1.034490,0
2018-10-26,sh.600070,5.7700,5.7700,5.6600,5.7500,5.7400,1069751,6127682.0000,3,0.266427,1,0.174220,0
2018-10-29,sh.600070,5.7000,5.8700,5.6600,5.8700,5.7500,1780256,10208733.0000,3,0.443381,1,2.086955,0
2018-10-30,sh.600070,5.9000,5.9800,5.7700,5.9100,5.8700,1511890,8863903.0000,3,0.376543,1,0.681430,0
2018-10-31,sh.600070,5.9900,6.1200,5.8600,6.0700,5.9100,3804130,22980207.0000,3,0.947437,1,2.707281,0
2018-11-01,sh.600070,6.0600,6.1100,5.9800,6.0700,6.0700,1259880,7651551.0000,3,0.313779,1,0.000000,0
2018-11-02,sh.600070,6.0900,6.1800,6.0700,6.1300,6.0700,2423259,14837591.0000,3,0.603524,1,0.988467,0
2018-11-05,sh.600070,6.1300,6.1300,6.0000,6.0800,6.1300,2612324,15833227.0000,3,0.650612,1,-0.815664,0
2018-11-06,sh.600070,6.0800,6.0800,5.9900,6.0400,6.0800,2496600,15013161.0000,3,0.621790,1,-0.657894,0
2018-11-07,sh.600070,6.0000,6.1600,6.0000,6.1400,6.0400,3689945,22552952.0000,3,0.918998,1,1.655628,0
2018-11-08,sh.600070,6.1600,6.1700,6.0500,6.0900,6.1400,1715365,10481963.0000,3,0.427220,1,-0.814328,0
2018-11-09,sh.600070,6.1100,6.1100,6.0200,6.0400,6.0900,910364,5530667.0000,3,0.226730,1,-0.821021,0
2018-11-12,sh.600070,6.0000,6.6400,6.0000,6.4300,6.0400,6335893,40610840.0000,3,1.577984,1,6.456952,0
2018-11-13,sh.600070,6.3400,6.4600,6.3000,6.3500,6.4300,6374440,40636720.0000,3,1.587585,1,-1.244167,0
2018-11-14,sh.600070,6.3900,6.8500,6.1500,6.6000,6.3500,8579114,56432699.0000,3,2.136669,1,3.937008,0
2018-11-15,sh.600070,7.0900,7.0900,6.7200,6.8300,6.6000,11159737,76758531.0000,3,2.779386,1,3.484849,0
2018-11-16,sh.600070,7.2800,7.5100,7.2800,7.5100,6.8300,25591791,191737880.0000,3,6.373758,1,9.956080,0
2018-11-19,sh.600070,7.5600,7.5700,6.9300,7.0700,7.5100,27982411,200288438.0000,3,6.969153,1,-5.858855,0
2018-11-20,sh.600070,6.8500,7.1700,6.8000,6.9000,7.0700,12378961,86095894.0000,3,3.083039,1,-2.404527,0
2018-11-21,sh.600070,6.7900,7.0500,6.7500,6.9000,6.9000,8149839,56147175.0000,3,2.029756,1,0.000000,0
2018-11-22,sh.600070,6.9600,7.0200,6.7500,6.7800,6.9000,7446727,51046731.0000,3,1.854643,1,-1.739129,0
2018-11-23,sh.600070,6.6400,6.7300,6.2600,6.3200,6.7800,7126779,46240604.0000,3,1.774958,1,-6.784661,0
2018-11-26,sh.600070,6.3600,6.4100,6.2800,6.3400,6.3200,3878400,24612161.0000,3,0.965934,1,0.316455,0
2018-11-27,sh.600070,6.5500,6.9700,6.4200,6.9700,6.3400,16403020,111180175.0000,3,4.085250,1,9.936903,0
2018-11-28,sh.600070,6.8800,7.4300,6.6500,7.1400,6.9700,20944403,145316923.0000,3,5.216303,1,2.439026,0
2018-11-29,sh.600070,7.0700,7.4500,7.0000,7.0500,7.1400,14961147,107883589.0000,3,3.726145,1,-1.260500,0
2018-11-30,sh.600070,7.1400,7.3900,7.0200,7.2100,7.0500,11694115,84233655.0000,3,2.912475,1,2.269501,0
2018-12-03,sh.600070,7.3500,7.7700,7.2000,7.3800,7.2100,18003361,134865673.0000,3,4.483823,1,2.357837,0
2018-12-04,sh.600070,7.3300,7.4500,7.2200,7.3700,7.3800,11631953,85263265.0000,3,2.896993,1,-0.135504,0
2018-12-05,sh.600070,7.1000,7.2000,7.0100,7.0500,7.3700,9622246,68051517.0000,3,2.396466,1,-4.341923,0
2018-12-06,sh.600070,7.0200,7.1200,6.8900,7.0200,7.0500,4989373,34859184.0000,3,1.242627,1,-0.425535,0
2018-12-07,sh.600070,7.0500,7.4400,6.9600,7.3900,7.0200,11805917,85620564.0000,3,2.940320,1,5.270654,0
2018-12-10,sh.600070,7.2400,7.3500,7.1800,7.2300,7.3900,5581403,40470525.0000,3,1.390075,1,-2.165086,0
2018-12-11,sh.600070,7.2600,7.3400,7.0600,7.1500,7.2300,5184360,37203896.0000,3,1.291190,1,-1.106500,0
2018-12-12,sh.600070,7.1200,7.2500,7.0800,7.0800,7.1500,3522760,25220200.0000,3,0.877360,1,-0.979023,0
2018-12-13,sh.600070,7.1400,7.1900,7.0200,7.0800,7.0800,4226171,30032186.0000,3,1.052548,1,0.000000,0
2018-12-14,sh.600070,7.0500,7.1400,6.8000,6.9400,7.0800,6121860,42776741.0000,3,1.524678,1,-1.977399,0
2018-12-17,sh.600070,6.9400,7.0900,6.8500,7.0300,6.9400,3835930,26805839.0000,3,0.955357,1,1.296832,0
2018-12-18,sh.600070,6.9700,7.1900,6.9400,7.0800,7.0300,5110201,36255982.0000,3,1.272720,1,0.711233,0
2018-12-19,sh.600070,7.0400,7.1000,6.7200,6.7200,7.0800,4878197,33491343.0000,3,1.214938,1,-5.084748,0
2018-12-20,sh.600070,6.7200,6.8300,6.6100,6.7600,6.7200,4071642,27443243.0000,3,1.014062,1,0.595245,0
2018-12-21,sh.600070,6.6800,6.7700,6.6500,6.7000,6.7600,2554926,17119883.0000,3,0.636317,1,-0.887580,0
2018-12-24,sh.600070,6.7100,6.8300,6.5500,6.7600,6.7000,2703030,18188034.0000,3,0.673203,1,0.895529,0
2018-12-25,sh.600070,6.6500,6.7200,6.4400,6.5200,6.7600,4758700,31219676.0000,3,1.185177,1,-3.550299,0
2018-12-26,sh.600070,6.5900,6.6400,6.3800,6.5200,6.5200,7126731,46510823.0000,3,1.774946,1,0.000000,0
2018-12-27,sh.600070,6.5700,6.6400,6.2000,6.2000,6.5200,4474631,28861328.0000,3,1.114428,1,-4.907978,0
2018-12-28,sh.600070,6.2800,6.6400,6.2800,6.5200,6.2000,5447303,35073581.0000,3,1.356677,1,5.161293,0
2019-01-02,sh.600070,6.4800,6.6100,6.4400,6.4800,6.5200,3344500,21852128.0000,3,0.832964,1,-0.613496,0
2019-01-03,sh.600070,6.5500,6.5900,6.3000,6.3700,6.4800,4438251,28591718.0000,3,1.105368,1,-1.697533,0
2019-01-04,sh.600070,6.2900,6.6200,6.2800,6.5500,6.3700,3696835,24002578.0000,3,0.920714,1,2.825751,0
2019-01-07,sh.600070,6.6000,6.7000,6.5300,6.6600,6.5500,4278375,28349486.0000,3,1.065550,1,1.679384,0
2019-01-08,sh.600070,6.6200,6.6500,6.4300,6.4700,6.6600,4405027,28789684.0000,3,1.097093,1,-2.852854,0
2019-01-09,sh.600070,6.4900,6.7500,6.4900,6.6300,6.4700,6224411,41180921.0000,3,1.550219,1,2.472957,0
2019-01-10,sh.600070,6.5800,6.6900,6.5400,6.6700,6.6300,4727757,31293087.0000,3,1.177470,1,0.603318,0
2019-01-11,sh.600070,6.6600,6.7800,6.5800,6.7400,6.6700,5410286,36239711.0000,3,1.347458,1,1.049471,0
2019-01-14,sh.600070,6.9400,7.0500,6.7100,6.7700,6.7400,4762128,32274372.0000,3,1.186031,1,0.445107,0
2019-01-15,sh.600070,6.7300,6.7700,6.6300,6.7400,6.7700,3311394,22162810.0000,3,0.824718,1,-0.443134,0
2019-01-16,sh.600070,6.7000,6.7500,6.5500,6.5700,6.7400,3183334,21206337.0000,3,0.792825,1,-2.522249,0
2019-01-17,sh.600070,6.5900,6.7000,6.4600,6.4600,6.5700,4014421,26467267.0000,3,0.999811,1,-1.674279,0
2019-01-18,sh.600070,6.5500,6.6200,6.4900,6.5500,6.4600,3078825,20197574.0000,3,0.766796,1,1.393191,0
2019-01-21,sh.600070,6.5100,6.6200,6.4800,6.5200,6.5500,2691500,17631120.0000,3,0.670331,1,-0.458018,0
2019-01-22,sh.600070,6.5300,6.5700,6.2800,6.3600,6.5200,2937909,18880490.0000,3,0.731700,1,-2.453985,0
2019-01-23,sh.600070,6.4000,6.4200,6.2400,6.3400,6.3600,2490491,15734421.0000,3,0.620269,1,-0.314465,0
2019-01-24,sh.600070,6.3600,6.4800,6.2800,6.3800,6.3400,2334700,14932689.0000,3,0.581468,1,0.630914,0
2019-01-25,sh.600070,6.4100,6.4700,6.2800,6.3000,6.3800,2788735,17759186.0000,3,0.694548,1,-1.253917,0
2019-01-28,sh.600070,6.3100,6.4000,5.7000,6.1200,6.3000,4808004,29684548.0000,3,1.197456,1,-2.857147,0
2019-01-29,sh.600070,6.1200,6.3000,6.0400,6.2400,6.1200,3107774,19191298.0000,3,0.774006,1,1.960783,0
2019-01-30,sh.600070,6.2000,6.4500,6.2000,6.3900,6.2400,4275473,27212125.0000,3,1.064827,1,2.403848,0
2019-01-31,sh.600070,6.5000,6.5000,6.1300,6.1600,6.3900,3654228,22992512.0000,3,0.910103,1,-3.599374,0
2019-02-01,sh.600070,6.1800,6.6000,6.1800,6.4700,6.1600,5394671,34857633.0000,3,1.343569,1,5.032467,0
2019-02-11,sh.600070,6.4700,6.5400,6.3700,6.5400,6.4700,3909100,25261337.0000,3,0.973580,1,1.081919,0
2019-02-12,sh.600070,6.5000,6.6500,6.4400,6.6200,6.5400,4306091,28220307.0000,3,1.072453,1,1.223240,0
2019-02-13,sh.600070,6.5900,6.8500,6.5800,6.6900,6.6200,5737692,38484273.0000,3,1.429000,1,1.057405,0
2019-02-14,sh.600070,6.7000,6.7600,6.6300,6.6800,6.6900,3710351,24868050.0000,3,0.924081,1,-0.149480,0
2019-02-15,sh.600070,6.6500,6.7300,6.5800,6.6000,6.6800,2909550,19279695.0000,3,0.724637,1,-1.197604,0
2019-02-18,sh.600070,6.6100,6.8000,6.6100,6.7700,6.6000,5262913,35392699.0000,3,1.310754,1,2.575759,0
2019-02-19,sh.600070,6.7700,6.8500,6.6600,6.7300,6.7700,4794521,32355419.0000,3,1.194098,1,-0.590841,0
2019-02-20,sh.600070,6.7200,6.7400,6.6100,6.7200,6.7300,3683143,24569959.0000,3,0.917304,1,-0.148592,0
2019-02-21,sh.600070,6.7100,6.7800,6.6000,6.6300,6.7200,5621845,37668061.0000,3,1.400147,1,-1.339281,0
2019-02-22,sh.600070,6.6300,6.8400,6.5500,6.8200,6.6300,6735045,45283691.0000,3,1.677395,1,2.865762,0
2019-02-25,sh.600070,6.9600,7.5000,6.9600,7.5000,6.8200,8269196,61409290.0000,3,2.059483,1,9.970672,0
2019-02-26,sh.600070,8.1500,8.2500,8.0300,8.2500,7.5000,40211398,330651645.0000,3,10.014840,1,10.000000,0
2019-02-27,sh.600070,7.9000,8.1700,7.6400,7.7900,8.2500,27246348,215686583.0000,3,6.785833,1,-5.575758,0
2019-02-28,sh.600070,7.8000,7.9700,7.7400,7.9600,7.7900,14225770,111943939.0000,3,3.542996,1,2.182286,0
2019-03-01,sh.600070,7.9500,7.9700,7.6300,7.8300,7.9600,12507614,97403816.0000,3,3.115081,1,-1.633167,0
2019-03-04,sh.600070,7.9200,8.0800,7.7600,7.8300,7.8300,15908830,125712023.0000,3,3.962170,1,0.000000,0
2019-03-05,sh.600070,7.8300,8.1200,7.6800,8.1000,7.8300,17451402,139039319.0000,3,4.346355,1,3.448282,0
2019-03-06,sh.600070,8.1500,8.2600,7.9400,8.1700,8.1000,17529952,142023532.0000,3,4.365918,1,0.864194,0
2019-03-07,sh.600070,8.1000,8.9900,8.0000,8.5100,8.1700,24265095,208157381.0000,3,6.043338,1,4.161568,0
2019-03-08,sh.600070,8.1900,8.4200,7.9100,8.0100,8.5100,15324414,125407293.0000,3,3.816618,1,-5.875440,0
2019-03-11,sh.600070,8.0600,8.5800,8.0400,8.5800,8.0100,13704034,113968239.0000,3,3.413055,1,7.116101,0
2019-03-12,sh.600070,8.8000,8.8900,8.4600,8.6300,8.5800,16694941,144308464.0000,3,4.157955,1,0.582753,0
2019-03-13,sh.600070,8.6700,9.4000,8.6000,8.8200,8.6300,23806067,214643496.0000,3,5.929015,1,2.201617,0
2019-03-14,sh.600070,8.8000,9.2800,8.5900,8.8400,8.8200,15921474,141277970.0000,3,3.965319,1,0.226763,0
2019-03-15,sh.600070,8.9000,9.0300,8.6200,8.7400,8.8400,12536513,110091839.0000,3,3.122278,1,-1.131226,0
2019-03-18,sh.600070,8.6600,8.6700,8.1400,8.4500,8.7400,15427938,128259329.0000,3,3.842402,1,-3.318077,0
2019-03-19,sh.600070,8.5100,9.1600,8.3300,9.0500,8.4500,16604343,144154480.0000,3,4.135391,1,7.100596,0
2019-03-20,sh.600070,8.9500,9.3000,8.7800,9.0800,9.0500,17716759,160795042.0000,3,4.412443,1,0.331489,0
2019-03-21,sh.600070,9.1600,9.9300,9.0200,9.6800,9.0800,22362513,210366877.0000,3,5.569491,1,6.607934,0
2019-03-22,sh.600070,9.5500,10.4900,9.4400,10.3300,9.6800,21936911,219108766.0000,3,5.463492,1,6.714871,0
2019-03-25,sh.600070,10.0700,10.8600,9.9600,10.0900,10.3300,18893328,195768026.0000,3,4.705473,1,-2.323328,0
2019-03-26,sh.600070,10.0800,10.2700,9.4100,9.5100,10.0900,13490462,132101565.0000,3,3.359864,1,-5.748265,0
2019-03-27,sh.600070,9.6200,9.6400,9.1000,9.2400,9.5100,11155666,103316441.0000,3,2.778372,1,-2.839121,0
2019-03-28,sh.600070,9.2000,9.2300,8.8200,8.8800,9.2400,9145850,82599914.0000,3,2.277818,1,-3.896101,0
2019-03-29,sh.600070,8.9000,9.1500,8.6600,9.0600,8.8800,8820043,78828216.0000,3,2.196674,1,2.027030,0
2019-04-01,sh.600070,9.0600,9.4100,9.0100,9.3100,9.0600,10292220,95497646.0000,3,2.563326,1,2.759382,0
2019-04-02,sh.600070,9.4000,9.5800,9.2100,9.2600,9.3100,8998895,83767302.0000,3,2.241218,1,-0.537059,0
2019-04-03,sh.600070,9.2700,9.3900,9.1800,9.2700,9.2600,6624323,61370645.0000,3,1.649819,1,0.107994,0
2019-04-04,sh.600070,9.3000,9.6700,9.1800,9.6000,9.2700,11152648,104698414.0000,3,2.777620,1,3.559870,0
2019-04-08,sh.600070,9.6400,9.6900,9.2000,9.2000,9.6000,10944318,102497973.0000,3,2.725735,1,-4.166672,0
2019-04-09,sh.600070,9.1700,9.2300,8.9800,9.0700,9.2000,7262747,65923509.0000,3,1.808822,1,-1.413045,0
2019-04-10,sh.600070,9.0300,9.0700,8.8500,8.9500,9.0700,6793723,60713511.0000,3,1.692009,1,-1.323042,0
2019-04-11,sh.600070,8.9300,9.0900,8.6600,8.6900,8.9500,7223719,63972374.0000,3,1.799102,1,-2.905030,0
2019-04-12,sh.600070,8.7700,8.8300,8.5400,8.6800,8.6900,4925862,42687271.0000,3,1.226809,1,-0.115067,0
2019-04-15,sh.600070,8.8000,8.8700,8.5300,8.5700,8.6800,5744100,50014220.0000,3,1.430596,1,-1.267288,0
2019-04-16,sh.600070,8.5200,8.6500,8.2500,8.6100,8.5700,10849407,91986799.0000,3,2.702097,1,0.466744,0
2019-04-17,sh.600070,8.6600,9.0700,8.6100,8.8700,8.6100,10546468,93485560.0000,3,2.626648,1,3.019747,0
2019-04-18,sh.600070,8.8500,8.9000,8.6700,8.6800,8.8700,5895988,51767764.0000,3,1.468424,1,-2.142047,0
2019-04-19,sh.600070,8.6500,8.8500,8.5700,8.7800,8.6800,4961140,43181630.0000,3,1.235596,1,1.152067,0
2019-04-22,sh.600070,8.8600,8.9000,8.6300,8.6900,8.7800,5490195,48137514.0000,3,1.367359,1,-1.025059,0
2019-04-23,sh.600070,8.6700,8.7500,8.5900,8.6000,8.6900,4353145,37707682.0000,3,1.084172,1,-1.035664,0
2019-04-24,sh.600070,8.5800,8.7300,8.5000,8.7000,8.6000,4295797,37057966.0000,3,1.069889,1,1.162784,0
2019-04-25,sh.600070,8.7300,8.8700,8.6100,8.6300,8.7000,7094343,61913390.0000,3,1.766880,1,-0.804594,0
2019-04-26,sh.600070,8.6000,8.8600,8.4300,8.7800,8.6300,5794102,50267741.0000,3,1.443049,1,1.738118,0
2019-04-29,sh.600070,8.7800,9.1000,8.3000,8.9600,8.7800,10035173,88229443.0000,3,2.499308,1,2.050117,0
2019-04-30,sh.600070,9.0000,9.8600,8.8800,9.8600,8.9600,21164576,204190745.0000,3,5.271139,1,10.044640,0
2019-05-06,sh.600070,9.8000,10.3800,9.2300,9.7100,9.8600,27313588,267801757.0000,3,6.802579,1,-1.521294,0
2019-05-07,sh.600070,9.6000,10.6800,9.4000,10.5500,9.7100,28139091,282584807.0000,3,7.008175,1,8.650877,0
2019-05-08,sh.600070,10.0800,10.2800,9.6300,9.8300,10.5500,20824802,209320851.0000,3,5.186516,1,-6.824647,0
2019-05-09,sh.600070,9.5700,9.6000,8.8500,8.8500,9.8300,16005574,145684864.0000,3,3.986265,1,-9.969477,0
2019-05-10,sh.600070,8.8000,9.2400,8.4100,9.0400,8.8500,16556019,147860476.0000,3,4.123356,1,2.146888,0
2019-05-13,sh.600070,8.8800,8.8800,8.5000,8.5500,9.0400,10987710,95500965.0000,3,2.736542,1,-5.420352,0
2019-05-14,sh.600070,8.5200,8.8300,8.4000,8.6600,8.5500,9089820,78920109.0000,3,2.263863,1,1.286546,0
2019-05-15,sh.600070,8.8000,9.1200,8.7000,9.0700,8.6600,10812985,96103826.0000,3,2.693025,1,4.734409,0
2019-05-16,sh.600070,9.0300,9.2300,8.8800,9.0500,9.0700,10983421,99708403.0000,3,2.735473,1,-0.220502,0
2019-05-17,sh.600070,9.0700,9.1000,8.5100,8.6600,9.0500,8987400,79007673.0000,3,2.036352,1,-4.309396,0
2019-05-20,sh.600070,8.6600,8.7000,8.1100,8.3300,8.6600,8144133,67627526.0000,3,1.845286,1,-3.810623,0
2019-05-21,sh.600070,8.3000,8.5800,8.2300,8.4700,8.3300,4929177,41716079.0000,3,1.116846,1,1.680676,0
2019-05-22,sh.600070,8.4300,8.5500,8.2800,8.2900,8.4700,4419402,37007687.0000,3,1.001342,1,-2.125151,0
2019-05-23,sh.600070,8.2100,8.4600,8.1500,8.2300,8.2900,4114868,34131833.0000,3,0.932341,1,-0.723769,0
2019-05-24,sh.600070,8.1700,8.2700,8.0300,8.0300,8.2300,3682200,30005702.0000,3,0.834308,1,-2.430131,0
2019-05-27,sh.600070,7.9500,8.3200,7.7300,8.2900,8.0300,6480646,52119990.0000,3,1.468375,1,3.237861,0
2019-05-28,sh.600070,8.3000,8.5700,8.2300,8.4500,8.2900,5807783,48916685.0000,3,1.315919,1,1.930034,0
2019-05-29,sh.600070,8.4500,8.6000,8.3600,8.4000,8.4500,3359831,28417101.0000,3,0.761266,1,-0.591718,0
2019-05-30,sh.600070,8.3100,8.4200,8.2300,8.3000,8.4000,2654426,22041528.0000,3,0.601436,1,-1.190469,0
2019-05-31,sh.600070,8.3000,8.3700,8.2500,8.2500,8.3000,2816077,23387173.0000,3,0.638063,1,-0.602412,0
2019-06-03,sh.600070,8.0100,8.0900,7.8200,7.8600,8.2500,6018113,47777901.0000,3,1.363575,1,-4.727271,0
2019-06-04,sh.600070,7.9600,7.9900,7.7600,7.8400,7.8600,3314900,26073279.0000,3,0.751085,1,-0.254453,0
2019-06-05,sh.600070,7.9000,8.0500,7.8500,7.9600,7.8400,2906458,23083680.0000,3,0.658541,1,1.530611,0
2019-06-06,sh.600070,7.9900,8.2500,7.8300,7.9600,7.9600,4062598,32698006.0000,3,0.920498,1,0.000000,0
2019-06-10,sh.600070,7.9500,8.0400,7.8800,7.9500,7.9600,2390013,18992225.0000,3,0.541526,1,-0.125631,0
2019-06-11,sh.600070,7.8800,8.2100,7.8700,8.1800,7.9500,3806234,30695161.0000,3,0.862411,1,2.893088,0
2019-06-12,sh.600070,8.1200,8.2000,7.9800,8.0300,8.1800,3572940,28921260.0000,3,0.809552,1,-1.833748,0
2019-06-13,sh.600070,8.0300,8.1200,7.9600,8.0700,8.0300,2405960,19388247.0000,3,0.545139,1,0.498132,0
2019-06-14,sh.600070,8.0300,8.3700,8.0300,8.1600,8.0700,4789730,39349795.0000,3,1.085250,1,1.115244,0
2019-06-17,sh.600070,8.2700,8.3300,8.0900,8.1500,8.1600,2936000,23978898.0000,3,0.665235,1,-0.122552,0
2019-06-18,sh.600070,8.1000,8.1400,7.9000,7.9600,8.1500,2613510,20861661.0000,3,0.592165,1,-2.331283,0
2019-06-19,sh.600070,8.1400,8.2000,7.9700,7.9800,7.9600,5036261,40478134.0000,3,1.141109,1,0.251256,0
2019-06-20,sh.600070,7.9500,8.1000,7.8400,8.0200,7.9800,6584853,52457295.0000,3,1.491986,1,0.501259,0
2019-06-21,sh.600070,8.0200,8.2600,8.0200,8.2100,8.0200,7493015,61211565.0000,3,1.697756,1,2.369072,0
2019-06-24,sh.600070,8.2400,8.3600,8.1500,8.3100,8.2100,4271843,35222671.0000,3,0.967908,1,1.218031,0
2019-06-25,sh.600070,8.2500,8.2500,8.0400,8.1100,8.2300,2994028,24275437.0000,3,0.678382,1,-1.458079,0
2019-06-26,sh.600070,8.1500,8.4300,8.0600,8.3100,8.1100,6058407,50326401.0000,3,1.372705,1,2.466101,0
2019-06-27,sh.600070,8.3100,8.3600,8.1900,8.2800,8.3100,4362900,36066746.0000,3,0.988540,1,-0.361019,0
2019-06-28,sh.600070,8.2600,8.2600,8.0400,8.1200,8.2800,3908722,31723127.0000,3,0.885633,1,-1.932365,0
2019-07-01,sh.600070,8.1100,8.3200,8.1100,8.3100,8.1200,5544021,45919319.0000,3,1.256156,1,2.339908,0
2019-07-02,sh.600070,8.3000,8.3500,8.2400,8.2900,8.3100,4116910,34192659.0000,3,0.932803,1,-0.240679,0
2019-07-03,sh.600070,8.2300,8.4600,8.2300,8.4100,8.2900,5564519,46609356.0000,3,1.260801,1,1.447526,0
2019-07-04,sh.600070,8.5000,8.5000,8.2200,8.3000,8.4100,3959104,33011311.0000,3,0.897048,1,-1.307963,0
2019-07-05,sh.600070,8.3300,8.3500,8.1800,8.2300,8.3000,3330958,27471520.0000,3,0.754724,1,-0.843381,0
2019-07-08,sh.600070,8.1500,8.2200,8.0000,8.1000,8.2300,3372133,27327592.0000,3,0.764053,1,-1.579577,0
2019-07-09,sh.600070,8.0700,8.1500,8.0500,8.1300,8.1000,1799747,14587342.0000,3,0.407784,1,0.370367,0
2019-07-10,sh.600070,8.1300,8.1500,8.0500,8.1200,8.1300,1819444,14716968.0000,3,0.412247,1,-0.123004,0
2019-07-11,sh.600070,8.1400,8.1900,8.0500,8.0800,8.1200,2273959,18457473.0000,3,0.515230,1,-0.492610,0
2019-07-12,sh.600070,8.1000,8.1100,8.0200,8.0700,8.0800,2046700,16480157.0000,3,0.463738,1,-0.123765,0
2019-07-15,sh.600070,8.1800,8.3000,8.0800,8.2800,8.0700,4769615,39174455.0000,3,1.080692,1,2.602231,0
2019-07-16,sh.600070,8.2800,8.2800,8.1600,8.2200,8.2800,2948822,24164816.0000,3,0.668140,1,-0.724631,0
2019-07-17,sh.600070,8.2000,8.2400,8.1500,8.1900,8.2200,3284385,26911704.0000,3,0.744171,1,-0.364972,0
2019-07-18,sh.600070,8.1600,8.1600,8.0200,8.0300,8.1900,3223400,25978722.0000,3,0.730353,1,-1.953600,0
2019-07-19,sh.600070,8.0600,8.1200,7.9800,7.9800,8.0300,2996300,24085514.0000,3,0.678897,1,-0.622661,0
2019-07-22,sh.600070,7.9500,8.0300,7.7500,7.7600,7.9800,3592565,28155123.0000,3,0.813998,1,-2.756890,0
2019-07-23,sh.600070,7.8200,7.8800,7.7600,7.8500,7.7600,1855417,14535218.0000,3,0.420398,1,1.159790,0
2019-07-24,sh.600070,7.9100,8.0200,7.8800,7.9700,7.8500,3226148,25730131.0000,3,0.730976,1,1.528661,0
2019-07-25,sh.600070,7.9700,8.1700,7.9600,8.0800,7.9700,4084630,33047938.0000,3,0.925490,1,1.380177,0
2019-07-26,sh.600070,8.0500,8.2200,8.0500,8.2100,8.0800,4176066,34064702.0000,3,0.946200,1,1.608900,0
2019-07-29,sh.600070,8.2700,8.2700,8.1400,8.1800,8.2100,2599411,21270643.0000,3,0.588971,1,-0.365405,0
2019-07-30,sh.600070,8.2300,8.2600,8.1700,8.1800,8.1800,2455501,20165413.0000,3,0.556400,1,0.000000,0
2019-07-31,sh.600070,8.1800,8.2100,8.0700,8.0900,8.1800,2725684,22128497.0000,3,0.617600,1,-1.100200,0
2019-08-01,sh.600070,8.1000,8.1700,8.0800,8.1200,8.0900,2112200,17154354.0000,3,0.478600,1,0.370800,0
2019-08-02,sh.600070,8.0100,8.0100,7.8000,7.9300,8.1200,3658700,28922959.0000,3,0.829000,1,-2.339900,0
2019-08-05,sh.600070,7.8600,8.0800,7.8300,7.8900,7.9300,2815000,22428667.0000,3,0.637800,1,-0.504400,0
2019-08-06,sh.600070,7.8200,7.8300,7.4600,7.6400,7.8900,4340520,33194547.0000,3,0.983500,1,-3.168600,0
2019-08-07,sh.600070,7.6500,7.7200,7.4500,7.5100,7.6400,3707998,28005329.0000,3,0.840200,1,-1.701600,0
2019-08-08,sh.600070,7.5100,7.6000,7.4800,7.5500,7.5100,1658430,12517506.0000,3,0.375800,1,0.532600,0
2019-08-09,sh.600070,7.5500,7.6000,7.3100,7.3400,7.5500,2874989,21451786.0000,3,0.651400,1,-2.781500,0
2019-08-12,sh.600070,7.4200,7.4800,7.3000,7.3800,7.3400,3952616,29189243.0000,3,0.895600,1,0.545000,0
2019-08-13,sh.600070,7.3800,7.3800,7.1300,7.2000,7.3800,4104204,29636311.0000,3,0.929900,1,-2.439000,0
2019-08-14,sh.600070,7.3000,7.3200,7.0900,7.2200,7.2000,3147700,22831435.0000,3,0.713200,1,0.277800,0
2019-08-15,sh.600070,7.0000,7.1000,6.8300,7.0700,7.2200,5351026,37328227.0000,3,1.212400,1,-2.077600,0
2019-08-16,sh.600070,7.0000,7.2300,7.0000,7.2200,7.0700,7684171,54781447.0000,3,1.741100,1,2.121600,0
2019-08-19,sh.600070,7.3300,7.4700,7.3100,7.4100,7.2200,9100165,67236132.0000,3,2.061900,1,2.631600,0
2019-08-20,sh.600070,7.4000,7.6000,7.3600,7.3900,7.4100,6938467,51681915.0000,3,1.572100,1,-0.269900,0
2019-08-21,sh.600070,7.4100,7.4500,7.3500,7.3800,7.3900,3609100,26670561.0000,3,0.817700,1,-0.135300,0
2019-08-22,sh.600070,7.3900,7.4700,7.3300,7.4300,7.3800,3557510,26289665.0000,3,0.806100,1,0.677500,0
2019-08-23,sh.600070,7.4500,7.4500,7.3400,7.3700,7.4300,3569100,26366659.0000,3,0.808700,1,-0.807500,0
2019-08-26,sh.600070,7.1800,7.3700,7.1300,7.3300,7.3700,3456083,25122566.0000,3,0.783100,1,-0.542700,0
2019-08-27,sh.600070,7.3800,7.5900,7.3200,7.5900,7.3300,5333484,39905920.0000,3,1.208500,1,3.547100,0
2019-08-28,sh.600070,7.6800,7.8700,7.5700,7.6000,7.5900,11167038,85989709.0000,3,2.530200,1,0.131700,0
2019-08-29,sh.600070,7.6100,7.8200,7.4900,7.8200,7.6000,8548130,65549432.0000,3,1.936800,1,2.894700,0
2019-08-30,sh.600070,7.8800,8.1700,7.8700,7.9300,7.8200,12061388,96678895.0000,3,2.732900,1,1.406600,0
2019-09-02,sh.600070,7.9100,8.2600,7.8500,8.1500,7.9300,9738515,78659438.0000,3,2.206500,1,2.774300,0
2019-09-03,sh.600070,8.1100,8.1400,8.0200,8.1000,8.1500,5416174,43792511.0000,3,1.227200,1,-0.613500,0
2019-09-04,sh.600070,8.1100,8.1500,7.9800,8.1100,8.1000,5787556,46740825.0000,3,1.311300,1,0.123400,0
2019-09-05,sh.600070,8.1700,8.2300,8.0500,8.0600,8.1100,8475279,69057316.0000,3,1.920300,1,-0.616500,0
2019-09-06,sh.600070,8.0700,8.2800,8.0700,8.1800,8.0600,7049203,57661795.0000,3,1.597200,1,1.488800,0
2019-09-09,sh.600070,8.2100,8.4300,8.1700,8.4100,8.1800,8139751,67873810.0000,3,1.844300,1,2.811700,0
2019-09-10,sh.600070,8.4900,8.7200,8.3900,8.5900,8.4100,14876823,127848546.0000,3,3.370800,1,2.140300,0
2019-09-11,sh.600070,8.5900,8.7700,8.5000,8.6200,8.5900,11539976,99592731.0000,3,2.614700,1,0.349200,0
2019-09-12,sh.600070,8.7100,8.7100,8.4900,8.5800,8.6200,6711066,57494671.0000,3,1.520600,1,-0.464000,0
2019-09-16,sh.600070,8.6100,8.7200,8.5700,8.6500,8.5800,9460449,81823854.0000,3,2.143500,1,0.815800,0
2019-09-17,sh.600070,8.6400,8.6800,8.3800,8.4300,8.6500,8202252,69636102.0000,3,1.858500,1,-2.543300,0
2019-09-18,sh.600070,8.4700,8.5900,8.4400,8.5300,8.4300,4984174,42530083.0000,3,1.129300,1,1.186200,0
2019-09-19,sh.600070,8.6000,8.6200,8.4600,8.6200,8.5300,5617043,48060036.0000,3,1.272700,1,1.055100,0
2019-09-20,sh.600070,8.6200,9.0300,8.6000,8.9500,8.6200,13380830,118417419.0000,3,3.031800,1,3.828300,0
2019-09-23,sh.600070,8.8300,9.1500,8.8000,8.9100,8.9500,9714322,86497066.0000,3,2.201100,1,-0.446900,0
2019-09-24,sh.600070,8.9100,8.9800,8.7300,8.8200,8.9100,8441022,74550058.0000,3,1.912600,1,-1.010100,0
2019-09-25,sh.600070,8.7900,8.9300,8.7100,8.8500,8.8200,8346417,73777872.0000,3,1.891100,1,0.340100,0
2019-09-26,sh.600070,8.8800,8.9000,8.1200,8.4000,8.8500,12615770,106617389.0000,3,2.858500,1,-5.084800,0
2019-09-27,sh.600070,8.4300,8.8800,8.1900,8.7800,8.4000,11820696,102885527.0000,3,2.678300,1,4.523800,0
2019-09-30,sh.600070,8.7800,8.9800,8.7000,8.8100,8.7800,9461444,83877816.0000,3,2.143800,1,0.341700,0
2019-10-08,sh.600070,8.8000,8.9100,8.5300,8.6700,8.8100,7495962,65182516.0000,3,1.698400,1,-1.589100,0
2019-10-09,sh.600070,8.6500,8.6600,8.4500,8.6300,8.6700,5526790,47379578.0000,3,1.252300,1,-0.461400,0
2019-10-10,sh.600070,8.6900,8.7600,8.5400,8.7500,8.6300,6525400,56405660.0000,3,1.478500,1,1.390500,0
2019-10-11,sh.600070,8.7800,8.7900,8.5600,8.6800,8.7500,5365818,46473610.0000,3,1.215800,1,-0.800000,0
2019-10-14,sh.600070,8.7800,9.1700,8.6800,9.0800,8.6800,12023598,108154372.0000,3,2.724300,1,4.608300,0
2019-10-15,sh.600070,9.0700,9.1500,8.8900,8.9400,9.0800,8757127,78773780.0000,3,1.984200,1,-1.541900,0
2019-10-16,sh.600070,8.9800,9.0300,8.6900,8.7200,8.9400,8431220,74289841.0000,3,1.910300,1,-2.460800,0
2019-10-17,sh.600070,8.7200,8.7800,8.5200,8.6000,8.7200,6821901,58892149.0000,3,1.545700,1,-1.376100,0
2019-10-18,sh.600070,8.6100,8.6500,8.2900,8.3800,8.6000,5290699,44742020.0000,3,1.198800,1,-2.558100,0
2019-10-21,sh.600070,8.3800,8.4000,8.1800,8.2700,8.3800,4137226,34154945.0000,3,0.937400,1,-1.312600,0
2019-10-22,sh.600070,8.2700,8.5100,8.2500,8.5100,8.2700,5173970,43541484.0000,3,1.172300,1,2.902100,0
2019-10-23,sh.600070,8.5100,8.5100,8.3800,8.4000,8.5100,3313035,27970281.0000,3,0.750700,1,-1.292600,0
2019-10-24,sh.600070,8.4500,8.4800,8.2800,8.4400,8.4000,3670100,30766369.0000,3,0.831600,1,0.476200,0
2019-10-25,sh.600070,8.4700,8.4900,8.3200,8.4700,8.4400,3247600,27362480.0000,3,0.735800,1,0.355500,0
2019-10-28,sh.600070,8.7600,9.3200,8.6600,9.3200,8.4700,25730198,235347087.0000,3,5.829900,1,10.035400,0
2019-10-29,sh.600070,9.6000,10.2500,9.3200,9.4100,9.3200,53027794,527069919.0000,3,12.015000,1,0.965700,0
2019-10-30,sh.600070,9.0500,9.2500,8.8000,9.1600,9.4100,30519041,276445838.0000,3,6.915000,1,-2.656700,0
2019-10-31,sh.600070,9.5900,10.0800,9.3600,9.6300,9.1600,45919899,451125064.0000,3,10.404500,1,5.131000,0
2019-11-01,sh.600070,9.5500,10.1000,9.5000,9.9600,9.6300,35453547,348135786.0000,3,8.033000,1,3.426800,0
2019-11-04,sh.600070,10.0600,10.9600,10.0200,10.9600,9.9600,67671594,727383957.0000,3,15.332900,1,10.040200,0
2019-11-05,sh.600070,10.8000,10.8400,10.3200,10.7400,10.9600,46089778,490054120.0000,3,10.443000,1,-2.007300,0
2019-11-06,sh.600070,10.5800,11.2700,10.5000,11.1400,10.7400,45779780,502469940.0000,3,10.372700,1,3.724400,0
2019-11-07,sh.600070,11.0000,11.2500,10.8100,11.0900,11.1400,31275663,345156014.0000,3,7.086400,1,-0.448800,0
2019-11-08,sh.600070,11.1000,11.1900,10.2900,10.3500,11.0900,38082633,404664154.0000,3,8.628700,1,-6.672700,0
2019-11-11,sh.600070,10.1800,10.4600,10.0400,10.0900,10.3500,21017182,215043063.0000,3,4.762000,1,-2.512100,0
2019-11-12,sh.600070,10.1000,10.2200,9.8000,10.0400,10.0900,18204773,181603568.0000,3,4.124800,1,-0.495500,0
2019-11-13,sh.600070,9.9400,10.0000,9.5900,9.7000,10.0400,18475607,179565612.0000,3,4.186200,1,-3.386500,0
2019-11-14,sh.600070,9.7200,9.9800,9.6800,9.7400,9.7000,16495672,162135940.0000,3,3.737600,1,0.412400,0
2019-11-15,sh.600070,9.6800,9.6800,9.3300,9.4200,9.7400,15454088,146633340.0000,3,3.501600,1,-3.285400,0
2019-11-18,sh.600070,9.3700,9.5600,9.2700,9.4600,9.4200,11339163,106856341.0000,3,2.569200,1,0.424600,0
2019-11-19,sh.600070,9.4200,9.8500,9.3500,9.8200,9.4600,17866990,172661570.0000,3,4.048300,1,3.805500,0
2019-11-20,sh.600070,9.7000,10.4400,9.7000,10.1600,9.8200,30263704,306069571.0000,3,6.857100,1,3.462300,0
2019-11-21,sh.600070,10.1600,10.5000,10.0600,10.1900,10.1600,14527032,149315340.0000,3,3.291500,1,0.295300,0
2019-11-22,sh.600070,10.2300,10.2700,9.7000,9.7400,10.1900,15048674,149775412.0000,3,3.409700,1,-4.416100,0
2019-11-25,sh.600070,9.7400,9.8800,9.5300,9.8400,9.7400,10544260,102208727.0000,3,2.389100,1,1.026700,0
2019-11-26,sh.600070,9.8100,9.8800,9.7100,9.8000,9.8400,7324389,71728898.0000,3,1.659500,1,-0.406500,0
2019-11-27,sh.600070,9.6800,9.9000,9.6100,9.8100,9.8000,7461841,72951230.0000,3,1.690700,1,0.102000,0
2019-11-28,sh.600070,9.7600,9.8000,9.3000,9.3700,9.8100,13166587,124652792.0000,3,2.983300,1,-4.485200,0
2019-11-29,sh.600070,9.4000,9.8500,9.3800,9.7400,9.3700,11988698,115919787.0000,3,2.716400,1,3.948800,0
2019-12-02,sh.600070,9.7500,9.7600,9.4900,9.5800,9.7400,8565266,82247692.0000,3,1.940700,1,-1.642700,0
2019-12-03,sh.600070,9.5000,9.5000,9.3000,9.4100,9.5800,10380700,97340071.0000,3,2.352000,1,-1.774500,0
2019-12-04,sh.600070,9.2000,9.2000,8.8100,8.9400,9.4100,16660530,149574485.0000,3,3.774900,1,-4.994700,0
2019-12-05,sh.600070,9.0500,9.1800,9.0000,9.1100,8.9400,10008065,91146211.0000,3,2.267600,1,1.901600,0
2019-12-06,sh.600070,9.0400,9.1800,9.0400,9.1700,9.1100,7127742,64996896.0000,3,1.615000,1,0.658600,0
2019-12-09,sh.600070,9.2200,9.5600,9.2200,9.3800,9.1700,10334916,97293055.0000,3,2.341700,1,2.290100,0
2019-12-10,sh.600070,9.2900,9.5500,9.2000,9.4900,9.3800,10399664,97855659.0000,3,2.356300,1,1.172700,0
2019-12-11,sh.600070,9.5800,9.7700,9.4100,9.4800,9.4900,11923135,114189044.0000,3,2.701500,1,-0.105400,0
2019-12-12,sh.600070,9.4500,9.5200,9.3000,9.3300,9.4800,8945146,84227121.0000,3,2.026800,1,-1.582300,0
2019-12-13,sh.600070,9.4100,9.5100,9.3400,9.4500,9.3300,8292666,78105031.0000,3,1.878900,1,1.286200,0
2019-12-16,sh.600070,9.4800,9.6700,9.3600,9.6700,9.4500,11571790,110277735.0000,3,2.621900,1,2.328000,0
2019-12-17,sh.600070,9.6200,9.9300,9.5800,9.8400,9.6700,15163404,147454517.0000,3,3.435700,1,1.758000,0
2019-12-18,sh.600070,9.8300,9.8800,9.6700,9.7100,9.8400,11947573,116649632.0000,3,2.707100,1,-1.321100,0
2019-12-19,sh.600070,9.7000,9.7000,9.4700,9.6200,9.7100,14959087,143119996.0000,3,3.389400,1,-0.926900,0
2019-12-20,sh.600070,9.5900,9.6100,9.1800,9.2000,9.6200,16987125,159302183.0000,3,3.848900,1,-4.365900,0
2019-12-23,sh.600070,9.1300,9.1300,8.8600,8.9000,9.2000,12669990,113652295.0000,3,2.870700,1,-3.260900,0
2019-12-24,sh.600070,8.9200,9.0200,8.7400,8.9900,8.9000,8458621,75198980.0000,3,1.916500,1,1.011200,0
2019-12-25,sh.600070,8.9900,9.3800,8.9200,9.2800,8.9900,12783528,117721157.0000,3,2.896500,1,3.225800,0
2019-12-26,sh.600070,9.2800,9.3500,9.2200,9.3000,9.2800,7968522,73905306.0000,3,1.805500,1,0.215500,0
2019-12-27,sh.600070,9.3100,9.5800,9.2400,9.2800,9.3000,11609852,109139471.0000,3,2.630500,1,-0.215100,0
2019-12-30,sh.600070,9.2500,9.4700,9.1000,9.4000,9.2800,9804393,92070609.0000,3,2.221500,1,1.293100,0
2019-12-31,sh.600070,9.3900,9.6600,9.3600,9.6500,9.4000,14224649,135535179.0000,3,3.223000,1,2.659600,0
2020-01-02,sh.600070,9.8000,9.8800,9.6700,9.6700,9.6500,19147993,186708770.0000,3,4.338500,1,0.207300,0
2020-01-03,sh.600070,9.6700,10.2800,9.4900,10.1300,9.6700,33188113,330636579.0000,3,7.519700,1,4.757000,0
2020-01-06,sh.600070,10.0400,10.4500,9.9800,10.2500,10.1300,24075433,246857881.0000,3,5.455000,1,1.184600,0
2020-01-07,sh.600070,10.1900,11.2800,10.1900,11.2800,10.2500,15725082,175411245.0000,3,3.563000,1,10.048800,0
2020-01-08,sh.600070,11.7900,12.4100,11.4200,11.9000,11.2800,87592936,1047445165.0000,3,19.846700,1,5.496500,0
2020-01-09,sh.600070,11.7700,11.9800,11.2000,11.4800,11.9000,56555807,650713714.0000,3,12.814300,1,-3.529400,0
2020-01-10,sh.600070,11.4100,11.9500,11.1200,11.8500,11.4800,52271031,606993959.0000,3,11.843500,1,3.223000,0
2020-01-13,sh.600070,12.0100,12.9100,12.0100,12.0400,11.8500,70584909,868583727.0000,3,15.993000,1,1.603400,0
2020-01-14,sh.600070,12.2200,12.3500,11.5200,11.6000,12.0400,47601209,559685325.0000,3,10.785400,1,-3.654500,0
2020-01-15,sh.600070,11.4100,11.8700,11.3200,11.6900,11.6000,27398497,319686265.0000,3,6.207900,1,0.775900,0
2020-01-16,sh.600070,11.6700,12.6700,11.6200,12.2900,11.6900,45396589,553439187.0000,3,10.285900,1,5.132600,0
2020-01-17,sh.600070,12.3000,12.6000,11.9900,12.2800,12.2900,29848594,366245917.0000,3,6.763100,1,-0.081400,0
2020-01-20,sh.600070,12.2700,12.9000,12.1600,12.8100,12.2800,32237694,407010336.0000,3,6.728800,1,4.316000,0
2020-01-21,sh.600070,12.0000,12.3600,11.5300,11.5300,12.8100,51261722,603913413.0000,3,10.699700,1,-9.992200,0
2020-01-22,sh.600070,11.2300,11.4800,10.8000,11.3500,11.5300,30696057,342805868.0000,3,6.407100,1,-1.561100,0
2020-01-23,sh.600070,11.1000,11.3800,10.4900,10.6700,11.3500,25258143,274410055.0000,3,5.272000,1,-5.991200,0
2020-02-03,sh.600070,9.6000,9.6000,9.6000,9.6000,10.6700,1780200,17089920.0000,3,0.371600,1,-10.028100,0
2020-02-04,sh.600070,8.7100,9.6900,8.7100,9.4400,9.6000,27244886,255050631.0000,3,5.686700,1,-1.666700,0
2020-02-05,sh.600070,9.5600,9.9300,9.5600,9.7300,9.4400,23797467,232942194.0000,3,4.967200,1,3.072000,0
2020-02-06,sh.600070,9.8000,10.1400,9.6200,10.0500,9.7300,24932243,247268810.0000,3,5.204000,1,3.288800,0
2020-02-07,sh.600070,9.9900,10.3200,9.8000,10.2300,10.0500,23773771,238898742.0000,3,4.962200,1,1.791000,0
2020-02-10,sh.600070,10.0800,10.4600,9.9900,10.4200,10.2300,20250968,208560811.0000,3,4.226900,1,1.857300,0
2020-02-11,sh.600070,10.4100,10.4100,10.1100,10.1700,10.4200,18290784,186691420.0000,3,3.817800,1,-2.399200,0
2020-02-12,sh.600070,10.2000,10.3800,10.0600,10.3100,10.1700,17965885,183953877.0000,3,3.749900,1,1.376600,0
2020-02-13,sh.600070,10.4000,10.4800,9.9600,10.0000,10.3100,22065802,224248932.0000,3,4.605700,1,-3.006800,0
2020-02-14,sh.600070,9.9400,10.1300,9.8700,9.9200,10.0000,17677515,176470622.0000,3,3.689800,1,-0.800000,0
2020-02-17,sh.600070,10.0000,10.7100,9.9600,10.6700,9.9200,28385475,293762814.0000,3,5.924800,1,7.560500,0
2020-02-18,sh.600070,10.6000,11.2500,10.5500,11.1900,10.6700,36778657,404680820.0000,3,7.676700,1,4.873500,0
2020-02-19,sh.600070,11.1900,11.4500,11.1100,11.2000,11.1900,28115465,315848171.0000,3,5.868400,1,0.089400,0
2020-02-20,sh.600070,11.3000,12.0800,11.0400,11.7300,11.2000,41243621,475940272.0000,3,8.608600,1,4.732100,0
2020-02-21,sh.600070,11.8500,12.3700,11.7900,12.1600,11.7300,39038425,472298580.0000,3,8.148300,1,3.665800,0
2020-02-24,sh.600070,12.1000,12.8700,11.8800,12.7500,12.1600,38308055,476066212.0000,3,7.995900,1,4.852000,0
2020-02-25,sh.600070,12.2700,12.5300,11.6000,12.3000,12.7500,37109659,452439336.0000,3,7.745800,1,-3.529400,0
2020-02-26,sh.600070,12.1800,12.5300,11.7700,11.8400,12.3000,26484177,320889228.0000,3,5.527900,1,-3.739800,0
2020-02-27,sh.600070,12.1700,12.2900,11.6600,11.9600,11.8400,21669478,259624338.0000,3,4.523000,1,1.013500,0
2020-02-28,sh.600070,11.4200,11.5800,10.7600,10.8000,11.9600,28563954,318338314.0000,3,5.962000,1,-9.699000,0
2020-03-02,sh.600070,11.0900,11.7300,11.0800,11.5900,10.8000,21499778,247664807.0000,3,4.487600,1,7.314800,0
2020-03-03,sh.600070,11.9500,12.1800,11.6300,11.7900,11.5900,22981347,274079086.0000,3,4.796800,1,1.725600,0
2020-03-04,sh.600070,11.8000,11.9800,11.5300,11.8800,11.7900,16531441,194502720.0000,3,3.450500,1,0.763400,0
2020-03-05,sh.600070,12.0600,12.4900,12.0100,12.2200,11.8800,31318069,383871459.0000,3,6.536900,1,2.862000,0
2020-03-06,sh.600070,12.1200,12.1700,11.7000,11.7300,12.2200,25933671,308384031.0000,3,5.413000,1,-4.009800,0
2020-03-09,sh.600070,11.8400,11.8400,10.8700,11.1600,11.7300,21416546,242925966.0000,3,4.470200,1,-4.859300,0
2020-03-10,sh.600070,11.0100,11.5500,10.7200,11.5200,11.1600,20251288,227044470.0000,3,4.227000,1,3.225800,0
2020-03-11,sh.600070,11.4500,11.5700,11.0100,11.0200,11.5200,19571377,219876640.0000,3,4.085100,1,-4.340300,0
2020-03-12,sh.600070,10.8400,11.0300,10.6900,10.8200,11.0200,13779993,149328573.0000,3,2.876200,1,-1.814900,0
2020-03-13,sh.600070,10.1600,10.6100,10.0300,10.3900,10.8200,18327454,188918592.0000,3,3.825400,1,-3.974100,0
2020-03-16,sh.600070,10.5300,10.5900,9.5500,9.6700,10.3900,22848232,229811990.0000,3,4.769000,1,-6.929700,0
2020-03-17,sh.600070,9.7900,9.8600,9.2000,9.6700,9.6700,14777039,140710045.0000,3,3.084400,1,0.000000,0
2020-03-18,sh.600070,9.8000,10.0500,9.5900,9.6800,9.6700,15393636,151179373.0000,3,3.213100,1,0.103400,0
2020-03-19,sh.600070,9.6300,9.8500,9.4400,9.8000,9.6800,13088585,126513490.0000,3,2.731900,1,1.239700,0
2020-03-20,sh.600070,9.8400,9.9800,9.6800,9.9300,9.8000,11275870,111207734.0000,3,2.353600,1,1.326500,0
2020-03-23,sh.600070,9.6500,9.8400,9.4600,9.5500,9.9300,10438394,100906749.0000,3,2.178800,1,-3.826800,0
2020-03-24,sh.600070,9.7800,10.0500,9.6500,10.0500,9.5500,13626093,133934183.0000,3,2.844100,1,5.235600,0
2020-03-25,sh.600070,10.2300,10.3500,10.0100,10.1100,10.0500,12814122,130319371.0000,3,2.674600,1,0.597000,0
2020-03-26,sh.600070,10.0800,10.1100,9.8800,9.9200,10.1100,8790695,87740134.0000,3,1.834800,1,-1.879300,0
2020-03-27,sh.600070,10.1000,10.2200,9.9500,10.0000,9.9200,10264366,103719199.0000,3,2.142400,1,0.806500,0
2020-03-30,sh.600070,9.8500,9.8600,9.4400,9.5900,10.0000,9198990,88177235.0000,3,1.920100,1,-4.100000,0
2020-03-31,sh.600070,9.7300,9.7600,9.4000,9.4100,9.5900,8219000,78448693.0000,3,1.715500,1,-1.877000,0
2020-04-01,sh.600070,9.3800,9.5500,9.2000,9.2500,9.4100,9704456,90935562.0000,3,2.025600,1,-1.700300,0
2020-04-02,sh.600070,9.2300,9.5600,9.1300,9.5500,9.2500,10106010,94561775.0000,3,2.109400,1,3.243200,0
2020-04-03,sh.600070,9.4900,9.5500,9.2600,9.2700,9.5500,7709300,72300333.0000,3,1.609100,1,-2.931900,0
2020-04-07,sh.600070,9.5300,9.8600,9.4800,9.8300,9.2700,13816375,134089704.0000,3,2.883800,1,6.041000,0
2020-04-08,sh.600070,9.7200,10.1500,9.6800,10.0300,9.8300,13989474,138886615.0000,3,2.920000,1,2.034600,0
2020-04-09,sh.600070,10.1200,10.5000,9.9700,10.3600,10.0300,16503423,168221522.0000,3,3.444700,1,3.290100,0
2020-04-10,sh.600070,10.3900,10.4600,9.8500,9.8900,10.3600,16329934,164518195.0000,3,3.408500,1,-4.536700,0
2020-04-13,sh.600070,9.8600,9.8800,9.5600,9.6800,9.8900,6871690,66774801.0000,3,1.434300,1,-2.123400,0
2020-04-14,sh.600070,9.8000,9.8700,9.7200,9.8700,9.6800,6811640,66796343.0000,3,1.421800,1,1.962800,0
2020-04-15,sh.600070,9.8700,10.0800,9.8600,9.9600,9.8700,9311327,93022088.0000,3,1.943500,1,0.911900,0
2020-04-16,sh.600070,9.9900,10.1100,9.7800,10.1000,9.9600,10916141,108689401.0000,3,2.278500,1,1.405600,0
2020-04-17,sh.600070,10.2800,10.4200,9.9700,9.9900,10.1000,16790614,171283792.0000,3,3.504600,1,-1.089100,0
2020-04-20,sh.600070,10.0800,10.5000,10.0000,10.4000,9.9900,19247009,197987339.0000,3,4.017400,1,4.104100,0
2020-04-21,sh.600070,10.3000,10.7700,10.1200,10.7500,10.4000,26188902,275718070.0000,3,5.466300,1,3.365400,0
2020-04-22,sh.600070,10.5900,10.7000,10.4900,10.6300,10.7500,15366500,162844190.0000,3,3.207400,1,-1.116300,0
2020-04-23,sh.600070,10.5700,10.7500,10.2400,10.3000,10.6300,15929745,167226914.0000,3,3.325000,1,-3.104400,0
2020-04-24,sh.600070,10.3300,10.5000,10.1600,10.2500,10.3000,10039901,103560131.0000,3,2.095600,1,-0.485400,0
2020-04-27,sh.600070,10.3100,10.3700,9.9800,10.0100,10.2500,10216581,104052955.0000,3,2.132500,1,-2.341500,0
2020-04-28,sh.600070,9.1000,9.5800,9.0400,9.3300,10.0100,22818821,212922027.0000,3,4.762900,1,-6.793200,0
2020-04-29,sh.600070,9.2700,9.4200,8.8700,8.9000,9.3300,17589300,159822953.0000,3,3.671300,1,-4.608800,0
2020-04-30,sh.600070,9.0000,9.2400,8.7600,9.1400,8.9000,20130565,180795627.0000,3,4.201800,1,2.696600,0
2020-05-06,sh.600070,8.9600,9.2400,8.9000,9.2300,9.1400,10827218,98064771.0000,3,2.259900,1,0.984700,0
2020-05-07,sh.600070,9.1900,9.2900,9.0100,9.0300,9.2300,9814218,89513647.0000,3,2.048500,1,-2.166800,0
2020-05-08,sh.600070,9.0600,9.2000,9.0300,9.1000,9.0300,8820567,80430760.0000,3,1.841100,1,0.775200,0
2020-05-11,sh.600070,9.0900,9.1200,8.9400,8.9800,9.1000,8064680,72781550.0000,3,1.683300,1,-1.318700,0
2020-05-12,sh.600070,8.9900,9.0200,8.7500,8.8800,8.9800,7414867,65705115.0000,3,1.547700,1,-1.113600,0
2020-05-13,sh.600070,8.8500,8.9000,8.7400,8.9000,8.8800,6238393,54992596.0000,3,1.302100,1,0.225200,0
2020-05-14,sh.600070,8.8500,9.0200,8.7700,8.9500,8.9000,8057635,71778109.0000,3,1.681800,1,0.561800,0
2020-05-15,sh.600070,8.9500,9.0300,8.8600,9.0000,8.9500,6448620,57726996.0000,3,1.235500,1,0.558700,0
2020-05-18,sh.600070,9.0000,9.0100,8.8000,8.8100,9.0000,6802581,60470154.0000,3,1.303300,1,-2.111100,0
2020-05-19,sh.600070,8.8500,8.9000,8.7400,8.8200,8.8100,4913600,43338355.0000,3,0.941400,1,0.113500,0
2020-05-20,sh.600070,8.8400,8.9000,8.6800,8.7000,8.8200,7982333,69981547.0000,3,1.529300,1,-1.360500,0
2020-05-21,sh.600070,8.7200,8.8100,8.6700,8.7000,8.7000,4984508,43553162.0000,3,0.955000,1,0.000000,0
2020-05-22,sh.600070,8.7200,8.7200,8.1200,8.3000,8.7000,9426634,78985524.0000,3,1.806100,1,-4.597700,0
2020-05-25,sh.600070,8.1900,8.1900,7.9100,7.9600,8.3000,11114736,89284432.0000,3,2.129500,1,-4.096400,0
2020-05-26,sh.600070,8.1200,8.7500,8.1200,8.6600,7.9600,20744450,177639248.0000,3,3.974400,1,8.794000,0
2020-05-27,sh.600070,8.5300,8.7300,8.5100,8.6500,8.6600,9328127,80397223.0000,3,1.787200,1,-0.115500,0
2020-05-28,sh.600070,8.5800,8.7200,8.5200,8.7000,8.6500,8385322,72327121.0000,3,1.606500,1,0.578000,0
2020-05-29,sh.600070,8.7100,9.2500,8.6500,9.1300,8.7000,16894331,152620029.0000,3,3.236800,1,4.942500,0
2020-06-01,sh.600070,9.1700,9.3900,9.0800,9.2200,9.1300,12629520,116988574.0000,3,2.419700,1,0.985800,0
2020-06-02,sh.600070,9.2900,9.6500,9.1800,9.5800,9.2200,15086588,143059683.0000,3,2.890400,1,3.904600,0
2020-06-03,sh.600070,9.4200,9.6900,9.4200,9.4300,9.5800,12968990,123714126.0000,3,2.484700,1,-1.565800,0
2020-06-04,sh.600070,9.6000,9.6000,9.2400,9.3100,9.4300,8065867,75680845.0000,3,1.545300,1,-1.272500,0
2020-06-05,sh.600070,9.3300,9.5200,9.1900,9.3800,9.3100,8987017,84279420.0000,3,1.721800,1,0.751900,0
2020-06-08,sh.600070,9.4300,9.6100,9.3000,9.3600,9.3800,5993236,56592532.0000,3,1.148200,1,-0.213200,0
2020-06-09,sh.600070,9.3400,10.1500,9.2900,9.8500,9.3600,24223129,236254122.0000,3,4.640900,1,5.235100,0
2020-06-10,sh.600070,9.8600,10.3300,9.7800,10.2500,9.8500,28754683,289702796.0000,3,5.509100,1,4.060900,0
2020-06-11,sh.600070,10.2200,10.5700,10.1300,10.3000,10.2500,23325742,242280505.0000,3,4.469000,1,0.487800,0
2020-06-12,sh.600070,10.1500,10.5900,9.9800,10.5700,10.3000,17573101,183859259.0000,3,3.366800,1,2.621400,0
2020-06-15,sh.600070,10.5700,10.8100,10.3600,10.4600,10.5700,16086114,169673537.0000,3,3.081900,1,-1.040700,0
2020-06-16,sh.600070,10.6000,10.7700,10.4400,10.5600,10.4600,12992477,137515886.0000,3,2.489200,1,0.956000,0
2020-06-17,sh.600070,10.6500,10.7100,10.4700,10.5800,10.5600,10089051,106791210.0000,3,1.933000,1,0.189400,0
2020-06-18,sh.600070,10.5700,10.7400,10.4000,10.5500,10.5800,13853447,146040000.0000,3,2.654200,1,-0.283600,0
2020-06-19,sh.600070,10.6000,10.7400,10.3900,10.6600,10.5500,12317575,130091036.0000,3,2.359900,1,1.042700,0
2020-06-22,sh.600070,10.8100,11.0700,10.6100,10.8100,10.6600,17468328,188998275.0000,3,3.346800,1,1.407100,0
2020-06-23,sh.600070,10.7700,11.8900,10.7700,11.8900,10.8100,35105350,408766194.0000,3,6.725900,1,9.990700,0
2020-06-24,sh.600070,12.6500,13.0800,11.4800,11.6800,11.8900,59468110,726919074.0000,3,11.393500,1,-1.766200,0
2020-06-29,sh.600070,11.4100,12.1500,11.1100,12.0500,11.6800,41452867,478841811.0000,3,7.942000,1,3.167800,0
2020-06-30,sh.600070,11.8900,12.9100,11.8900,12.6900,12.0500,29804146,371941965.0000,3,5.710200,1,5.311200,0
2020-07-01,sh.600070,12.9300,12.9600,12.0500,12.1100,12.6900,43099852,530638236.0000,3,8.257500,1,-4.570500,0
2020-07-02,sh.600070,12.2000,12.4900,11.8600,11.9600,12.1100,25535527,308278476.0000,3,4.892400,1,-1.238600,0
2020-07-03,sh.600070,12.0900,12.2400,11.6400,12.1400,11.9600,17004914,204077606.0000,3,3.258000,1,1.505000,0
2020-07-06,sh.600070,12.2500,12.4000,12.0800,12.2700,12.1400,30028234,367563501.0000,3,5.753100,1,1.070800,0
2020-07-07,sh.600070,12.2800,13.5000,12.2500,13.5000,12.2700,28947466,376128021.0000,3,5.546100,1,10.024400,0
2020-07-08,sh.600070,13.9000,14.1500,12.8500,13.5500,13.5000,41744035,555068490.0000,3,7.997800,1,0.370400,0
2020-07-09,sh.600070,13.3800,14.4000,13.2500,14.3500,13.5500,38330893,532631771.0000,3,7.343800,1,5.904100,0
2020-07-10,sh.600070,14.1600,14.1600,13.6200,13.7300,14.2700,25998719,360481027.0000,3,4.981100,1,-3.784200,0
2020-07-13,sh.600070,13.7500,14.5500,13.6500,14.0100,13.7300,26779646,376189265.0000,3,5.130700,1,2.039300,0
2020-07-14,sh.600070,13.9800,13.9800,13.1500,13.3000,14.0100,24407720,329111519.0000,3,4.676300,1,-5.067800,0
2020-07-15,sh.600070,13.4400,13.7000,12.9000,13.2400,13.3000,22915769,305813258.0000,3,4.390400,1,-0.451100,0
2020-07-16,sh.600070,13.3000,13.3800,11.9200,12.4400,13.2400,24293784,311920404.0000,3,4.654500,1,-6.042300,0
2020-07-17,sh.600070,12.4100,13.2600,12.4000,12.9300,12.4400,25283141,326887010.0000,3,4.844000,1,3.938900,0
2020-07-20,sh.600070,13.2200,13.9200,12.8500,13.8500,12.9300,28932852,390593884.0000,3,5.543300,1,7.115200,0
2020-07-21,sh.600070,13.8200,14.2000,13.5100,13.9500,13.8500,25514800,353024877.7900,3,4.888400,1,0.722000,0
2020-07-22,sh.600070,13.8000,13.8000,13.4000,13.4800,13.9500,30895732,418957750.7100,3,5.919300,1,-3.369200,0
2020-07-23,sh.600070,13.2600,13.6500,13.0500,13.3900,13.4800,18872178,251541270.4500,3,3.615700,1,-0.667700,0
2020-07-24,sh.600070,13.3300,13.8900,12.6800,12.7600,13.3900,29795686,397568157.2700,3,5.708600,1,-4.705000,0
2020-07-27,sh.600070,12.6000,13.7500,12.6000,13.2900,12.7600,26785454,359215064.9500,3,5.131800,1,4.153600,0
2020-07-28,sh.600070,13.4200,14.0500,13.1000,13.9000,13.2900,29818947,411039696.5900,3,5.713000,1,4.589900,0
2020-07-29,sh.600070,14.0100,15.1100,14.0100,14.9700,13.9000,34906489,512690297.6100,3,6.687800,1,7.697800,0
2020-07-30,sh.600070,14.9700,15.1700,14.6200,14.6700,14.9700,24700408,366449672.7200,3,4.732400,1,-2.004000,0
2020-07-31,sh.600070,14.7300,15.2800,14.5100,15.0300,14.6700,24260176,361041809.5200,3,4.648000,1,2.454000,0
2020-08-03,sh.600070,15.0800,15.4500,14.8800,15.1000,15.0300,23857315,359656965.0000,3,4.570800,1,0.465700,0
2020-08-04,sh.600070,15.1600,15.9200,15.0600,15.3800,15.1000,21735628,334667285.7400,3,4.164300,1,1.854300,0
2020-08-05,sh.600070,15.7700,15.9200,15.3000,15.5600,15.3800,22927690,357679633.0200,3,4.392700,1,1.170400,0
2020-08-06,sh.600070,15.5300,15.9000,15.0200,15.1500,15.5600,22334227,342659182.5200,3,4.279000,1,-2.635000,0
2020-08-07,sh.600070,15.1400,15.3000,14.6000,14.9600,15.1500,16418033,245558367.9000,3,3.145500,1,-1.254100,0
2020-08-10,sh.600070,15.0000,15.1500,14.6500,14.8400,14.9600,11652909,173372097.9600,3,2.232600,1,-0.802100,0
2020-08-11,sh.600070,14.8400,15.0000,14.3600,14.4500,14.8400,14024293,206422229.3600,3,2.686900,1,-2.628000,0
2020-08-12,sh.600070,14.6600,14.8100,13.7800,14.2400,14.4500,13202417,187039187.8900,3,2.529500,1,-1.453300,0
2020-08-13,sh.600070,14.4100,14.6800,14.1700,14.4600,14.2400,15202191,219879775.7900,3,2.912600,1,1.544900,0
2020-08-14,sh.600070,14.4700,15.3800,14.4700,15.2800,14.4600,23224824,351173954.5600,3,4.449700,1,5.670800,0
2020-08-17,sh.600070,15.3700,15.5300,15.0500,15.2200,15.2800,13308572,202190528.1900,3,2.549800,1,-0.392700,0
2020-08-18,sh.600070,15.2500,15.3000,14.8600,15.1300,15.2200,12867275,193610703.2400,3,2.465200,1,-0.591300,0
2020-08-19,sh.600070,15.1500,15.1500,14.4600,14.5000,15.1300,15850820,233575890.1700,3,3.036900,1,-4.163900,0
2020-08-20,sh.600070,14.5000,14.7100,13.8700,13.9000,14.5000,13725029,194851346.5400,3,2.629600,1,-4.137900,0
2020-08-21,sh.600070,14.1100,14.6300,13.9800,14.0600,13.9000,15696494,224126673.3300,3,3.007300,1,1.151100,0
2020-08-24,sh.600070,14.0900,14.1300,13.4800,13.9100,14.0600,12337707,169728841.2500,3,2.363800,1,-1.066900,0
2020-08-25,sh.600070,13.9900,14.0500,13.6300,14.0200,13.9100,12439410,172173213.1000,3,2.383300,1,0.790800,0
2020-08-26,sh.600070,14.0500,14.3300,13.0100,13.1900,14.0200,20597231,280221301.9900,3,3.946200,1,-5.920100,0
2020-08-27,sh.600070,13.2500,13.4000,12.9800,13.1100,13.1900,10988917,144606354.0500,3,2.105400,1,-0.606500,0
2020-08-28,sh.600070,13.1800,13.2700,13.0100,13.1900,13.1100,11205976,147406938.4300,3,2.147000,1,0.610200,0
2020-08-31,sh.600070,13.1900,13.4600,13.0000,13.0500,13.1900,13050908,172709038.3100,3,2.500400,1,-1.061400,0
2020-09-01,sh.600070,12.9500,13.1400,12.7000,12.8600,13.0500,10872718,139544290.4600,3,2.083100,1,-1.455900,0
2020-09-02,sh.600070,12.9100,12.9500,12.5000,12.6500,12.8600,10247311,130323015.0100,3,1.963300,1,-1.633000,0
2020-09-03,sh.600070,12.7900,12.9300,12.3600,12.4500,12.6500,11391533,143417114.7800,3,2.182500,1,-1.581000,0
2020-09-04,sh.600070,12.3500,12.6000,12.0000,12.4400,12.4500,11576526,142595737.1300,3,2.218000,1,-0.080300,0
2020-09-07,sh.600070,12.4700,12.9300,12.2300,12.6000,12.4400,16122117,203885467.2700,3,3.088800,1,1.286200,0
2020-09-08,sh.600070,12.5000,12.7000,12.2400,12.6100,12.6000,10276519,128010045.9200,3,1.968900,1,0.079400,0
2020-09-09,sh.600070,12.5000,12.8300,12.1100,12.6000,12.6100,11193834,140217535.4200,3,2.144600,1,-0.079300,0
2020-09-10,sh.600070,12.7000,12.7800,11.9000,12.1100,12.6000,13030693,158985304.7000,3,2.496600,1,-3.888900,0
2020-09-11,sh.600070,12.1500,12.2000,11.8700,12.1200,12.1100,7012865,84367963.7000,3,1.343600,1,0.082600,0
2020-09-14,sh.600070,12.3000,12.5900,12.0000,12.1600,12.1200,7299412,89476375.0300,3,1.398500,1,0.330000,0
2020-09-15,sh.600070,12.2300,13.1300,12.2300,13.1000,12.1600,21955818,278432660.2100,3,4.206500,1,7.730300,0
2020-09-16,sh.600070,13.3200,13.3700,12.5500,12.7200,13.1000,17264844,219890434.6000,3,3.307800,1,-2.900800,0
2020-09-17,sh.600070,12.6400,13.0700,12.5600,12.8200,12.7200,12489615,161021583.1700,3,2.392900,1,0.786200,0
2020-09-18,sh.600070,12.9400,12.9800,12.5400,12.7900,12.8200,9647423,123062375.7300,3,1.848400,1,-0.234000,0
2020-09-21,sh.600070,12.9000,13.0700,12.7500,12.8800,12.7900,7679883,99122862.6500,3,1.471400,1,0.703700,0
2020-09-22,sh.600070,12.7600,12.8600,12.5700,12.6200,12.8800,5838483,74184332.4200,3,1.118600,1,-2.018600,0
2020-09-23,sh.600070,12.6200,12.7600,12.4600,12.5100,12.6200,5264895,66129683.9800,3,1.008700,1,-0.871600,0
2020-09-24,sh.600070,12.4300,12.4700,12.0800,12.1200,12.5100,6522729,79502170.9100,3,1.249700,1,-3.117500,0
2020-09-25,sh.600070,12.1500,12.2500,11.8600,12.0000,12.1200,5988093,71850570.5800,3,1.147300,1,-0.990100,0
2020-09-28,sh.600070,12.0100,12.0900,11.7800,11.8800,12.0000,3575755,42664862.9300,3,0.685100,1,-1.000000,0
2020-09-29,sh.600070,12.0200,12.4400,11.8800,12.2000,11.8800,7962076,97000329.3900,3,1.525500,1,2.693600,0
2020-09-30,sh.600070,12.4000,12.4000,11.8600,12.0300,12.2000,5251006,63205068.0000,3,1.006000,1,-1.393400,0
2020-10-09,sh.600070,12.1200,12.2700,12.0000,12.0500,12.0300,6528812,79168851.3400,3,1.250900,1,0.166300,0
2020-10-12,sh.600070,12.1200,12.6600,12.0600,12.6300,12.0500,11490386,142523835.4700,3,2.201500,1,4.813300,0
2020-10-13,sh.600070,12.6300,12.6600,12.4600,12.5700,12.6300,5874804,73649828.2000,3,1.125600,1,-0.475100,0
2020-10-14,sh.600070,12.5300,12.5600,12.1400,12.1700,12.5700,6861680,84384056.1500,3,1.314600,1,-3.182200,0
2020-10-15,sh.600070,12.2700,12.5700,12.0300,12.0600,12.1700,9306610,113857793.6800,3,1.783100,1,-0.903900,0
2020-10-16,sh.600070,12.0600,12.1600,11.8800,12.0500,12.0600,5557500,66662820.0000,3,1.064800,1,-0.082900,0
2020-10-19,sh.600070,11.9400,12.1600,11.8200,11.8700,12.0500,5302083,63527445.5700,3,1.015800,1,-1.493800,0
2020-10-20,sh.600070,11.8100,12.0300,11.7700,11.9700,11.8700,4250249,50599560.4200,3,0.814300,1,0.842500,0
2020-10-21,sh.600070,11.9300,11.9600,11.3100,11.3400,11.9700,10440596,120891686.2300,3,2.000300,1,-5.263200,0
2020-10-22,sh.600070,11.4000,11.4400,10.9600,11.3000,11.3400,5806417,65401885.9400,3,1.112500,1,-0.352700,0
2020-10-23,sh.600070,11.2700,11.3900,11.1300,11.2100,11.3000,3980546,44741024.5400,3,0.762600,1,-0.796500,0
2020-10-26,sh.600070,11.1100,11.5200,11.0400,11.4200,11.2100,4709462,53314803.4300,3,0.902300,1,1.873300,0
2020-10-27,sh.600070,11.5000,11.5000,11.1700,11.2000,11.4200,2934554,33036929.5600,3,0.562200,1,-1.926400,0
2020-10-28,sh.600070,11.1800,11.4800,11.0300,11.3600,11.2000,5642360,63592326.8200,3,1.081000,1,1.428600,0
2020-10-29,sh.600070,11.1700,11.2200,10.9800,10.9900,11.3600,7431622,82352533.3800,3,1.423800,1,-3.257000,0
2020-10-30,sh.600070,11.0300,11.1000,10.4100,10.4300,10.9900,10290170,109895582.6000,3,1.971500,1,-5.095500,0
2020-11-02,sh.600070,10.4500,10.5900,10.3000,10.5200,10.4300,6053334,63317829.3400,3,1.159800,1,0.862900,0
2020-11-03,sh.600070,10.5500,10.7700,10.4800,10.7000,10.5200,7068590,75236324.5100,3,1.354300,1,1.711000,0
2020-11-04,sh.600070,10.6600,10.7300,10.4600,10.5700,10.7000,5314164,56070348.7000,3,1.018100,1,-1.215000,0
2020-11-05,sh.600070,10.6200,10.7700,10.4700,10.7200,10.5700,10122177,107403263.2000,3,1.939300,1,1.419100,0
2020-11-06,sh.600070,10.7000,10.8600,10.4200,10.4500,10.7200,7217286,76545863.2200,3,1.382800,1,-2.518700,0
2020-11-09,sh.600070,10.5200,11.0700,10.5200,10.9400,10.4500,11856081,128621982.0000,3,2.271500,1,4.689000,0
2020-11-10,sh.600070,10.9600,10.9900,10.6000,10.6200,10.9400,6827768,73438125.4600,3,1.308100,1,-2.925000,0
2020-11-11,sh.600070,10.6300,10.6600,10.3800,10.4100,10.6200,5742462,60147562.9000,3,1.100200,1,-1.977400,0
2020-11-12,sh.600070,10.4500,10.5000,10.1100,10.1500,10.4100,8742752,89828611.8800,3,1.675000,1,-2.497600,0
2020-11-13,sh.600070,10.3400,10.3400,9.8300,9.9500,10.1500,9963143,99371979.1200,3,1.908800,1,-1.970400,0
2020-11-16,sh.600070,10.0300,10.3600,10.0100,10.2700,9.9500,7998232,81649807.4400,3,1.532400,1,3.216100,0
2020-11-17,sh.600070,10.2100,10.2500,9.9500,10.1200,10.2700,7528180,75754635.0000,3,1.442300,1,-1.460600,0
2020-11-18,sh.600070,10.1100,10.4200,10.0500,10.3600,10.1200,8041500,82793185.6000,3,1.540700,1,2.371500,0
2020-11-19,sh.600070,10.3300,10.3900,10.2300,10.3200,10.3600,4576964,47122149.2800,3,0.876900,1,-0.386100,0
2020-11-20,sh.600070,10.2800,10.4200,10.2500,10.3800,10.3200,5351621,55412961.6800,3,1.025300,1,0.581400,0
2020-11-23,sh.600070,10.3600,10.5500,10.2500,10.5000,10.3800,8728829,91201146.5400,3,1.672400,1,1.156100,0
2020-11-24,sh.600070,10.5600,10.5800,10.4000,10.4400,10.5000,5445514,57007508.6900,3,1.043300,1,-0.571400,0
2020-11-25,sh.600070,10.5000,10.7100,10.4100,10.4100,10.4400,9750203,103118868.6400,3,1.868000,1,-0.287400,0
2020-11-26,sh.600070,10.4200,10.4800,10.2900,10.4700,10.4100,4148958,43077017.5000,3,0.794900,1,0.576400,0
2020-11-27,sh.600070,10.4600,10.4700,10.0700,10.2100,10.4700,10634945,108819300.3200,3,2.037600,1,-2.483300,0
2020-11-30,sh.600070,10.1600,10.6100,10.1000,10.4500,10.2100,13887207,145353649.9400,3,2.660700,1,2.350600,0
2020-12-01,sh.600070,10.4300,10.6300,10.3000,10.5600,10.4500,9857564,103381749.5000,3,1.888600,1,1.052600,0
2020-12-02,sh.600070,10.5700,10.6000,10.4000,10.4400,10.5600,6539229,68588728.2600,3,1.252900,1,-1.136400,0
2020-12-03,sh.600070,10.4000,10.4200,10.2500,10.2900,10.4400,6058184,62424540.9200,3,1.160700,1,-1.436800,0
2020-12-04,sh.600070,10.3300,10.5900,10.1600,10.5900,10.2900,11215379,116735963.8400,3,2.148800,1,2.915500,0
2020-12-07,sh.600070,10.5900,10.8700,10.5100,10.6100,10.5900,13835307,147725917.0200,3,2.650700,1,0.188900,0
2020-12-08,sh.600070,10.6300,10.7800,10.5400,10.6800,10.6100,7631877,81431670.9100,3,1.462200,1,0.659800,0
2020-12-09,sh.600070,10.6800,10.8700,10.6300,10.7200,10.6800,10863553,116741707.1300,3,2.081400,1,0.374500,0
2020-12-10,sh.600070,10.6500,10.6600,10.3100,10.4100,10.7200,9518187,99075593.6400,3,1.823600,1,-2.891800,0
2020-12-11,sh.600070,10.3500,10.4500,10.1700,10.2800,10.4100,6528553,66956276.6400,3,1.250800,1,-1.248800,0
2020-12-14,sh.600070,10.2600,10.2700,9.2500,9.2500,10.2800,17731200,172759340.1600,3,3.397100,1,-10.019500,0
2020-12-15,sh.600070,8.7500,9.3100,8.5500,9.1800,9.2500,17658837,158641336.8100,3,3.383300,1,-0.756800,0
2020-12-16,sh.600070,9.1800,9.2000,8.7400,8.9400,9.1800,13677052,122197506.1500,3,2.620400,1,-2.614400,0
2020-12-17,sh.600070,8.9600,9.1600,8.7500,9.0500,8.9400,11652640,104567789.3500,3,2.232500,1,1.230400,0
2020-12-18,sh.600070,9.0900,9.1500,8.8000,8.9000,9.0500,7148776,64097377.8000,3,1.369600,1,-1.657500,0
2020-12-21,sh.600070,8.9000,8.9700,8.8000,8.8400,8.9000,6911015,61272747.4000,3,1.324100,1,-0.674200,0
2020-12-22,sh.600070,8.8500,8.8800,8.4800,8.5000,8.8400,11517868,99933304.2400,3,2.206700,1,-3.846200,0
2020-12-23,sh.600070,8.4900,8.7400,8.4800,8.5600,8.5000,9236006,79591272.3500,3,1.769500,1,0.705900,0
2020-12-24,sh.600070,8.5700,8.5800,8.2500,8.2500,8.5600,8105011,67706758.8600,3,1.552800,1,-3.621500,0
2020-12-25,sh.600070,8.2800,8.4700,8.1600,8.4300,8.2500,6621875,55342383.6800,3,1.268700,1,2.181800,0
2020-12-28,sh.600070,8.3800,8.4700,8.1400,8.1800,8.4300,8278578,68305572.1400,3,1.586100,1,-2.965600,0
2020-12-29,sh.600070,8.1800,8.6100,8.1400,8.2800,8.1800,9747416,81714177.7400,3,1.867500,1,1.222500,0
2020-12-30,sh.600070,8.3400,8.6800,8.3200,8.5700,8.2800,9641442,82086570.3500,3,1.847200,1,3.502400,0
2020-12-31,sh.600070,8.5500,8.6400,8.4400,8.5000,8.5700,9415058,80188072.6400,3,1.803800,1,-0.816800,0
2021-01-04,sh.600070,8.5400,8.6200,8.3900,8.5600,8.5000,9339438,79304451.3400,3,1.789300,1,0.705900,0
2021-01-05,sh.600070,8.5600,8.5600,8.3000,8.4400,8.5600,7906756,66688099.6600,3,1.514900,1,-1.401900,0
2021-01-06,sh.600070,8.4800,8.4900,8.1800,8.2200,8.4400,9087976,75287938.0400,3,1.741200,1,-2.606600,0
2021-01-07,sh.600070,8.2100,8.2800,7.7800,7.8100,8.2200,15976443,127123795.2300,3,3.060900,1,-4.987800,0
2021-01-08,sh.600070,7.8100,8.2400,7.5500,8.0500,7.8100,13489574,108129588.7900,3,2.584500,1,3.073000,0
2021-01-11,sh.600070,8.0500,8.0600,7.6600,7.7600,8.0500,10545653,82215399.8700,3,2.020400,1,-3.602500,0
2021-01-12,sh.600070,7.7000,7.8400,7.6200,7.7200,7.7600,8807202,67924271.5000,3,1.687400,1,-0.515500,0
2021-01-13,sh.600070,7.7400,7.7400,7.3800,7.4800,7.7200,11007455,82600627.2900,3,2.108900,1,-3.108800,0
2021-01-14,sh.600070,7.4500,7.9800,7.3800,7.8000,7.4800,13521980,104223334.6700,3,2.590700,1,4.278100,0
2021-01-15,sh.600070,7.8800,8.2400,7.8100,8.1000,7.8000,14610378,118021297.0800,3,2.799200,1,3.846200,0
2021-01-18,sh.600070,8.0000,8.1800,7.9500,8.0400,8.1000,9678085,77825851.4000,3,1.854200,1,-0.740700,0
2021-01-19,sh.600070,8.0300,8.4300,8.0000,8.2200,8.0400,10569955,86856472.6800,3,2.025100,1,2.238800,0
2021-01-20,sh.600070,8.2100,8.2300,8.0800,8.1100,8.2200,5964870,48464972.3200,3,1.142800,1,-1.338200,0
2021-01-21,sh.600070,8.2500,8.3800,8.1300,8.2800,8.1100,11113890,91691383.9100,3,2.129300,1,2.096200,0
2021-01-22,sh.600070,8.2100,8.2800,8.0200,8.1100,8.2800,6881977,55838226.1300,3,1.318500,1,-2.053100,0
2021-01-25,sh.600070,8.1100,8.1800,7.7600,7.8000,8.1100,8570754,67612976.3000,3,1.642100,1,-3.822400,0
2021-01-26,sh.600070,7.7600,7.9100,7.6700,7.7400,7.8000,5749254,44705908.5300,3,1.101500,1,-0.769200,0
2021-01-27,sh.600070,7.7300,8.2900,7.7200,8.1300,7.7400,12642128,102032921.5400,3,2.422100,1,5.038800,0
2021-01-28,sh.600070,8.0100,8.3400,7.8900,8.0400,8.1300,11832605,96406296.4100,3,2.267000,1,-1.107000,0
2021-01-29,sh.600070,8.1300,8.2100,7.7500,7.8600,8.0400,8456589,67202141.0800,3,1.620200,1,-2.238800,0
2021-02-01,sh.600070,7.0700,7.0700,7.0700,7.0700,7.8600,3013000,21301910.0000,3,0.577300,1,-10.050900,0
2021-02-02,sh.600070,6.4500,6.9400,6.4000,6.7300,7.0700,28949920,191106645.9200,3,5.546500,1,-4.809100,0
2021-02-03,sh.600070,6.6500,7.0300,6.6200,6.6300,6.7300,13824222,93991161.4100,3,2.648600,1,-1.485900,0
2021-02-04,sh.600070,6.5800,6.6900,6.2100,6.5500,6.6300,13043609,83471639.7300,3,2.499000,1,-1.206600,0
2021-02-05,sh.600070,6.6100,6.7700,6.2400,6.3500,6.5500,8075330,51876160.7000,3,1.547200,1,-3.053400,0
2021-02-08,sh.600070,6.3500,6.4400,6.2400,6.3400,6.3500,5661424,36057525.5200,3,1.084700,1,-0.157500,0
2021-02-09,sh.600070,6.3500,6.4100,6.2200,6.2500,6.3400,5450600,34251114.8000,3,1.044300,1,-1.419600,0
2021-02-10,sh.600070,6.3000,6.3400,6.1100,6.2100,6.2500,7174762,44534176.0500,3,1.374600,1,-0.640000,0
2021-02-18,sh.600070,6.2800,6.7900,6.2800,6.6400,6.2100,11395572,75441191.3400,3,2.183300,1,6.924300,0
2021-02-19,sh.600070,6.6700,7.2000,6.5900,7.1600,6.6400,12109314,84176004.1000,3,2.320000,1,7.831300,0
2021-02-22,sh.600070,7.1700,7.5400,7.1700,7.3100,7.1600,12226369,90100931.7300,3,2.342500,1,2.095000,0
2021-02-23,sh.600070,7.3100,7.4700,7.0900,7.1000,7.3100,9112344,65647576.4600,3,1.745800,1,-2.872800,0
2021-02-24,sh.600070,7.2000,7.4600,7.0800,7.1800,7.1000,8847532,64085383.9800,3,1.695100,1,1.126800,0
2021-02-25,sh.600070,7.2300,7.3000,7.0600,7.0800,7.1800,5743538,40865708.0400,3,1.100400,1,-1.392800,0
2021-02-26,sh.600070,7.0400,7.2000,6.9300,7.1000,7.0800,5312895,37704963.0300,3,1.017900,1,0.282500,0
2021-03-01,sh.600070,7.1000,7.3400,7.0900,7.3000,7.1000,5859521,42509622.7300,3,1.122600,1,2.816900,0
2021-03-02,sh.600070,7.3400,7.4400,7.2000,7.3100,7.3000,5158290,37597092.0000,3,0.988300,1,0.137000,0
2021-03-03,sh.600070,7.2500,7.3400,7.0900,7.2200,7.3100,5206050,37434250.4000,3,0.997400,1,-1.231200,0
2021-03-04,sh.600070,7.1900,7.2900,7.1300,7.1600,7.2200,5254209,37900731.1400,3,1.006700,1,-0.831000,0
2021-03-05,sh.600070,7.1600,7.3200,7.1400,7.2600,7.1600,4474613,32430537.9000,3,0.857300,1,1.396600,0
2021-03-08,sh.600070,7.2500,7.3600,7.2200,7.2300,7.2600,6632022,48283919.7400,3,1.270600,1,-0.413200,0
2021-03-09,sh.600070,7.2600,7.2800,6.9800,7.0400,7.2300,6632212,47166566.5600,3,1.270700,1,-2.627900,0
2021-03-10,sh.600070,7.1400,7.1900,6.7000,6.7500,7.0400,7970802,54558547.5400,3,1.527100,1,-4.119300,0
2021-03-11,sh.600070,6.7500,7.1300,6.7100,7.0400,6.7500,7782926,54372684.9800,3,1.491100,1,4.296300,0
2021-03-12,sh.600070,7.1300,7.1600,6.8700,6.9100,7.0400,5132506,35640337.6400,3,0.983300,1,-1.846600,0
2021-03-15,sh.600070,6.9100,6.9900,6.7800,6.8300,6.9100,4480102,30772921.8000,3,0.858300,1,-1.157700,0
2021-03-16,sh.600070,6.8400,7.0000,6.8200,6.9100,6.8300,4600980,31865948.5700,3,0.881500,1,1.171300,0
2021-03-17,sh.600070,6.9500,6.9500,6.7400,6.7800,6.9100,5006124,34110108.0700,3,0.959100,1,-1.881300,0
2021-03-18,sh.600070,6.8300,6.8400,6.5300,6.5700,6.7800,8600070,57147336.1000,3,1.647700,1,-3.097300,0
2021-03-19,sh.600070,6.5700,6.9200,6.5000,6.7000,6.5700,10149629,68579820.2700,3,1.944600,1,1.978700,0
2021-03-22,sh.600070,6.7000,6.7800,6.6100,6.7300,6.7000,5382100,35996199.0000,3,1.031200,1,0.447800,0
2021-03-23,sh.600070,6.7900,6.8200,6.6300,6.6800,6.7300,5057943,33938923.7800,3,0.969100,1,-0.742900,0
2021-03-24,sh.600070,6.6800,6.7100,6.4800,6.5100,6.6800,5741986,37776042.3300,3,1.100100,1,-2.544900,0
2021-03-25,sh.600070,6.5500,6.6600,6.4200,6.5300,6.5100,4028290,26369106.5000,3,0.771800,1,0.307200,0
2021-03-26,sh.600070,6.5300,6.6100,6.5000,6.5600,6.5300,3883580,25443757.2000,3,0.744100,1,0.459400,0
2021-03-29,sh.600070,6.5600,6.5700,6.3300,6.3700,6.5600,8413250,54116809.4200,3,1.611900,1,-2.896300,0
2021-03-30,sh.600070,6.3700,6.3800,6.2000,6.2700,6.3700,7323590,45758740.5000,3,1.403100,1,-1.569900,0
2021-03-31,sh.600070,6.3300,6.3700,6.2500,6.3000,6.2700,4942438,31112203.3100,3,0.946900,1,0.478500,0
2021-04-01,sh.600070,6.2700,6.4000,6.2300,6.3600,6.3000,4421757,27913774.9200,3,0.847200,1,0.952400,0
2021-04-02,sh.600070,6.3600,6.4500,6.3000,6.3700,6.3600,3995700,25450947.8600,3,0.765500,1,0.157200,0
2021-04-06,sh.600070,6.3500,6.5400,6.3500,6.4800,6.3700,6974447,44959566.6800,3,1.336200,1,1.726800,0
2021-04-07,sh.600070,6.4900,6.6900,6.4600,6.5900,6.4800,10431806,68617175.4700,3,1.998600,1,1.697500,0
2021-04-08,sh.600070,6.5600,6.5900,6.4100,6.4100,6.5900,7556586,49078243.1500,3,1.447800,1,-2.731400,0
2021-04-09,sh.600070,6.3800,6.4700,6.3600,6.4500,6.4100,4546282,29164252.9400,3,0.871000,1,0.624000,0
2021-04-12,sh.600070,6.4500,6.4600,6.3000,6.3000,6.4500,6346454,40271424.5900,3,1.215900,1,-2.325600,0
2021-04-13,sh.600070,6.3200,6.3300,6.1700,6.2100,6.3000,5345172,33346507.0000,3,1.024100,1,-1.428600,0
2021-04-14,sh.600070,6.2100,6.4600,6.1700,6.4000,6.2100,8039532,51042415.1300,3,1.540300,1,3.059600,0
2021-04-15,sh.600070,6.4000,6.4900,6.3500,6.4900,6.4000,7040789,45289237.3500,3,1.348900,1,1.406300,0
2021-04-16,sh.600070,6.4800,6.6900,6.4400,6.6200,6.4900,11294107,74686512.6800,3,2.163800,1,2.003100,0
2021-04-19,sh.600070,6.5700,6.6600,6.5600,6.6300,6.6200,7021575,46497286.1100,3,1.345300,1,0.151100,0
2021-04-20,sh.600070,6.6100,6.7800,6.5800,6.6200,6.6300,8950456,59800146.1500,3,1.714800,1,-0.150800,0
2021-04-21,sh.600070,6.6200,6.6700,6.5100,6.5400,6.6200,5820525,38262963.7500,3,1.115200,1,-1.208500,0
2021-04-22,sh.600070,6.4900,6.7200,6.4800,6.6700,6.5400,6246577,41448054.6700,3,1.196800,1,1.987800,0
2021-04-23,sh.600070,6.6800,6.6900,6.4000,6.4400,6.6700,7567029,49156838.7100,3,1.449800,1,-3.448300,0
2021-04-26,sh.600070,6.4200,6.5200,6.2400,6.3300,6.4400,5504023,35289597.3100,3,1.054500,1,-1.708100,0
2021-04-27,sh.600070,6.3300,6.9600,6.3000,6.4600,6.3300,20727523,137712995.9300,3,3.971200,1,2.053700,0
2021-04-28,sh.600070,6.4300,6.4400,6.2300,6.2900,6.4600,12955140,81672322.0600,3,2.482100,1,-2.631600,0
2021-04-29,sh.600070,6.3100,6.7900,6.2300,6.6500,6.2900,16292837,106385292.4500,3,3.121600,1,5.723400,0
2021-04-30,sh.600070,6.6500,6.6500,6.4300,6.5300,6.6500,10544387,68632390.1400,3,2.020200,1,-1.804500,0
2021-05-06,sh.600070,6.5300,7.1800,6.5200,7.1800,6.5300,44493414,314178112.3000,3,8.524500,1,9.954100,0
2021-05-07,sh.600070,7.1300,7.1600,6.9500,7.0300,7.1800,31478829,221864537.5900,3,6.031000,1,-2.089100,0
2021-05-10,sh.600070,7.0300,7.1200,6.9200,7.1000,7.0300,22114492,155624747.0800,3,4.236900,1,0.995700,0
2021-05-11,sh.600070,7.0400,7.0900,6.8400,7.0500,7.1000,14490023,101115384.4000,3,2.776200,1,-0.704200,0
2021-05-12,sh.600070,7.0300,7.4800,6.9600,7.4200,7.0500,24464672,177664395.4600,3,4.687200,1,5.248200,0
2021-05-13,sh.600070,7.2900,7.3900,7.2500,7.3000,7.4200,13932155,101813434.0100,3,2.669300,1,-1.617300,0
2021-05-14,sh.600070,7.3300,7.4700,7.2200,7.4200,7.3000,14654848,107617421.6600,3,2.807700,1,1.643800,0
2021-05-17,sh.600070,7.3400,7.4000,7.0700,7.1200,7.4200,14206419,101924742.0900,3,2.721800,1,-4.043100,0
2021-05-18,sh.600070,7.0900,7.2000,6.9200,7.1700,7.1200,9658002,68176155.9600,3,1.850400,1,0.702200,0
2021-05-19,sh.600070,7.1400,7.1800,7.0300,7.1000,7.1700,6573651,46681253.0400,3,1.259500,1,-0.976300,0
2021-05-20,sh.600070,7.0700,7.0800,6.9400,7.0300,7.1000,7689873,53842420.4200,3,1.473300,1,-0.985900,0
2021-05-21,sh.600070,7.0500,7.2000,7.0100,7.0500,7.0300,7148810,50679599.0800,3,1.369600,1,0.284500,0
2021-05-24,sh.600070,7.0700,7.3800,6.9900,7.3800,7.0500,15271735,111128645.9500,3,2.925900,1,4.680900,0
2021-05-25,sh.600070,7.3800,7.4000,7.2500,7.4000,7.3800,10150482,74499105.5200,3,1.944700,1,0.271000,0
2021-05-26,sh.600070,7.3700,7.5200,7.2400,7.2800,7.4000,11689805,86116636.5500,3,2.239700,1,-1.621600,0
2021-05-27,sh.600070,7.2800,7.3400,7.1600,7.2100,7.2800,9826569,71159945.4100,3,1.882700,1,-0.961500,0
2021-05-28,sh.600070,7.2200,7.3400,7.1400,7.2600,7.2100,8890931,64276324.4400,3,1.703400,1,0.693500,0
2021-05-31,sh.600070,7.2700,7.2900,7.1800,7.2700,7.2600,7802099,56358854.3900,3,1.494800,1,0.137700,0
2021-06-01,sh.600070,7.2900,7.5300,7.2500,7.4200,7.2700,15392904,114288399.1900,3,2.949100,1,2.063300,0
2021-06-02,sh.600070,7.3700,7.4000,7.1900,7.2000,7.4200,11115595,80757455.8700,3,2.129600,1,-2.965000,0
2021-06-03,sh.600070,7.2500,7.2900,7.1400,7.1400,7.2000,8224006,59141174.0200,3,1.575600,1,-0.833300,0
2021-06-04,sh.600070,7.1400,7.1800,7.0700,7.1000,7.1400,7582200,53899792.0000,3,1.452700,1,-0.560200,0
2021-06-07,sh.600070,7.1000,7.2000,7.0400,7.1700,7.1000,7102061,50546845.6600,3,1.360700,1,0.985900,0
2021-06-08,sh.600070,7.1800,7.3200,7.1100,7.2600,7.1700,10008924,72293050.8000,3,1.917600,1,1.255200,0
2021-06-09,sh.600070,7.2500,7.5100,7.1600,7.4100,7.2600,16293897,120567917.6000,3,3.121800,1,2.066100,0
2021-06-10,sh.600070,7.4100,7.4100,7.4100,7.4100,7.4100,0,0.0000,3,,0,0.000000,0
2021-06-11,sh.600070,8.1500,8.1500,8.1500,8.1500,7.4100,1782166,14524652.9000,3,0.341400,1,9.986500,0
2021-06-15,sh.600070,8.9700,8.9700,8.9700,8.9700,8.1500,3575772,32074674.8400,3,0.685100,1,10.061300,0
2021-06-16,sh.600070,9.8600,9.8700,9.5100,9.8700,8.9700,55740761,546576000.4500,3,10.679400,1,10.033400,0
2021-06-17,sh.600070,10.8000,10.8000,9.5800,9.6000,9.8700,109666137,1117944337.8300,3,21.011000,1,-2.735600,0
2021-06-18,sh.600070,9.5300,10.1100,9.5300,9.7300,9.6000,81151624,798254428.0900,3,15.547900,1,1.354200,0
2021-06-21,sh.600070,9.4200,10.5000,8.9500,10.0800,9.7300,82421011,791747997.4500,3,15.791100,1,3.597100,0
2021-06-22,sh.600070,9.8200,10.1500,9.4100,9.4500,10.0800,57874437,560649802.7900,3,11.421400,1,-6.250000,0
2021-06-23,sh.600070,9.3100,9.4300,8.9100,9.0400,9.4500,48479732,443934871.2800,3,9.567300,1,-4.338600,0
2021-06-24,sh.600070,9.0600,9.0800,8.5300,8.5600,9.0400,38050940,330916890.3500,3,7.509300,1,-5.309700,0
2021-06-25,sh.600070,8.4600,8.9500,8.4600,8.7500,8.5600,31203773,271582346.6900,3,6.158000,1,2.219600,0
2021-06-28,sh.600070,8.6600,8.8700,8.5500,8.7800,8.7500,22813838,198860890.5800,3,4.502300,1,0.342900,0
2021-06-29,sh.600070,8.7600,8.7600,8.5100,8.6500,8.7800,17576230,151906911.6600,3,3.468600,1,-1.480600,0
2021-06-30,sh.600070,8.6000,9.1500,8.6000,8.8300,8.6500,22412135,198629632.2600,3,4.423000,1,2.080900,0
2021-07-01,sh.600070,8.7500,8.8400,8.5000,8.5000,8.8300,18339118,158383068.0600,3,3.619200,1,-3.737300,0
2021-07-02,sh.600070,8.4400,8.6600,8.1400,8.4900,8.5000,21451670,179847490.8400,3,4.233400,1,-0.117600,0
2021-07-05,sh.600070,8.4600,8.9400,8.4600,8.9200,8.4900,20118250,176487340.0000,3,3.970300,1,5.064800,0
2021-07-06,sh.600070,8.8100,9.0500,8.7100,8.8600,8.9200,17445682,154598776.1300,3,3.442900,1,-0.672600,0
2021-07-07,sh.600070,8.7000,8.7700,8.5500,8.6500,8.8100,12398610,107151456.4200,3,2.446800,1,-1.816100,0
2021-07-08,sh.600070,8.6600,8.7700,8.5300,8.5600,8.6500,10611684,91654545.6000,3,2.094200,1,-1.040500,0
2021-07-09,sh.600070,8.5600,8.8300,8.4000,8.8000,8.5600,15940879,137093812.5900,3,3.145900,1,2.803700,0
2021-07-12,sh.600070,8.7600,9.1800,8.7000,9.0100,8.8000,18717088,167727828.9800,3,3.693800,1,2.386400,0
2021-07-13,sh.600070,8.9600,9.2300,8.8600,9.0000,9.0100,16543621,149667705.0400,3,3.264800,1,-0.111000,0
2021-07-14,sh.600070,8.8800,9.1200,8.7600,8.9300,9.0000,14470220,129787740.9800,3,2.855700,1,-0.777800,0
2021-07-15,sh.600070,9.0400,9.3400,8.8900,9.3300,8.9300,22999849,211956256.5000,3,4.539000,1,4.479300,0
2021-07-16,sh.600070,9.3300,9.3300,8.9000,9.1800,9.3300,21858462,199841716.2000,3,4.313700,1,-1.607700,0
2021-07-19,sh.600070,9.1100,9.1700,8.9300,9.0000,9.1800,11574514,104592463.1600,3,2.284200,1,-1.960800,0
2021-07-20,sh.600070,9.0500,9.1800,8.9700,9.0900,9.0000,9114456,82552548.0000,3,1.798700,1,1.000000,0
2021-07-21,sh.600070,9.0500,9.1800,8.9500,9.1300,9.0900,12983345,117610479.0500,3,2.562200,1,0.440000,0
2021-07-22,sh.600070,9.3200,9.5300,8.9700,8.9900,9.1300,21259965,195879563.0600,3,4.195600,1,-1.533400,0
2021-07-23,sh.600070,8.9000,8.9000,8.4000,8.4000,8.9900,23296226,199990620.5600,3,4.597400,1,-6.562800,0
2021-07-26,sh.600070,8.2900,8.4800,8.2000,8.3100,8.4000,10803284,89763248.8000,3,2.132000,1,-1.071400,0
2021-07-27,sh.600070,8.2900,8.4400,8.2500,8.2600,8.3100,9618168,80228467.9100,3,1.898100,1,-0.601700,0
2021-07-28,sh.600070,8.2100,8.2600,7.7000,7.9300,8.2600,10133607,80737796.0700,3,1.999800,1,-3.995200,0
2021-07-29,sh.600070,8.0500,8.2500,7.9300,8.1800,7.9300,8824267,71155450.6900,3,1.741400,1,3.152600,0
2021-07-30,sh.600070,8.1000,8.1600,7.9700,8.0600,8.1800,7252507,58379997.1000,3,1.431300,1,-1.467000,0
2021-08-02,sh.600070,8.1000,8.1000,7.8600,7.9900,8.0600,8114700,64518538.0000,3,1.601400,1,-0.868500,0
2021-08-03,sh.600070,7.9900,8.0800,7.9100,7.9200,7.9900,6217401,49640682.1800,3,1.227000,1,-0.876100,0
2021-08-04,sh.600070,7.8800,7.9700,7.8200,7.8600,7.9200,6969581,54942001.6100,3,1.375400,1,-0.757600,0
2021-08-05,sh.600070,7.8400,7.8500,7.6500,7.6800,7.8600,8855884,68557938.3200,3,1.747700,1,-2.290100,0
2021-08-06,sh.600070,7.7000,7.7600,7.5800,7.7500,7.6800,7255607,55444664.9700,3,1.431900,1,0.911500,0
2021-08-09,sh.600070,7.7300,7.7500,7.6200,7.6700,7.7500,6024745,46218567.4500,3,1.189000,1,-1.032300,0
2021-08-10,sh.600070,7.6800,8.1000,7.6500,7.9900,7.6700,12836090,102011830.6700,3,2.533200,1,4.172100,0
2021-08-11,sh.600070,8.0000,8.1400,7.8800,8.0900,7.9900,10267010,82036898.9000,3,2.026200,1,1.251600,0
2021-08-12,sh.600070,8.0500,8.1900,8.0400,8.0700,8.0900,7859620,63662607.9000,3,1.551100,1,-0.247200,0
2021-08-13,sh.600070,8.1300,8.1300,7.9900,8.0000,8.0700,5444210,43726302.5000,3,1.074400,1,-0.867400,0
2021-08-16,sh.600070,8.0200,8.0800,7.9200,7.9800,8.0000,5309095,42388450.6000,3,1.047700,1,-0.250000,0
2021-08-17,sh.600070,8.0100,8.0500,7.7900,7.8100,7.9800,6720750,53262959.5000,3,1.326300,1,-2.130300,0
2021-08-18,sh.600070,8.1800,8.5900,8.1800,8.5900,7.8100,8894177,75869740.5900,3,1.755200,1,9.987200,0
2021-08-19,sh.600070,8.6000,8.7500,8.0200,8.0600,8.5900,26189874,217962397.3800,3,5.168500,1,-6.170000,0
2021-08-20,sh.600070,7.8800,7.9400,7.6600,7.8000,8.0600,10177917,79408392.4200,3,2.008600,1,-3.225800,0
2021-08-23,sh.600070,7.4200,7.4300,7.0900,7.2500,7.8000,17261108,125106476.5900,3,3.406400,1,-7.051300,0
2021-08-24,sh.600070,7.1500,7.3700,7.1500,7.1900,7.2500,10143862,73047004.1000,3,2.001900,1,-0.827600,0
2021-08-25,sh.600070,7.2000,7.2300,7.1300,7.1700,7.1900,5959575,42704787.0000,3,1.176100,1,-0.278200,0
2021-08-26,sh.600070,7.1800,7.3000,7.0800,7.1900,7.1700,8623105,61968178.4000,3,1.701700,1,0.278900,0
2021-08-27,sh.600070,7.2000,7.3500,7.1500,7.2500,7.1900,7241792,52550735.8200,3,1.429100,1,0.834500,0
2021-08-30,sh.600070,7.3000,7.3500,7.1300,7.1500,7.2500,6207347,44904773.1100,3,1.225000,1,-1.379300,0
2021-08-31,sh.600070,7.1300,7.2000,6.9700,7.0000,7.1500,7571766,53423237.9000,3,1.494300,1,-2.097900,0
2021-09-01,sh.600070,6.9700,7.0500,6.8000,7.0200,7.0000,7825210,54359926.8000,3,1.544300,1,0.285700,0
2021-09-02,sh.600070,7.0000,7.0300,6.9000,6.9800,7.0200,4771280,33203754.0000,3,0.941600,1,-0.569800,0
2021-09-03,sh.600070,7.0000,7.1400,7.0000,7.1400,6.9800,6145164,43549508.1600,3,1.212700,1,2.292300,0
2021-09-06,sh.600070,7.3700,7.3700,7.1400,7.2600,7.1400,6425606,46459494.6100,3,1.268100,1,1.680700,0
2021-09-07,sh.600070,7.2600,7.3400,7.2200,7.2600,7.2600,4959350,36040338.5000,3,0.978700,1,0.000000,0
2021-09-08,sh.600070,7.2500,7.3700,7.2200,7.3300,7.2600,6218776,45453481.4500,3,1.227300,1,0.964200,0
2021-09-09,sh.600070,7.3000,7.3500,7.2700,7.3000,7.3300,3735219,27286734.2700,3,0.737100,1,-0.409300,0
2021-09-10,sh.600070,7.3000,7.3500,7.2000,7.2000,7.3000,5044000,36576300.0000,3,0.995400,1,-1.369900,0
2021-09-13,sh.600070,7.2000,7.4000,7.2000,7.3500,7.2000,6213190,45431960.2000,3,1.226200,1,2.083300,0
2021-09-14,sh.600070,7.3500,7.6000,7.3200,7.4800,7.3500,8396668,62821769.2100,3,1.657100,1,1.768700,0
2021-09-15,sh.600070,7.4100,7.7600,7.4100,7.7400,7.4800,9772118,74803820.3300,3,1.928500,1,3.475900,0
2021-09-16,sh.600070,7.7400,7.8600,7.6200,7.6900,7.7400,7712183,59719605.9200,3,1.522000,1,-0.646000,0
2021-09-17,sh.600070,7.6800,7.7500,7.4200,7.6200,7.6900,5346490,40528603.1000,3,1.055100,1,-0.910300,0
2021-09-22,sh.600070,7.5000,7.6200,7.4200,7.4900,7.6200,7695274,57571276.0400,3,1.518600,1,-1.706000,0
2021-09-23,sh.600070,7.5000,7.5800,7.4600,7.5100,7.4900,5824461,43700789.9100,3,1.149400,1,0.267000,0
2021-09-24,sh.600070,7.5800,7.5800,7.3900,7.4800,7.5100,5914413,44143086.8500,3,1.167200,1,-0.399500,0
2021-09-27,sh.600070,7.4900,7.5300,7.1400,7.2300,7.4800,6444383,47078063.1500,3,1.271800,1,-3.342200,0
2021-09-28,sh.600070,7.2000,7.6600,7.2000,7.5900,7.2300,7301445,54633211.9200,3,1.440900,1,4.979300,0
2021-09-29,sh.600070,7.5500,7.7300,7.5000,7.6000,7.5900,7485606,56951621.2400,3,1.477300,1,0.131800,0
2021-09-30,sh.600070,7.6000,7.6700,7.4900,7.5900,7.6000,4274830,32290395.7400,3,0.843600,1,-0.131600,0
2021-10-08,sh.600070,7.6500,7.6700,7.5500,7.6400,7.5900,3736430,28448649.4000,3,0.737400,1,0.658800,0
2021-10-11,sh.600070,7.6800,7.9500,7.6400,7.8400,7.6400,9677163,75744569.6800,3,1.909800,1,2.617800,0
2021-10-12,sh.600070,7.8100,7.8100,7.5200,7.6200,7.8400,5041856,38468496.1700,3,0.995000,1,-2.806100,0
2021-10-13,sh.600070,7.5900,7.6800,7.4800,7.5200,7.6200,3154400,23755317.0000,3,0.622500,1,-1.312300,0
2021-10-14,sh.600070,7.4700,7.5700,7.4500,7.5000,7.5200,2260380,16927050.3000,3,0.446100,1,-0.266000,0
2021-10-15,sh.600070,7.5300,7.5700,7.4500,7.5500,7.5000,3095798,23253406.1000,3,0.610900,1,0.666700,0
2021-10-18,sh.600070,7.5200,7.5900,7.4700,7.5200,7.5500,2778301,20887516.4000,3,0.548300,1,-0.397400,0
2021-10-19,sh.600070,7.5200,7.5500,7.2700,7.4000,7.5200,5548487,41016073.8800,3,1.095000,1,-1.595700,0
2021-10-20,sh.600070,7.4000,7.5000,7.3000,7.3400,7.4000,2651914,19479975.9000,3,0.523300,1,-0.810800,0
2021-10-21,sh.600070,7.3000,7.3400,7.0500,7.0700,7.3400,5862666,41926406.5000,3,1.157000,1,-3.678500,0
2021-10-22,sh.600070,7.0700,7.1800,7.0400,7.0700,7.0700,2721400,19304501.0000,3,0.537100,1,0.000000,0
2021-10-25,sh.600070,7.0700,7.0900,6.8900,6.9000,7.0700,4258667,29618683.5800,3,0.840400,1,-2.404500,0
2021-10-26,sh.600070,6.9000,6.9500,6.8100,6.8300,6.9000,3663513,25168857.7500,3,0.723000,1,-1.014500,0
2021-10-27,sh.600070,6.8400,6.8800,6.5700,6.7200,6.8300,4530225,30108959.7600,3,0.894000,1,-1.610500,0
2021-10-28,sh.600070,6.7200,6.7500,6.4300,6.4700,6.7200,3464308,22716305.8500,3,0.683700,1,-3.720200,0
2021-10-29,sh.600070,6.6000,6.9200,6.5000,6.8500,6.4700,6720600,45462119.4000,3,1.326300,1,5.873300,0
2021-11-01,sh.600070,6.7900,6.8500,6.6900,6.7300,6.8500,4150400,28025944.0000,3,0.819100,1,-1.751800,0
2021-11-02,sh.600070,6.7400,6.7700,6.4500,6.5300,6.7300,3860750,25405794.0000,3,0.761900,1,-2.971800,0
2021-11-03,sh.600070,6.5200,6.7100,6.4800,6.5800,6.5300,2699494,17828369.6200,3,0.532700,1,0.765700,0
2021-11-04,sh.600070,6.5800,6.8300,6.5400,6.7500,6.5800,4024687,26891636.7400,3,0.794300,1,2.583600,0
2021-11-05,sh.600070,6.7200,6.8700,6.6700,6.7700,6.7500,2493484,16893855.3200,3,0.492100,1,0.296300,0
2021-11-08,sh.600070,6.7900,6.8200,6.6700,6.7700,6.7700,1811756,12231968.8100,3,0.357500,1,0.000000,0
2021-11-09,sh.600070,6.7700,6.8500,6.7700,6.8300,6.7700,2149595,14643127.9000,3,0.424200,1,0.886300,0
2021-11-10,sh.600070,6.8100,7.2900,6.8000,7.2000,6.8300,7543665,53275815.6400,3,1.488700,1,5.417300,0
2021-11-11,sh.600070,7.1600,7.2700,7.1300,7.1600,7.2000,5094522,36581356.1000,3,1.005400,1,-0.555600,0
2021-11-12,sh.600070,7.1900,7.2000,7.0800,7.0900,7.1600,3506408,24945291.6400,3,0.692000,1,-0.977700,0
2021-11-15,sh.600070,7.2000,7.2800,7.0400,7.2800,7.0900,4246693,30432785.4500,3,0.838100,1,2.679800,0
2021-11-16,sh.600070,7.2700,7.3500,7.1600,7.1800,7.2800,3915800,28380681.7400,3,0.772800,1,-1.373600,0
2021-11-17,sh.600070,7.1800,7.3600,7.1500,7.2800,7.1800,3994593,29016021.7700,3,0.788300,1,1.392800,0
2021-11-18,sh.600070,7.2800,7.3500,7.2000,7.2000,7.2800,3307918,24015160.9000,3,0.652800,1,-1.098900,0
2021-11-19,sh.600070,7.2100,7.2700,7.1500,7.2000,7.2000,3524340,25417590.7200,3,0.695500,1,0.000000,0
2021-11-22,sh.600070,7.2000,7.2200,7.1000,7.1300,7.2000,3407700,24298612.9800,3,0.672500,1,-0.972200,0
2021-11-23,sh.600070,7.1400,7.1700,7.1100,7.1400,7.1300,2420820,17284708.6000,3,0.477700,1,0.140300,0
2021-11-24,sh.600070,7.1300,7.2000,7.0900,7.1600,7.1400,2526325,18030118.5500,3,0.498600,1,0.280100,0
2021-11-25,sh.600070,7.1600,7.3700,7.1600,7.2500,7.1600,5202406,37852589.0400,3,1.026700,1,1.257000,0
2021-11-26,sh.600070,7.2500,7.4900,7.1700,7.3900,7.2500,6682630,49102385.9000,3,1.318800,1,1.931000,0
2021-11-29,sh.600070,7.3400,7.3500,7.2000,7.2400,7.3900,4315816,31374248.8800,3,0.851700,1,-2.029800,0
2021-11-30,sh.600070,7.2500,7.4900,7.2100,7.4100,7.2400,5211964,38535257.7900,3,1.028600,1,2.348100,0
2021-12-01,sh.600070,7.4000,7.5300,7.3800,7.4500,7.4100,3679410,27488687.2000,3,0.726100,1,0.539800,0
2021-12-02,sh.600070,7.6000,7.6000,7.3000,7.3300,7.4500,4393200,32577299.0000,3,0.867000,1,-1.610700,0
2021-12-03,sh.600070,7.2900,7.4000,7.2800,7.3200,7.3300,2688031,19740621.3000,3,0.530500,1,-0.136400,0
2021-12-06,sh.600070,7.3200,7.3500,7.0800,7.1000,7.3200,5593406,40093069.8200,3,1.103800,1,-3.005500,0
2021-12-07,sh.600070,7.1400,7.1800,7.0200,7.0800,7.1000,2888486,20436844.3900,3,0.570000,1,-0.281700,0
2021-12-08,sh.600070,7.1200,7.1200,7.0200,7.0500,7.0800,2745256,19362336.2600,3,0.541800,1,-0.423700,0
2021-12-09,sh.600070,7.0500,7.1400,7.0100,7.0600,7.0500,3851746,27165608.5400,3,0.760100,1,0.141800,0
2021-12-10,sh.600070,7.0900,7.2200,7.0200,7.0900,7.0600,4080210,29111922.3600,3,0.805200,1,0.424900,0
2021-12-13,sh.600070,7.1500,7.2000,7.0500,7.1000,7.0900,3344420,23752341.0000,3,0.660000,1,0.141000,0
2021-12-14,sh.600070,7.1100,7.3800,7.0800,7.2600,7.1000,6419406,46492892.1300,3,1.266900,1,2.253500,0
2021-12-15,sh.600070,7.2400,7.3600,7.2000,7.2600,7.2600,4515974,32822874.9300,3,0.891200,1,0.000000,0
2021-12-16,sh.600070,7.4100,7.6300,7.2700,7.5500,7.2600,12960607,96845157.8000,3,2.557700,1,3.994500,0
2021-12-17,sh.600070,7.5600,7.7000,7.5200,7.5500,7.5500,9186829,69774029.6400,3,1.813000,1,0.000000,0
2021-12-20,sh.600070,7.4500,7.5500,7.3400,7.3500,7.5500,6623062,49220706.2800,3,1.307000,1,-2.649000,0
2021-12-21,sh.600070,7.3800,7.6200,7.3400,7.6100,7.3500,7600877,57046719.7500,3,1.500000,1,3.537400,0
2021-12-22,sh.600070,7.6300,7.6800,7.4300,7.5900,7.6100,7214195,54135056.7500,3,1.423700,1,-0.262800,0
2021-12-23,sh.600070,7.6300,7.6900,7.5000,7.5900,7.5900,7811898,59265422.7200,3,1.541700,1,0.000000,0
2021-12-24,sh.600070,7.5800,7.6600,7.5100,7.5500,7.5900,7081238,53679637.9600,3,1.397500,1,-0.527000,0
2021-12-27,sh.600070,7.5900,7.5900,7.3500,7.3900,7.5500,7457325,55594837.0300,3,1.471700,1,-2.119200,0
2021-12-28,sh.600070,7.3900,7.4700,7.2500,7.2800,7.3900,7974764,58545898.8200,3,1.573800,1,-1.488500,0
2021-12-29,sh.600070,7.2700,7.3500,7.1400,7.1800,7.2800,6368233,46060937.4100,3,1.256800,1,-1.373600,0
2021-12-30,sh.600070,7.1900,7.4800,7.1400,7.3400,7.1800,7329331,53941049.6100,3,1.446400,1,2.228400,0
2021-12-31,sh.600070,7.3500,7.3700,7.2600,7.3300,7.3400,4398050,32178524.0000,3,0.867900,1,-0.136200,0
2022-01-04,sh.600070,7.3200,7.5200,7.2800,7.5000,7.3300,7074101,52677849.4700,3,1.396100,1,2.319200,0
2022-01-05,sh.600070,7.4400,7.7800,7.4400,7.5800,7.5000,12519752,94888873.3500,3,2.470700,1,1.066700,0
2022-01-06,sh.600070,7.5800,7.6700,7.4500,7.5900,7.5800,6838714,51946963.7600,3,1.349600,1,0.131900,0
2022-01-07,sh.600070,7.5900,7.7000,7.0900,7.0900,7.5900,19353756,142058329.2100,3,3.819400,1,-6.587600,0
2022-01-10,sh.600070,7.0600,7.1500,6.9000,7.0900,7.0900,9724649,68617156.5600,3,1.919100,1,0.000000,0
2022-01-11,sh.600070,7.1300,7.1900,6.9300,6.9600,7.0900,7721566,54343690.7500,3,1.523800,1,-1.833600,0
2022-01-12,sh.600070,6.9200,7.2300,6.9200,7.0900,6.9600,5893400,41765997.9300,3,1.163000,1,1.867800,0
2022-01-13,sh.600070,7.1500,7.1500,7.0000,7.0100,7.0900,5303273,37436496.0900,3,1.046600,1,-1.128300,0
2022-01-14,sh.600070,7.0000,7.0500,6.8000,6.8400,7.0100,7635200,52668879.9700,3,1.506800,1,-2.425100,0
2022-01-17,sh.600070,6.7100,7.4000,6.7100,7.3400,6.8400,16099100,115667949.0000,3,3.177100,1,7.309900,0
2022-01-18,sh.600070,7.3400,7.3800,6.9300,6.9400,7.3400,10624100,75230058.0000,3,2.096600,1,-5.449600,0
2022-01-19,sh.600070,6.9400,7.2400,6.9400,7.0300,6.9400,6724487,47558658.9800,3,1.327100,1,1.296800,0
2022-01-20,sh.600070,7.0000,7.0800,6.7400,6.7700,7.0300,8473076,58226444.0200,3,1.672100,1,-3.698400,0
2022-01-21,sh.600070,6.7700,6.8800,6.7200,6.7600,6.7700,4331900,29442521.0000,3,0.854900,1,-0.147700,0
2022-01-24,sh.600070,6.7000,6.8000,6.6100,6.7200,6.7600,4336700,29162335.0000,3,0.855800,1,-0.591700,0
2022-01-25,sh.600070,6.7900,6.7900,6.4300,6.4500,6.7200,6779300,44353597.0000,3,1.337900,1,-4.017900,0
2022-01-26,sh.600070,6.4600,6.5500,6.3900,6.5000,6.4500,3348168,21694857.8600,3,0.660800,1,0.775200,0
2022-01-27,sh.600070,6.5200,6.5400,6.2600,6.2600,6.5000,4736700,30016628.0000,3,0.934800,1,-3.692300,0
2022-01-28,sh.600070,6.3000,6.5900,6.2400,6.3900,6.2600,4148196,26543597.0900,3,0.818600,1,2.076700,0
2022-02-07,sh.600070,5.8000,6.0600,5.8000,5.9500,6.3900,10096807,59501761.9500,3,1.992600,1,-6.885800,0
2022-02-08,sh.600070,5.9400,6.3100,5.9100,6.2800,5.9500,8544907,52577998.3500,3,1.686300,1,5.546200,0
2022-02-09,sh.600070,6.3200,6.4500,6.2400,6.2900,6.2800,4042200,25495749.0000,3,0.797700,1,0.159200,0
2022-02-10,sh.600070,6.2900,6.3200,6.2300,6.2500,6.2900,2378400,14886928.0000,3,0.469400,1,-0.635900,0
2022-02-11,sh.600070,6.2600,6.2900,6.1000,6.1400,6.2500,3073100,18928082.0000,3,0.606500,1,-1.760000,0
2022-02-14,sh.600070,6.1000,6.2600,6.1000,6.1300,6.1400,2831100,17473293.0000,3,0.558700,1,-0.162900,0
2022-02-15,sh.600070,6.2800,6.7400,6.1300,6.7400,6.1300,10295586,67687491.1800,3,2.031800,1,9.951100,0
2022-02-16,sh.600070,6.9100,7.0300,6.6100,6.8200,6.7400,21615341,146989979.7900,3,4.265700,1,1.186900,0
2022-02-17,sh.600070,6.6500,7.0200,6.5000,6.6300,6.8200,15075421,100531776.3500,3,2.975100,1,-2.785900,0
2022-02-18,sh.600070,6.5100,6.5800,6.4300,6.5400,6.6300,8706421,56535078.4400,3,1.718200,1,-1.357500,0
2022-02-21,sh.600070,6.6600,7.1900,6.6300,7.1900,6.5400,14220966,99542031.4700,3,2.806500,1,9.938800,0
2022-02-22,sh.600070,7.0000,7.4200,6.9600,7.1500,7.1900,25554396,183685428.0200,3,5.043100,1,-0.556300,0
2022-02-23,sh.600070,7.1600,7.2200,7.0000,7.1400,7.1500,13140919,93265286.9900,3,2.593300,1,-0.139900,0
2022-02-24,sh.600070,7.1000,7.3900,6.8000,6.8900,7.1400,15811210,111958408.9800,3,3.120300,1,-3.501400,0
2022-02-25,sh.600070,6.9800,7.5800,6.9400,7.3300,6.8900,35310498,262117730.5700,3,6.968400,1,6.386100,0
2022-02-28,sh.600070,7.2800,7.3400,6.9600,7.0200,7.3300,26259043,187052770.0000,3,5.182200,1,-4.229200,0
2022-03-01,sh.600070,7.0400,7.1200,6.9200,6.9600,7.0200,10055800,70300435.0000,3,1.984500,1,-0.854700,0
2022-03-02,sh.600070,6.9600,7.0300,6.8900,6.9600,6.9600,6656351,46238887.0000,3,1.313600,1,0.000000,0
2022-03-03,sh.600070,6.9600,7.1100,6.7800,6.7800,6.9600,11871721,81848491.0000,3,2.342900,1,-2.586200,0
2022-03-04,sh.600070,6.7400,6.9100,6.6900,6.7100,6.7800,9600804,64884601.0000,3,1.894700,1,-1.032400,0
2022-03-07,sh.600070,6.6900,6.8300,6.6400,6.7100,6.7100,7224380,48692774.0000,3,1.425700,1,0.000000,0
2022-03-08,sh.600070,6.7800,6.7800,6.4600,6.6500,6.7100,8365213,55591451.0000,3,1.650900,1,-0.894200,0
2022-03-09,sh.600070,6.6100,6.7000,6.1600,6.3900,6.6500,10656933,68164042.0000,3,2.103100,1,-3.909800,0
2022-03-10,sh.600070,6.5000,6.7300,6.4000,6.6300,6.3900,6341905,41941332.0000,3,1.251600,1,3.755900,0
2022-03-11,sh.600070,6.6200,6.6400,6.4000,6.6300,6.6300,5261413,34303686.0000,3,1.038300,1,0.000000,0
2022-03-14,sh.600070,6.5800,6.6200,6.3500,6.3500,6.6300,4253500,27585313.0000,3,0.839400,1,-4.223200,0
2022-03-15,sh.600070,6.2800,6.3500,6.0100,6.0300,6.3500,6906363,42719704.0000,3,1.363000,1,-5.039400,0
2022-03-16,sh.600070,6.1500,6.3000,5.9600,6.2900,6.0300,6478301,39672965.0000,3,1.278500,1,4.311800,0
2022-03-17,sh.600070,6.3300,6.4000,6.2200,6.2600,6.2900,6455421,40782197.0000,3,1.274000,1,-0.476900,0
2022-03-18,sh.600070,6.2900,6.3500,6.2200,6.3500,6.2600,3645500,23010434.0000,3,0.719400,1,1.437700,0
2022-03-21,sh.600070,6.7800,6.9900,6.7100,6.9900,6.3500,9533295,66351428.0500,3,1.881400,1,10.078700,0
2022-03-22,sh.600070,7.2000,7.2000,6.6900,6.8200,6.9900,23856091,164309635.9500,3,4.707900,1,-2.432000,0
2022-03-23,sh.600070,6.8000,7.0100,6.6300,6.6500,6.8200,10670075,72163714.3200,3,2.105700,1,-2.492700,0
2022-03-24,sh.600070,6.5800,6.6500,6.4700,6.5000,6.6500,7112950,46460620.0000,3,1.403700,1,-2.255600,0
2022-03-25,sh.600070,6.4500,6.6300,6.4500,6.5100,6.5000,6291550,41302235.5000,3,1.241600,1,0.153800,0
2022-03-28,sh.600070,6.4900,6.5900,6.4000,6.4400,6.5100,5084201,32979877.4300,3,1.003400,1,-1.075300,0
2022-03-29,sh.600070,6.4700,6.5500,6.3600,6.3700,6.4400,3886204,24998667.5200,3,0.766900,1,-1.087000,0
2022-03-30,sh.600070,6.4100,6.4600,6.3600,6.4300,6.3700,4946634,31726612.3200,3,0.976200,1,0.941900,0
2022-03-31,sh.600070,6.4200,6.4700,6.3700,6.4100,6.4300,3430054,22025582.4600,3,0.676900,1,-0.311000,0
2022-04-01,sh.600070,6.4000,6.5000,6.3100,6.4700,6.4100,4146803,26515604.9300,3,0.818400,1,0.936000,0
2022-04-06,sh.600070,6.4200,6.5900,6.4000,6.5600,6.4700,5025111,32885920.4200,3,0.991700,1,1.391000,0
2022-04-07,sh.600070,6.6000,6.6100,6.2900,6.2900,6.5600,5321400,34112832.0000,3,1.050200,1,-4.115900,0
2022-04-08,sh.600070,6.3000,6.3500,6.1400,6.3000,6.2900,3754430,23387237.9000,3,0.740900,1,0.159000,0
2022-04-11,sh.600070,6.3200,6.3200,6.0500,6.0700,6.3000,4065850,25027634.7000,3,0.802400,1,-3.650800,0
2022-04-12,sh.600070,6.1200,6.2000,6.0100,6.1900,6.0700,2819616,17241527.0400,3,0.556400,1,1.976900,0
2022-04-13,sh.600070,6.1900,6.1900,5.9900,6.0200,6.1900,3015464,18262552.2800,3,0.595100,1,-2.746400,0
2022-04-14,sh.600070,6.0400,6.1000,6.0400,6.0900,6.0200,2094656,12720259.4800,3,0.413400,1,1.162800,0
2022-04-15,sh.600070,6.0800,6.0800,5.9000,5.9200,6.0900,3532703,21045057.7600,3,0.697200,1,-2.791500,0
2022-04-18,sh.600070,5.8900,6.0100,5.7200,5.8500,5.9200,3122500,18128779.0000,3,0.616200,1,-1.182400,0
2022-04-19,sh.600070,5.8400,5.8900,5.7200,5.7800,5.8500,2889653,16739892.8100,3,0.570300,1,-1.196600,0
2022-04-20,sh.600070,5.8100,5.9300,5.7800,5.8500,5.7800,3672401,21529106.1100,3,0.724700,1,1.211100,0
2022-04-21,sh.600070,5.8400,5.9100,5.6400,5.6500,5.8500,4212311,24345788.6900,3,0.831300,1,-3.418800,0
2022-04-22,sh.600070,5.6200,5.6200,5.5000,5.5500,5.6500,3673400,20400646.3400,3,0.724900,1,-1.769900,0
2022-04-25,sh.600070,5.4800,5.4800,5.0000,5.0000,5.5500,6626900,34119852.0000,3,1.307800,1,-9.909900,0
2022-04-26,sh.600070,4.9000,4.9900,4.5100,4.6000,5.0000,7870300,37539718.0000,3,1.553200,1,-8.000000,0
2022-04-27,sh.600070,4.7000,4.8600,4.5500,4.8400,4.6000,7363700,34755702.0000,3,1.453200,1,5.217400,0
2022-04-28,sh.600070,4.8800,4.9100,4.7100,4.7700,4.8400,4794800,23022111.9600,3,0.946200,1,-1.446300,0
2022-04-29,sh.600070,4.8300,4.9000,4.7500,4.8400,4.7700,5721136,27668832.8400,3,1.129100,1,1.467500,0
2022-05-05,sh.600070,4.8400,4.9100,4.7600,4.8700,4.8400,4513504,21920729.6000,3,0.890700,1,0.619800,0
2022-05-06,sh.600070,4.7600,5.0200,4.7200,4.9500,4.8700,4143394,20377380.3600,3,0.817700,1,1.642700,0
2022-05-09,sh.600070,4.9600,5.1000,4.9500,5.0700,4.9500,3398500,17150259.0000,3,0.670700,1,2.424200,0
2022-05-10,sh.600070,4.9700,5.1100,4.9300,5.0700,5.0700,2973904,15003120.2400,3,0.586900,1,0.000000,0
2022-05-11,sh.600070,5.0700,5.1300,4.9500,4.9600,5.0700,4667950,23661564.0000,3,0.921200,1,-2.169600,0
2022-05-12,sh.600070,4.9100,5.0700,4.9000,5.0200,4.9600,2455940,12308714.0000,3,0.484700,1,1.209700,0
2022-05-13,sh.600070,5.0400,5.0800,4.9400,5.0000,5.0200,2038843,10184593.7100,3,0.402400,1,-0.398400,0
2022-05-16,sh.600070,5.0400,5.0500,4.8100,4.9200,5.0000,5699050,27942532.9000,3,1.124700,1,-1.600000,0
2022-05-17,sh.600070,4.9000,4.9300,4.7900,4.8300,4.9200,4314100,20881846.0000,3,0.851400,1,-1.829300,0
2022-05-18,sh.600070,4.8700,5.0300,4.8500,4.9100,4.8300,3712003,18372096.4300,3,0.732600,1,1.656300,0
2022-05-19,sh.600070,4.8400,4.9600,4.8300,4.9600,4.9100,3232204,15858551.3600,3,0.637900,1,1.018300,0
2022-05-20,sh.600070,4.9300,5.0300,4.9000,4.9700,4.9600,3045430,15098248.1000,3,0.601000,1,0.201600,0
2022-05-23,sh.600070,4.9900,5.0900,4.9600,5.0600,4.9700,4885635,24631860.1000,3,0.964200,1,1.810900,0
2022-05-24,sh.600070,5.1500,5.1500,4.8000,4.8100,5.0600,5645000,27781163.0000,3,1.114000,1,-4.940700,0
2022-05-25,sh.600070,4.8100,4.9400,4.7900,4.9200,4.8100,3298604,16180531.6300,3,0.651000,1,2.286900,0
2022-05-26,sh.600070,4.9300,4.9800,4.8400,4.9600,4.9200,2891883,14271600.0800,3,0.570700,1,0.813000,0
2022-05-27,sh.600070,4.9700,5.0100,4.8900,4.9500,4.9600,3582483,17705589.3400,3,0.707000,1,-0.201600,0
2022-05-30,sh.600070,4.9600,5.0200,4.9300,5.0000,4.9500,3999636,19915854.0000,3,0.789300,1,1.010100,0
2022-05-31,sh.600070,5.0400,5.2600,4.9800,5.2100,5.0000,8426504,43078083.7200,3,1.662900,1,4.200000,0
2022-06-01,sh.600070,5.2200,5.2300,5.0900,5.1400,5.2100,5590804,28736899.5600,3,1.103300,1,-1.343600,0
2022-06-02,sh.600070,5.1300,5.3000,5.0300,5.2300,5.1400,6355569,32967831.7200,3,1.254300,1,1.751000,0
2022-06-06,sh.600070,5.2500,5.5300,5.2200,5.4400,5.2300,11561881,62152351.2500,3,2.281700,1,4.015300,0
2022-06-07,sh.600070,5.2400,5.3400,5.0400,5.1500,5.4400,13920700,71281198.5700,3,2.747200,1,-5.330900,0
2022-06-08,sh.600070,5.1300,5.5800,5.1000,5.2700,5.1500,14612347,76933707.9400,3,2.883700,1,2.330100,0
2022-06-09,sh.600070,5.2700,5.4000,5.1000,5.1700,5.2700,11417431,59455358.6800,3,2.253200,1,-1.897500,0
2022-06-10,sh.600070,5.1200,5.2500,5.0900,5.1300,5.1700,6269810,32338803.4000,3,1.237300,1,-0.773700,0
2022-06-13,sh.600070,5.0900,5.1300,5.0500,5.0700,5.1300,5255800,26684619.0000,3,1.037200,1,-1.169600,0
2022-06-14,sh.600070,5.0400,5.1200,4.9400,5.1100,5.0700,6275627,31558785.0900,3,1.238500,1,0.789000,0
2022-06-15,sh.600070,5.1100,5.2200,5.0400,5.0500,5.1100,5088900,26046941.0000,3,1.004300,1,-1.174200,0
2022-06-16,sh.600070,5.0500,5.1100,5.0400,5.0800,5.0500,3740100,18958364.0000,3,0.738100,1,0.594100,0
2022-06-17,sh.600070,5.0500,5.0500,4.9300,5.0300,5.0800,4931226,24622181.5200,3,0.973200,1,-0.984300,0
2022-06-20,sh.600070,5.0500,5.4000,5.0100,5.3200,5.0300,13962641,73417828.3100,3,2.755500,1,5.765400,0
2022-06-21,sh.600070,5.4200,5.4400,5.2900,5.4100,5.3200,9779387,52717506.5200,3,1.929900,1,1.691700,0
2022-06-22,sh.600070,5.4500,5.7200,5.3800,5.5300,5.4100,11316315,63062403.7100,3,2.233200,1,2.218100,0
2022-06-23,sh.600070,5.6200,5.8300,5.5300,5.6900,5.5300,8338552,47282949.3700,3,1.645600,1,2.893300,0
2022-06-24,sh.600070,5.6900,5.7500,5.5600,5.6200,5.6900,6596300,37187914.0000,3,1.301800,1,-1.230200,0
2022-06-27,sh.600070,5.6600,6.1800,5.6600,5.9300,5.6200,14843806,88759324.4800,3,2.929400,1,5.516000,0
2022-06-28,sh.600070,5.8900,6.0800,5.8800,5.9400,5.9300,8438971,50372869.9300,3,1.665400,1,0.168600,0
2022-06-29,sh.600070,5.9400,6.2800,5.9400,6.0300,5.9400,11426526,70025697.2300,3,2.255000,1,1.515200,0
2022-06-30,sh.600070,5.9900,6.1600,5.8100,5.8400,6.0300,9295935,55441762.3500,3,1.834500,1,-3.150900,0
2022-07-01,sh.600070,5.8800,5.9000,5.7100,5.7800,5.8400,8067566,46763878.8100,3,1.592100,1,-1.027400,0
2022-07-04,sh.600070,5.7800,5.7900,5.6000,5.6900,5.7800,6280144,35618331.4400,3,1.239400,1,-1.557100,0
2022-07-05,sh.600070,5.7000,5.7800,5.6100,5.6800,5.6900,5016300,28504972.0000,3,0.990000,1,-0.175700,0
2022-07-06,sh.600070,5.6700,5.6900,5.5500,5.6000,5.6800,3231901,18112389.5900,3,0.637800,1,-1.408500,0
2022-07-07,sh.600070,5.6100,5.7100,5.5300,5.5500,5.6000,4076490,22797895.8000,3,0.804500,1,-0.892900,0
2022-07-08,sh.600070,5.5700,5.9400,5.5500,5.7400,5.5500,11444100,66238436.0000,3,2.258500,1,3.423400,0
2022-07-11,sh.600070,5.7400,5.7800,5.4400,5.5100,5.7400,8979235,49834042.0400,3,1.772000,1,-4.007000,0
2022-07-12,sh.600070,5.5400,5.5600,5.3300,5.3300,5.5100,6004100,32424248.0000,3,1.184900,1,-3.266800,0
2022-07-13,sh.600070,5.3600,5.5700,5.3600,5.4600,5.3300,6682700,36662951.0000,3,1.318800,1,2.439000,0
2022-07-14,sh.600070,5.5000,5.8300,5.3700,5.4000,5.4600,7318400,40206970.0000,3,1.444300,1,-1.098900,0
2022-07-15,sh.600070,5.3700,5.3900,5.2400,5.2600,5.4000,5971600,31592480.9600,3,1.178500,1,-2.592600,0
2022-07-18,sh.600070,5.2500,5.5900,5.2500,5.5500,5.2600,10858187,59903509.8300,3,2.142800,1,5.513300,0
2022-07-19,sh.600070,5.5800,5.6800,5.5100,5.6800,5.5500,6814300,38160471.0000,3,1.344800,1,2.342300,0
2022-07-20,sh.600070,5.6500,5.7000,5.5300,5.6800,5.6800,5674940,31892321.4000,3,1.119900,1,0.000000,0
2022-07-21,sh.600070,5.6800,5.7200,5.5600,5.5800,5.6800,4133600,23195360.0000,3,0.815800,1,-1.760600,0
2022-07-22,sh.600070,5.5900,5.6500,5.4300,5.5000,5.5800,4235500,23365207.0000,3,0.835900,1,-1.433700,0
2022-07-25,sh.600070,5.5000,5.6800,5.4100,5.5400,5.5000,5783848,32308085.0900,3,1.141400,1,0.727300,0
2022-07-26,sh.600070,5.5300,5.5500,5.4500,5.5400,5.5400,3422373,18859787.4900,3,0.675400,1,0.000000,0
2022-07-27,sh.600070,5.5100,5.5400,5.4000,5.4200,5.5400,4201620,22826571.3000,3,0.829200,1,-2.166100,0
2022-07-28,sh.600070,5.4300,5.5200,5.3700,5.3800,5.4200,3534297,19215480.7300,3,0.697500,1,-0.738000,0
2022-07-29,sh.600070,5.3800,5.4500,5.3300,5.3500,5.3800,4291300,23018432.0000,3,0.846900,1,-0.557600,0
2022-08-01,sh.600070,5.3500,5.3900,5.2900,5.3100,5.3500,2683201,14324253.3500,3,0.529500,1,-0.747700,0
2022-08-02,sh.600070,5.3000,5.3000,5.0200,5.0500,5.3100,6352236,32323085.8200,3,1.253600,1,-4.896400,0
2022-08-03,sh.600070,5.0300,5.2300,5.0100,5.0300,5.0500,4023607,20623373.9100,3,0.794000,1,-0.396000,0
2022-08-04,sh.600070,5.0600,5.2100,5.0600,5.2000,5.0300,4977440,25541595.0000,3,0.982300,1,3.379700,0
2022-08-05,sh.600070,5.2300,5.2700,5.1600,5.2300,5.2000,3172100,16526391.0000,3,0.626000,1,0.576900,0
2022-08-08,sh.600070,5.2200,5.2500,5.1300,5.2300,5.2300,4013830,20807065.0000,3,0.792100,1,0.000000,0
2022-08-09,sh.600070,5.2200,5.2400,5.1100,5.1800,5.2300,4972973,25655647.0000,3,0.981400,1,-0.956000,0
2022-08-10,sh.600070,5.2100,5.2600,5.1200,5.1900,5.1800,3643100,18955097.0000,3,0.719000,1,0.193100,0
2022-08-11,sh.600070,5.2100,5.7100,5.2100,5.7100,5.1900,29674263,168666359.0000,3,5.856100,1,10.019300,0
2022-08-12,sh.600070,5.7100,5.7600,5.5000,5.6800,5.7100,35277775,198892946.0000,3,6.962000,1,-0.525400,0
2022-08-15,sh.600070,5.6600,5.7500,5.6100,5.7100,5.6800,14115446,80271166.9800,3,2.785600,1,0.528200,0
