date,code,open,high,low,close,preclose,volume,amount,adjustflag,turn,tradestatus,pctChg,isST
2008-02-01,sh.601898,24.0000,24.8900,21.3500,22.2000,16.8300,597819994,13483605436.0000,3,50.571297,1,31.907310,0
2008-02-04,sh.601898,22.9000,24.4200,22.6000,24.4200,22.2000,335148701,7905190727.0000,3,28.351184,1,9.999996,0
2008-02-05,sh.601898,23.8000,24.2500,22.8400,22.9800,24.4200,202173332,4746212962.0000,3,17.102418,1,-5.896808,0
2008-02-13,sh.601898,22.2800,22.4400,21.5500,21.6500,22.9800,103845701,2277914525.0000,3,8.784604,1,-5.787641,0
2008-02-14,sh.601898,22.1000,22.7600,21.8100,22.2400,21.6500,71433090,1593174717.0000,3,6.042729,1,2.725174,0
2008-02-15,sh.601898,21.8100,21.9700,21.2700,21.8200,22.2400,62703478,1350210873.0000,3,5.304266,1,-1.888489,0
2008-02-18,sh.601898,22.2000,22.6500,21.9000,22.4500,21.8200,80318375,1794221320.0000,3,6.794360,1,2.887264,0
2008-02-19,sh.601898,22.5000,23.0900,22.3000,22.9300,22.4500,69446145,1573803636.0000,3,5.874647,1,2.138083,0
2008-02-20,sh.601898,22.9300,23.4800,22.4300,22.4700,22.9300,83716442,1919534069.0000,3,7.081812,1,-2.006110,0
2008-02-21,sh.601898,22.4000,23.0200,22.1800,22.5700,22.4700,42166328,953743142.0000,3,3.566970,1,0.445039,0
2008-02-22,sh.601898,22.3000,22.3400,21.2200,21.3200,22.5700,70445117,1524181429.0000,3,5.959153,1,-5.538325,0
2008-02-25,sh.601898,21.2500,21.5000,19.7500,19.8300,21.3200,69603349,1404438840.0000,3,5.887946,1,-6.988742,0
2008-02-26,sh.601898,20.5600,20.7800,19.5200,20.3600,19.8300,52895431,1062377899.0000,3,4.474575,1,2.672722,0
2008-02-27,sh.601898,20.2700,20.8800,20.1000,20.5100,20.3600,33461684,686778593.0000,3,2.830619,1,0.736737,0
2008-02-28,sh.601898,20.5500,21.0800,19.9500,20.6200,20.5100,36368138,746429206.0000,3,3.076484,1,0.536327,0
2008-02-29,sh.601898,20.5000,20.9600,20.3900,20.5200,20.6200,24000189,494480072.0000,3,2.030244,1,-0.484968,0
2008-03-03,sh.601898,20.1200,21.1000,19.8800,21.0000,20.5200,47152386,971402122.0000,3,3.988755,1,2.339179,0
2008-03-04,sh.601898,20.8500,21.1000,20.2300,20.3000,21.0000,36787684,758974475.0000,3,3.111975,1,-3.333337,0
2008-03-05,sh.601898,20.1400,20.4500,19.4500,19.7200,20.3000,40129277,797038491.0000,3,3.394650,1,-2.857142,0
2008-03-06,sh.601898,19.7500,20.4600,19.5100,19.9100,19.7200,36911918,737862971.0000,3,3.122484,1,0.963492,0
2008-03-07,sh.601898,19.6500,19.9900,19.5200,19.6700,19.9100,19320079,380480311.0000,3,1.634341,1,-1.205423,0
2008-03-10,sh.601898,19.5000,19.5100,18.7700,18.8400,19.6700,38631658,735049944.0000,3,3.267962,1,-4.219623,0
2008-03-11,sh.601898,18.8500,19.4500,18.8500,19.3800,18.8400,25851277,497314300.0000,3,2.186833,1,2.866237,0
2008-03-12,sh.601898,20.0500,20.6500,19.5200,19.5700,19.3800,65633615,1319324850.0000,3,5.552135,1,0.980395,0
2008-03-13,sh.601898,19.5000,21.2000,19.4000,20.5100,19.5700,126622749,2597532941.0000,3,10.711379,1,4.803273,0
2008-03-14,sh.601898,20.5400,21.2000,20.1800,20.7200,20.5100,66161416,1373979286.0000,3,5.596783,1,1.023886,0
2008-03-17,sh.601898,20.6500,21.0000,19.2700,19.5100,20.7200,48484416,980748496.0000,3,4.101435,1,-5.839764,0
2008-03-18,sh.601898,19.5000,20.3500,19.1100,19.6300,19.5100,67264257,1326129462.0000,3,5.690075,1,0.615064,0
2008-03-19,sh.601898,20.3000,20.8800,19.8500,20.4400,19.6300,65792234,1341605812.0000,3,5.565553,1,4.126344,0
2008-03-20,sh.601898,19.8000,20.7900,18.8800,20.3700,20.4400,65262738,1290390712.0000,3,5.520761,1,-0.342464,0
2008-03-21,sh.601898,20.0800,20.6300,19.9000,20.2900,20.3700,52362810,1061064413.0000,3,4.429519,1,-0.392734,0
2008-03-24,sh.601898,20.4000,20.5700,18.8900,18.9600,20.2900,52346743,1021374459.0000,3,4.428160,1,-6.554962,0
2008-03-25,sh.601898,18.5000,18.9800,17.9000,18.3600,18.9600,51260264,940835803.0000,3,4.336252,1,-3.164549,0
2008-03-26,sh.601898,18.5000,18.9800,18.2000,18.5300,18.3600,25225633,469105354.0000,3,2.133908,1,0.925926,0
2008-03-27,sh.601898,18.0000,18.0000,16.6800,16.6900,18.5300,69870171,1195419554.0000,3,5.910517,1,-9.929844,0
2008-03-28,sh.601898,16.4800,17.5600,16.0200,17.4000,16.6900,50818964,857127125.0000,3,4.298921,1,4.254039,0
2008-03-31,sh.601898,16.6000,17.2700,16.4700,16.6400,17.4000,26771708,450079641.0000,3,2.264695,1,-4.367817,0
2008-04-01,sh.601898,16.6500,17.1700,16.2900,16.5300,16.6400,24467466,409261324.0000,3,2.069773,1,-0.661050,0
2008-04-02,sh.601898,16.9000,17.3700,16.3900,16.9000,16.5300,32550764,550650210.0000,3,2.753562,1,2.238348,0
2008-04-03,sh.601898,16.8700,17.5200,16.4800,17.3900,16.9000,28178025,483873673.0000,3,2.383659,1,2.899407,0
2008-04-07,sh.601898,17.0000,18.3500,17.0000,17.9900,17.3900,37339479,666101704.0000,3,3.158653,1,3.450261,0
2008-04-08,sh.601898,18.0000,18.6100,17.9200,18.1000,17.9900,35946236,657140076.0000,3,3.040795,1,0.611454,0
2008-04-09,sh.601898,17.9000,18.1600,17.0000,17.0600,18.1000,25094594,443533076.0000,3,2.122823,1,-5.745862,0
2008-04-10,sh.601898,16.8100,18.3500,16.8100,18.2200,17.0600,33531379,598616732.0000,3,2.836515,1,6.799530,0
2008-04-11,sh.601898,18.3800,18.5000,17.8500,18.0000,18.2200,19359287,349966793.0000,3,1.637657,1,-1.207461,0
2008-04-14,sh.601898,17.6000,18.0000,17.0200,17.1300,18.0000,18893200,329321545.0000,3,1.598230,1,-4.833338,0
2008-04-15,sh.601898,17.1000,17.6700,16.9000,17.5900,17.1300,13706154,236526637.0000,3,1.159443,1,2.685353,0
2008-04-16,sh.601898,17.6000,18.7200,17.4000,17.9900,17.5900,41769349,763395506.0000,3,3.533388,1,2.274017,0
2008-04-17,sh.601898,18.1500,18.5100,17.5000,17.6700,17.9900,38575815,699164704.0000,3,3.263238,1,-1.778764,0
2008-04-18,sh.601898,17.3800,17.5300,16.7700,16.8300,17.6700,26141865,446402252.0000,3,2.211415,1,-4.753821,0
2008-04-21,sh.601898,18.3500,18.4300,16.9000,17.0900,16.8300,38224410,674478768.0000,3,3.233512,1,1.544862,0
2008-04-22,sh.601898,16.9800,17.8900,16.6600,17.7100,17.0900,24307984,419197398.0000,3,2.056282,1,3.627846,0
2008-04-23,sh.601898,17.7000,18.7900,17.4900,18.5200,17.7100,62600763,1150396241.0000,3,5.295577,1,4.573695,0
2008-04-24,sh.601898,20.2000,20.3700,19.4000,20.3400,18.5200,128728243,2586256587.0000,3,10.889489,1,9.827212,0
2008-04-25,sh.601898,19.9000,20.8000,19.7000,19.9600,20.3400,83659907,1685182029.0000,3,7.077030,1,-1.868245,0
2008-04-28,sh.601898,19.6800,19.6800,18.9200,19.0900,19.9600,50546987,972998520.0000,3,4.275914,1,-4.358712,0
2008-04-29,sh.601898,18.9000,19.7500,18.8500,19.1300,19.0900,52069831,1006506438.0000,3,4.404735,1,0.209529,0
2008-04-30,sh.601898,19.2500,19.8000,19.1200,19.5800,19.1300,62678482,1220942543.0000,3,5.302151,1,2.352330,0
2008-05-05,sh.601898,19.1000,19.9000,19.1000,19.8400,19.5800,117581667,2292407601.0000,3,7.708588,1,1.327887,0
2008-05-06,sh.601898,19.6400,20.5000,19.5000,19.9900,19.8400,95245167,1912710985.0000,3,6.244220,1,0.756046,0
2008-05-07,sh.601898,20.1700,20.8100,19.5100,19.6800,19.9900,94130561,1901233239.0000,3,6.171147,1,-1.550773,0
2008-05-08,sh.601898,19.4800,20.7500,19.4000,20.7100,19.6800,96576548,1950433929.0000,3,6.331504,1,5.233734,0
2008-05-09,sh.601898,20.7100,20.9600,19.6400,20.1000,20.7100,89926090,1832446849.0000,3,5.895504,1,-2.945431,0
2008-05-12,sh.601898,19.8000,20.3300,19.6000,19.7100,20.1000,60556813,1209252295.0000,3,3.970071,1,-1.940305,0
2008-05-13,sh.601898,19.2200,19.7500,19.0700,19.2100,19.7100,54526619,1056734404.0000,3,3.574734,1,-2.536783,0
2008-05-14,sh.601898,19.2000,20.1200,19.2000,20.0300,19.2100,48657082,966796040.0000,3,3.189931,1,4.268619,0
2008-05-15,sh.601898,20.1000,20.3000,19.8000,19.8700,20.0300,39591303,792854196.0000,3,2.595584,1,-0.798801,0
2008-05-16,sh.601898,19.8800,19.9900,19.4100,19.6700,19.8700,24792696,488585572.0000,3,1.625395,1,-1.006546,0
2008-05-19,sh.601898,19.7100,20.3600,19.5700,20.2800,19.6700,44551037,896176439.0000,3,2.920741,1,3.101172,0
2008-05-20,sh.601898,20.3500,20.7500,19.3000,19.4500,20.2800,57757589,1168724091.0000,3,3.786555,1,-4.092701,0
2008-05-21,sh.601898,19.4500,20.5800,19.2500,20.5200,19.4500,64153725,1279579571.0000,3,4.205882,1,5.501284,0
2008-05-22,sh.601898,20.3000,21.8800,20.2000,21.0800,20.5200,155938233,3319879008.0000,3,10.223223,1,2.729042,0
2008-05-23,sh.601898,21.0000,21.7000,20.8800,21.3200,21.0800,86930601,1855670514.0000,3,5.699121,1,1.138519,0
2008-05-26,sh.601898,21.3100,21.6200,20.2500,20.2900,21.3200,67277740,1404322395.0000,3,4.410691,1,-4.831139,0
2008-05-27,sh.601898,20.3500,20.5800,19.8900,20.3800,20.2900,39525599,799494896.0000,3,2.591276,1,0.443560,0
2008-05-28,sh.601898,20.3000,21.2500,20.2000,21.1400,20.3800,42566443,884056148.0000,3,2.790632,1,3.729147,0
2008-05-29,sh.601898,21.1400,21.4500,20.5800,20.7100,21.1400,36555928,768603650.0000,3,2.396586,1,-2.034060,0
2008-05-30,sh.601898,20.7000,21.0900,20.1000,20.3600,20.7100,38244989,780617839.0000,3,2.507320,1,-1.689998,0
2008-06-02,sh.601898,20.3000,20.6500,20.1500,20.5900,20.3600,26726457,546640391.0000,3,1.752171,1,1.129664,0
2008-06-03,sh.601898,20.6000,20.6900,19.9000,20.1500,20.5900,30457169,617043395.0000,3,1.996755,1,-2.136962,0
2008-06-04,sh.601898,20.1000,20.1200,19.1000,19.1700,20.1500,43784166,849018906.0000,3,2.870465,1,-4.863522,0
2008-06-05,sh.601898,19.0000,19.0000,17.8000,17.9300,19.1700,53116579,968206833.0000,3,3.482293,1,-6.468439,0
2008-06-06,sh.601898,18.2000,18.3100,17.6200,17.8900,17.9300,31427275,563863670.0000,3,2.060354,1,-0.223095,0
2008-06-10,sh.601898,17.2500,18.1500,16.6000,17.1500,17.8900,54649896,950841489.0000,3,3.582816,1,-4.136388,0
2008-06-11,sh.601898,17.0000,17.5900,16.8800,17.3800,17.1500,28335164,490375511.0000,3,1.857637,1,1.341105,0
2008-06-12,sh.601898,17.3800,17.5600,16.6600,16.8900,17.3800,27616896,470362283.0000,3,1.810548,1,-2.819331,0
2008-06-13,sh.601898,17.0000,17.1500,16.5000,16.5100,16.8900,19221852,321860170.0000,3,1.260174,1,-2.249847,0
2008-06-16,sh.601898,16.6100,16.8200,16.0700,16.2300,16.5100,19113336,312696122.0000,3,1.253060,1,-1.695946,0
2008-06-17,sh.601898,16.2300,16.4500,15.9600,16.1600,16.2300,25580444,413731343.0000,3,1.677040,1,-0.431298,0
2008-06-18,sh.601898,16.1600,17.2000,15.9000,17.1600,16.1600,37091822,620781671.0000,3,2.431719,1,6.188119,0
2008-06-19,sh.601898,17.1000,17.6000,16.1000,16.1600,17.1600,36692538,622094785.0000,3,2.405542,1,-5.827506,0
2008-06-20,sh.601898,16.1600,16.1600,16.1600,16.1600,16.1600,0,0.0000,3,,0,0.000000,0
2008-06-23,sh.601898,16.1800,16.5000,15.7800,16.0100,16.1600,24285524,390433011.0000,3,1.592145,1,-0.928215,0
2008-06-24,sh.601898,15.9000,16.4400,15.7000,16.3100,16.0100,27114295,436318242.0000,3,1.777598,1,1.873824,0
2008-06-25,sh.601898,16.2000,16.9400,16.1000,16.8700,16.3100,29208371,485685334.0000,3,1.914884,1,3.433485,0
2008-06-26,sh.601898,16.8400,17.1000,16.5100,16.8000,16.8700,24845688,417125415.0000,3,1.628869,1,-0.414947,0
2008-06-27,sh.601898,16.3300,16.6500,15.8000,15.9300,16.8000,21615491,351106428.0000,3,1.417099,1,-5.178565,0
2008-06-30,sh.601898,15.8800,16.2500,15.7000,15.9800,15.9300,12956501,206732466.0000,3,0.849421,1,0.313868,0
2008-07-01,sh.601898,15.9600,16.3800,15.9000,16.1200,15.9800,18020309,290026303.0000,3,1.181401,1,0.876103,0
2008-07-02,sh.601898,16.1300,16.3600,15.4000,15.6200,16.1200,29267419,467570804.0000,3,1.918756,1,-3.101743,0
2008-07-03,sh.601898,15.3000,16.0000,14.5600,15.5000,15.6200,52615285,799236185.0000,3,3.449428,1,-0.768245,0
2008-07-04,sh.601898,15.0200,15.3800,13.9600,14.3100,15.5000,55994562,813983271.0000,3,3.670972,1,-7.677416,0
2008-07-07,sh.601898,14.4000,14.8900,14.1000,14.8200,14.3100,59451370,864099123.0000,3,3.897598,1,3.563936,0
2008-07-08,sh.601898,15.0000,15.6500,14.8800,15.1200,14.8200,56358943,860661469.0000,3,3.694861,1,2.024293,0
2008-07-09,sh.601898,15.2800,15.6300,14.7500,15.5900,15.1200,59124513,897964373.0000,3,3.876170,1,3.108467,0
2008-07-10,sh.601898,15.2300,15.6500,15.1000,15.2100,15.5300,44036932,680251330.0000,3,2.887036,1,-2.060526,0
2008-07-11,sh.601898,15.1100,15.4800,15.0800,15.2800,15.2100,23168066,352315289.0000,3,1.518885,1,0.460222,0
2008-07-14,sh.601898,15.3000,15.5400,15.0900,15.2800,15.2800,19806601,303443224.0000,3,1.298510,1,0.000000,0
2008-07-15,sh.601898,15.3900,15.4200,14.5100,14.6000,15.2800,26374893,392173124.0000,3,1.729123,1,-4.450257,0
2008-07-16,sh.601898,14.4500,14.4700,13.6000,13.9800,14.6000,27190055,382386319.0000,3,1.782565,1,-4.246581,0
2008-07-17,sh.601898,14.1600,14.2700,13.6200,13.9700,13.9800,21344670,297777819.0000,3,1.399345,1,-0.071526,0
2008-07-18,sh.601898,13.9800,14.2000,13.2500,14.0000,13.9700,25311878,348469944.0000,3,1.659432,1,0.214744,0
2008-07-21,sh.601898,13.9000,14.4500,13.6700,14.4100,14.0000,34318692,483701919.0000,3,2.249914,1,2.928570,0
2008-07-22,sh.601898,14.3500,14.4500,14.2000,14.2400,14.4100,24115258,344844769.0000,3,1.580983,1,-1.179737,0
2008-07-23,sh.601898,14.2500,14.3500,13.9400,14.0200,14.2400,21776487,306939326.0000,3,1.427654,1,-1.544939,0
2008-07-24,sh.601898,14.0900,14.2200,13.7800,14.1400,14.0200,40902181,573915385.0000,3,2.681524,1,0.855919,0
2008-07-25,sh.601898,13.9000,13.9200,13.6100,13.7300,14.1400,28403136,390158848.0000,3,1.862094,1,-2.899581,0
2008-07-28,sh.601898,13.8100,14.1100,13.8000,14.0700,13.7300,24865096,347913460.0000,3,1.630142,1,2.476331,0
2008-07-29,sh.601898,13.9500,14.2400,13.8500,14.1800,14.0700,31707441,446954351.0000,3,2.078722,1,0.781810,0
2008-07-30,sh.601898,14.2300,14.3200,13.8300,13.9000,14.1800,21736284,304767691.0000,3,1.425019,1,-1.974617,0
2008-07-31,sh.601898,14.2500,14.2500,13.7000,13.7200,13.9000,14624034,203501838.0000,3,0.958743,1,-1.294959,0
2008-08-01,sh.601898,13.7000,13.7000,13.0200,13.2700,13.7200,25704641,342047599.0000,3,1.685182,1,-3.279900,0
2008-08-04,sh.601898,13.2000,13.2000,12.7000,12.7600,13.2700,19739050,255963964.0000,3,1.294081,1,-3.843300,0
2008-08-05,sh.601898,12.6500,12.9400,11.8000,11.9600,12.7600,30610104,372829080.0000,3,2.006781,1,-6.269600,0
2008-08-06,sh.601898,11.9700,12.1000,11.7100,11.9900,11.9600,25029138,298708987.0000,3,1.640896,1,0.250800,0
2008-08-07,sh.601898,12.0000,12.1300,11.9100,12.1100,11.9900,14839135,178417421.0000,3,0.972845,1,1.000800,0
2008-08-08,sh.601898,12.0800,12.1500,11.3900,11.4200,12.1100,21597932,255408614.0000,3,1.415948,1,-5.697800,0
2008-08-11,sh.601898,11.3300,11.4200,10.6800,10.7700,11.4200,24958472,275248592.0000,3,1.636263,1,-5.691800,0
2008-08-12,sh.601898,10.6300,11.0500,10.5800,10.9400,10.7700,18102879,196549522.0000,3,1.186815,1,1.578500,0
2008-08-13,sh.601898,10.8800,11.2200,10.7300,11.0900,10.9400,19138601,209334471.0000,3,1.254716,1,1.371100,0
2008-08-14,sh.601898,11.0000,11.2700,10.8600,10.9800,11.0900,13576141,150238931.0000,3,0.890044,1,-0.991900,0
2008-08-15,sh.601898,10.9500,11.2000,10.8800,11.0100,10.9800,12280396,135980262.0000,3,0.805096,1,0.273200,0
2008-08-18,sh.601898,10.9900,11.0000,10.2200,10.3200,11.0100,19309517,202126645.0000,3,1.265921,1,-6.267000,0
2008-08-19,sh.601898,10.2100,10.4400,10.1000,10.3200,10.3200,13727290,141113758.0000,3,0.899953,1,0.000000,0
2008-08-20,sh.601898,10.2800,11.3000,10.1300,11.1700,10.3200,25141056,273021639.0000,3,1.648233,1,8.236400,0
2008-08-21,sh.601898,10.9400,11.1500,10.6200,10.6500,11.1700,15872436,172353768.0000,3,1.040588,1,-4.655300,0
2008-08-22,sh.601898,10.6300,10.9000,10.4600,10.7400,10.6500,13627311,146198951.0000,3,0.893399,1,0.845100,0
2008-08-25,sh.601898,10.6800,10.9700,10.5800,10.9200,10.7400,10558674,114528306.0000,3,0.692221,1,1.676000,0
2008-08-26,sh.601898,10.8000,10.8800,10.5000,10.6400,10.9200,12224619,130253779.0000,3,0.801439,1,-2.564100,0
2008-08-27,sh.601898,10.5800,10.7700,10.4100,10.6500,10.6400,9915114,105204990.0000,3,0.650029,1,0.094000,0
2008-08-28,sh.601898,10.7000,11.1500,10.6900,10.9000,10.6500,20206652,221481193.0000,3,1.324737,1,2.347400,0
2008-08-29,sh.601898,10.9900,11.6800,10.9000,11.4800,10.9000,28740969,326391209.0000,3,1.884242,1,5.321100,0
2008-09-01,sh.601898,11.3500,11.3600,11.0100,11.2200,11.4800,15280672,171129153.0000,3,1.001792,1,-2.264800,0
2008-09-02,sh.601898,11.0600,11.3500,11.0100,11.1500,11.2200,11132539,124126281.0000,3,0.729843,1,-0.623900,0
2008-09-03,sh.601898,11.0500,11.0500,10.5600,10.7100,11.1500,15785027,169949613.0000,3,1.034857,1,-3.946200,0
2008-09-04,sh.601898,10.6900,11.0000,10.6000,10.9000,10.7100,7416024,80106576.0000,3,0.486190,1,1.774000,0
2008-09-05,sh.601898,10.4000,10.6100,10.2000,10.3500,10.9000,7985537,83603924.0000,3,0.523527,1,-5.045900,0
2008-09-08,sh.601898,10.3100,10.4800,9.9500,10.1400,10.3500,10501505,106777518.0000,3,0.688473,1,-2.029000,0
2008-09-09,sh.601898,10.0800,10.1800,9.9300,10.0200,10.1400,7893183,79153457.0000,3,0.517473,1,-1.183400,0
2008-09-10,sh.601898,10.0000,10.1900,9.8200,9.9400,10.0200,11240983,112398533.0000,3,0.736953,1,-0.798400,0
2008-09-11,sh.601898,9.9600,10.0600,9.2000,9.2900,9.9400,16727775,159405747.0000,3,1.096664,1,-6.539200,0
2008-09-12,sh.601898,9.2100,9.5200,9.1400,9.4600,9.2900,10228616,96329642.0000,3,0.670582,1,1.829900,0
2008-09-16,sh.601898,9.2800,9.2800,8.6300,8.7100,9.4600,13431806,120135686.0000,3,0.880582,1,-7.928100,0
2008-09-17,sh.601898,8.7100,9.0000,8.3800,8.8400,8.7100,20162945,176522960.0000,3,1.321871,1,1.492500,0
2008-09-18,sh.601898,8.6000,9.1100,8.4300,9.0200,8.8400,25793852,226071978.0000,3,1.691030,1,2.036200,0
2008-09-19,sh.601898,9.9200,9.9200,9.7000,9.9200,9.0200,26497566,262170558.0000,3,1.737166,1,9.977800,0
2008-09-22,sh.601898,10.9100,10.9100,10.6600,10.9100,9.9200,85661255,932440178.0000,3,5.615904,1,9.979800,0
2008-09-23,sh.601898,10.8000,11.8000,10.7000,11.2200,10.9100,96087135,1095365874.0000,3,6.299419,1,2.841400,0
2008-09-24,sh.601898,11.2200,11.5000,10.6500,11.4800,11.2200,44130044,483978991.0000,3,2.893141,1,2.317300,0
2008-09-25,sh.601898,11.4500,12.4600,11.2800,12.0400,11.4800,50003446,596991777.0000,3,3.278198,1,4.878000,0
2008-09-26,sh.601898,12.1500,12.2100,11.3800,11.7200,12.0400,42833048,501440294.0000,3,2.808111,1,-2.657800,0
2008-10-06,sh.601898,11.3200,11.3200,10.5500,10.5500,11.7200,46468681,493347469.0000,3,3.046461,1,-9.982900,0
2008-10-07,sh.601898,9.8200,10.0700,9.6600,9.8400,10.5500,54701460,535828023.0000,3,3.586197,1,-6.729900,0
2008-10-08,sh.601898,9.5600,9.6900,9.1900,9.2900,9.8400,31678587,299938159.0000,3,2.076830,1,-5.589400,0
2008-10-09,sh.601898,9.4200,9.4500,8.8700,8.9100,9.2900,38520643,348076434.0000,3,2.525392,1,-4.090400,0
2008-10-10,sh.601898,8.1900,8.2800,8.0200,8.0300,8.9100,45882163,370953960.0000,3,3.008009,1,-9.876500,0
2008-10-13,sh.601898,7.8000,8.2700,7.5600,8.2200,8.0300,33648358,263318743.0000,3,2.205967,1,2.366100,0
2008-10-14,sh.601898,8.6000,8.7100,8.0000,8.0500,8.2200,54442539,462831173.0000,3,3.569222,1,-2.068100,0
2008-10-15,sh.601898,7.7100,7.9000,7.6700,7.7900,8.0500,17056973,132500086.0000,3,1.118246,1,-3.229800,0
2008-10-16,sh.601898,7.3600,7.3700,7.0100,7.0100,7.7900,37268858,265541825.0000,3,2.443325,1,-10.012800,0
2008-10-17,sh.601898,7.0500,7.2700,7.0000,7.1600,7.0100,20239705,144438189.0000,3,1.326904,1,2.139800,0
2008-10-20,sh.601898,7.1500,7.6000,6.9800,7.5000,7.1600,35119132,256222144.0000,3,2.302391,1,4.748600,0
2008-10-21,sh.601898,7.5400,7.9100,7.4500,7.5600,7.5000,48854802,375339630.0000,3,3.202893,1,0.800000,0
2008-10-22,sh.601898,7.3300,7.5100,7.1600,7.2000,7.5600,20484154,150222600.0000,3,1.342930,1,-4.761900,0
2008-10-23,sh.601898,6.9500,7.3700,6.9000,7.3600,7.2000,17076367,121807973.0000,3,1.119517,1,2.222200,0
2008-10-24,sh.601898,7.2100,7.4700,7.0300,7.0900,7.3600,25237287,182490692.0000,3,1.654542,1,-3.668500,0
2008-10-27,sh.601898,6.9100,6.9300,6.3800,6.3800,7.0900,34331877,223592309.0000,3,2.250779,1,-10.014100,0
2008-10-28,sh.601898,6.0900,6.6300,6.0000,6.5300,6.3800,26202933,165679432.0000,3,1.717850,1,2.351100,0
2008-10-29,sh.601898,6.6000,6.7000,6.1300,6.1700,6.5300,23432658,152279080.0000,3,1.536232,1,-5.513000,0
2008-10-30,sh.601898,6.3100,6.6100,6.2200,6.5000,6.1700,33003560,213832666.0000,3,2.163695,1,5.348500,0
2008-10-31,sh.601898,6.4400,6.6200,6.3500,6.4600,6.5000,18909208,123252407.0000,3,1.239677,1,-0.615400,0
2008-11-03,sh.601898,6.4700,6.7200,6.4000,6.6300,6.4600,18466783,122147001.0000,3,1.210672,1,2.631600,0
2008-11-04,sh.601898,6.5300,6.5700,6.1900,6.3500,6.6300,12939115,82410819.0000,3,0.848281,1,-4.223200,0
2008-11-05,sh.601898,6.5600,6.8400,6.4600,6.7600,6.3500,30201784,201964258.0000,3,1.980012,1,6.456700,0
2008-11-06,sh.601898,6.5200,6.7100,6.4200,6.5700,6.7600,14407987,94075007.0000,3,0.944580,1,-2.810700,0
2008-11-07,sh.601898,6.3500,6.7200,6.3200,6.6300,6.5700,10737226,70697073.0000,3,0.703926,1,0.913200,0
2008-11-10,sh.601898,6.7300,7.2900,6.7300,7.2900,6.6300,32635957,230717451.0000,3,2.139595,1,9.954800,0
2008-11-11,sh.601898,7.2000,7.3900,7.1100,7.1300,7.2900,28126179,203897449.0000,3,1.843936,1,-2.194800,0
2008-11-12,sh.601898,7.0000,7.1300,6.7000,7.0300,7.1300,37973722,262288971.0000,3,2.489536,1,-1.402500,0
2008-11-13,sh.601898,6.8500,7.5700,6.7800,7.3800,7.0300,57337060,416200839.0000,3,3.758985,1,4.978700,0
2008-11-14,sh.601898,7.4400,7.8500,7.3500,7.7400,7.3800,63527913,481189235.0000,3,4.164854,1,4.878000,0
2008-11-17,sh.601898,7.6000,7.8500,7.4600,7.8400,7.7400,45166632,345968275.0000,3,2.961099,1,1.292000,0
2008-11-18,sh.601898,7.7000,7.8700,7.0600,7.0600,7.8400,45689749,338023300.0000,3,2.995394,1,-9.949000,0
2008-11-19,sh.601898,7.0200,7.5400,6.9800,7.4700,7.0600,38844554,282267212.0000,3,2.546627,1,5.807400,0
2008-11-20,sh.601898,7.1900,7.4700,7.0900,7.2300,7.4700,34890158,253042556.0000,3,2.287379,1,-3.212900,0
2008-11-21,sh.601898,6.9100,7.2800,6.8000,7.1000,7.2300,41085791,288844688.0000,3,2.693561,1,-1.798100,0
2008-11-24,sh.601898,7.0500,7.1800,6.7800,6.7900,7.1000,26225436,182825596.0000,3,1.719325,1,-4.366200,0
2008-11-25,sh.601898,7.0100,7.0400,6.5400,6.6800,6.7900,27167065,184404262.0000,3,1.781058,1,-1.620000,0
2008-11-26,sh.601898,6.6200,6.7200,6.4800,6.6500,6.6800,16978568,112317109.0000,3,1.113105,1,-0.449100,0
2008-11-27,sh.601898,7.1000,7.1000,6.5000,6.6200,6.6500,33929553,233230180.0000,3,2.224402,1,-0.451100,0
2008-11-28,sh.601898,6.5200,6.6000,6.4200,6.5100,6.6200,21838841,141833244.0000,3,1.431742,1,-1.661600,0
2008-12-01,sh.601898,6.5000,6.6300,6.2800,6.6200,6.5100,23071933,149173901.0000,3,1.512583,1,1.689700,0
2008-12-02,sh.601898,6.4300,6.6300,6.3200,6.5800,6.6200,31427577,203915269.0000,3,2.060374,1,-0.604200,0
2008-12-03,sh.601898,6.6300,7.2300,6.5900,7.1500,6.5800,79872803,553930270.0000,3,5.236416,1,8.662600,0
2008-12-04,sh.601898,7.2200,7.6600,7.2000,7.2300,7.1500,108471806,805453065.0000,3,7.111351,1,1.118900,0
2008-12-05,sh.601898,7.2500,7.3700,7.1600,7.3300,7.2300,42680693,310196094.0000,3,2.798122,1,1.383100,0
2008-12-08,sh.601898,7.4200,7.8800,7.3900,7.8000,7.3300,84496538,646637228.0000,3,5.539546,1,6.412000,0
2008-12-09,sh.601898,7.8500,8.2200,7.7200,7.7800,7.8000,87161071,689766844.0000,3,5.714231,1,-0.256400,0
2008-12-10,sh.601898,7.7700,7.9100,7.4000,7.9000,7.7800,57856903,445949541.0000,3,3.793066,1,1.542400,0
2008-12-11,sh.601898,8.0000,8.3100,7.8200,7.8800,7.9000,75542423,612044290.0000,3,4.952519,1,-0.253200,0
2008-12-12,sh.601898,7.7500,7.9500,7.2800,7.4100,7.8800,47751796,363825659.0000,3,3.130581,1,-5.964500,0
2008-12-15,sh.601898,7.5800,7.6200,7.2400,7.4500,7.4100,24347725,181485818.0000,3,1.596223,1,0.539800,0
2008-12-16,sh.601898,7.3000,7.5900,7.1500,7.5500,7.4500,24419247,179596732.0000,3,1.600912,1,1.342300,0
2008-12-17,sh.601898,7.5000,7.6800,7.4500,7.4800,7.5500,26679092,201310104.0000,3,1.749066,1,-0.927200,0
2008-12-18,sh.601898,7.4100,7.7500,7.3300,7.7200,7.4800,41300490,311859177.0000,3,2.707637,1,3.208600,0
2008-12-19,sh.601898,7.7200,7.7200,7.7200,7.7200,7.7200,0,0.0000,3,,0,0.000000,0
2008-12-22,sh.601898,7.6000,7.6500,7.3000,7.4500,7.7200,32216913,240839693.0000,3,2.112123,1,-3.497400,0
2008-12-23,sh.601898,7.4500,7.4500,6.9300,6.9400,7.4500,37669505,268993035.0000,3,2.469592,1,-6.845600,0
2008-12-24,sh.601898,6.8600,6.8600,6.7000,6.7700,6.9400,20675109,140055909.0000,3,1.355449,1,-2.449600,0
2008-12-25,sh.601898,6.7400,6.8600,6.6600,6.7900,6.7700,17303067,117086914.0000,3,1.134379,1,0.295400,0
2008-12-26,sh.601898,6.8200,6.8900,6.7600,6.8000,6.7900,12866820,87802968.0000,3,0.843541,1,0.147300,0
2008-12-29,sh.601898,6.7400,6.7700,6.4600,6.6400,6.8000,33458883,219639460.0000,3,2.193546,1,-2.352900,0
2008-12-30,sh.601898,6.6200,6.6500,6.4900,6.5600,6.6400,27061910,177600874.0000,3,1.774164,1,-1.204800,0
2008-12-31,sh.601898,6.5600,6.6000,6.4500,6.4700,6.5600,21999428,143426133.0000,3,1.449406,1,-1.372000,0
2009-01-05,sh.601898,6.6300,6.8800,6.6200,6.8700,6.4700,32377864,217499521.0000,3,2.133177,1,6.182400,0
2009-01-06,sh.601898,6.8000,7.4300,6.7500,7.3000,6.8700,74404893,534937958.0000,3,4.902079,1,6.259100,0
2009-01-07,sh.601898,7.3300,7.4500,7.2200,7.2500,7.3000,51580974,378918722.0000,3,3.398352,1,-0.684900,0
2009-01-08,sh.601898,7.0500,7.2300,7.0000,7.0900,7.2500,33077252,235672085.0000,3,2.179256,1,-2.206900,0
2009-01-09,sh.601898,7.1100,7.4100,7.1100,7.3200,7.0900,36655484,267700238.0000,3,2.415003,1,3.244000,0
2009-01-12,sh.601898,7.2300,7.5300,7.2300,7.2500,7.3200,37606348,276858634.0000,3,2.477650,1,-0.956300,0
2009-01-13,sh.601898,7.1600,7.2500,6.9900,6.9900,7.2500,26885604,190993498.0000,3,1.771326,1,-3.586200,0
2009-01-14,sh.601898,7.0000,7.3900,7.0000,7.3800,6.9900,27184322,196226647.0000,3,1.791007,1,5.579400,0
2009-01-15,sh.601898,7.2600,7.4000,7.2000,7.2800,7.3800,34904049,254737695.0000,3,2.299612,1,-1.355000,0
2009-01-16,sh.601898,7.3500,7.6100,7.3300,7.4500,7.2800,43893034,329075580.0000,3,2.891841,1,2.335200,0
2009-01-19,sh.601898,7.5000,7.8500,7.4600,7.5600,7.4500,40239184,307281926.0000,3,2.651111,1,1.476500,0
2009-01-20,sh.601898,7.5000,7.5800,7.2900,7.5000,7.5600,20741598,154022650.0000,3,1.366536,1,-0.793700,0
2009-01-21,sh.601898,7.3600,7.5900,7.3100,7.4000,7.5000,21973930,163668416.0000,3,1.447727,1,-1.333300,0
2009-01-22,sh.601898,7.5100,7.8500,7.4500,7.8000,7.4000,57900641,444648921.0000,3,3.814716,1,5.405400,0
2009-01-23,sh.601898,7.7400,7.8200,7.6600,7.6800,7.8000,29671790,229737857.0000,3,1.954891,1,-1.538466,0
2009-02-02,sh.601898,7.7700,7.8000,7.5800,7.6900,7.6800,17753355,136019139.0000,3,1.169659,1,0.130200,0
2009-02-03,sh.601898,7.6300,7.9500,7.6100,7.9200,7.6900,51982425,404117351.0000,3,3.424801,1,2.990900,0
2009-02-04,sh.601898,7.9300,8.1300,7.9000,8.0500,7.9200,57360338,459457703.0000,3,3.779118,1,1.641400,0
2009-02-05,sh.601898,8.0500,8.5200,7.9700,8.1800,8.0500,85849495,710109415.0000,3,5.656093,1,1.614900,0
2009-02-06,sh.601898,8.2400,8.5400,8.1600,8.4900,8.1800,77641408,647226918.0000,3,5.115313,1,3.789700,0
2009-02-09,sh.601898,8.7000,9.0700,8.4900,9.0000,8.4900,95574768,837597637.0000,3,6.296831,1,6.007100,0
2009-02-10,sh.601898,8.8000,9.0200,8.7200,8.9900,9.0000,58562103,520523407.0000,3,3.858295,1,-0.111100,0
2009-02-11,sh.601898,8.8200,8.9800,8.6500,8.9300,8.9900,82900485,729398039.0000,3,5.461801,1,-0.667400,0
2009-02-12,sh.601898,8.8100,8.9300,8.3600,8.5800,8.9300,66186244,568747188.0000,3,4.360603,1,-3.919400,0
2009-02-13,sh.601898,8.5100,8.9000,8.4000,8.8800,8.5800,75348642,653541422.0000,3,4.964257,1,3.496500,0
2009-02-16,sh.601898,8.9900,9.2500,8.8600,9.2400,8.8800,96957367,877156933.0000,3,6.387922,1,4.054100,0
2009-02-17,sh.601898,9.2600,9.5000,9.0000,9.0100,9.2400,105928524,989217998.0000,3,6.978976,1,-2.489200,0
2009-02-18,sh.601898,8.7700,8.7900,8.2600,8.3100,9.0100,74657935,637039020.0000,3,4.918750,1,-7.769100,0
2009-02-19,sh.601898,8.3600,8.4400,8.1600,8.3800,8.3100,57893765,480397735.0000,3,3.814263,1,0.842400,0
2009-02-20,sh.601898,8.3500,8.5300,8.1900,8.5100,8.3800,54832245,457342757.0000,3,3.612558,1,1.551300,0
2009-02-23,sh.601898,8.3700,8.7000,8.2300,8.6300,8.5100,59832007,508029773.0000,3,3.941961,1,1.410100,0
2009-02-24,sh.601898,8.4800,8.5600,8.0000,8.0300,8.6300,68061667,564746205.0000,3,4.484163,1,-6.952500,0
2009-02-25,sh.601898,8.1500,8.2400,7.7500,7.9700,8.0300,48410389,385586437.0000,3,3.189461,1,-0.747200,0
2009-02-26,sh.601898,7.9300,8.1700,7.6100,7.7600,7.9700,41296660,328506809.0000,3,2.720782,1,-2.634900,0
2009-02-27,sh.601898,7.7000,7.8200,7.2800,7.3900,7.7600,47741806,360130719.0000,3,3.145413,1,-4.768045,0
2009-03-02,sh.601898,7.3500,7.4500,7.2000,7.3900,7.3900,35479737,259851387.0000,3,2.337541,1,0.000000,0
2009-03-03,sh.601898,7.1700,7.3000,7.0000,7.2400,7.3900,38224514,273378585.0000,3,2.518377,1,-2.029800,0
2009-03-04,sh.601898,7.2800,7.7900,7.2600,7.7700,7.2400,68286632,516179273.0000,3,4.498984,1,7.320445,0
2009-03-05,sh.601898,7.8600,7.9500,7.5600,7.7300,7.7700,66023424,513401096.0000,3,4.349876,1,-0.514800,0
2009-03-06,sh.601898,7.5700,7.8800,7.4800,7.7600,7.7300,43403306,336068167.0000,3,2.859576,1,0.388100,0
2009-03-09,sh.601898,7.8200,8.0400,7.5100,7.5300,7.7600,41054047,319914859.0000,3,2.704798,1,-2.963900,0
2009-03-10,sh.601898,7.4800,8.0500,7.4100,8.0300,7.5300,52214694,406695812.0000,3,3.440104,1,6.640100,0
2009-03-11,sh.601898,8.1600,8.2000,7.9000,7.9200,8.0300,50252890,402937567.0000,3,3.310852,1,-1.369900,0
2009-03-12,sh.601898,7.8200,7.9000,7.5400,7.7600,7.9200,31155818,240042859.0000,3,2.052664,1,-2.020200,0
2009-03-13,sh.601898,7.8900,8.0600,7.7200,7.7900,7.7600,34744901,275137922.0000,3,2.289127,1,0.386600,0
2009-03-16,sh.601898,7.7000,7.8500,7.5600,7.8000,7.7900,23738816,182647632.0000,3,1.564004,1,0.128400,0
2009-03-17,sh.601898,7.8200,8.1500,7.7400,8.0900,7.8000,49761564,398449774.0000,3,3.278482,1,3.717900,0
2009-03-18,sh.601898,8.1600,8.4000,8.1000,8.1800,8.0900,64111213,530610103.0000,3,4.223892,1,1.112500,0
2009-03-19,sh.601898,8.1900,8.8000,8.1800,8.6600,8.1800,95911934,819356604.0000,3,6.319045,1,5.868000,0
2009-03-20,sh.601898,8.8000,9.0600,8.6600,8.8300,8.6600,114202806,1014001585.0000,3,7.524117,1,1.963000,0
2009-03-23,sh.601898,8.9000,9.0300,8.7500,8.9100,8.8300,78679473,701270862.0000,3,5.183704,1,0.906000,0
2009-03-24,sh.601898,9.0300,9.0900,8.7300,8.8200,8.9100,60927640,539542933.0000,3,4.014146,1,-1.010100,0
2009-03-25,sh.601898,8.8000,8.9500,8.5000,8.5300,8.8200,62984732,552157172.0000,3,4.149675,1,-3.288000,0
2009-03-26,sh.601898,8.5000,8.8500,8.3200,8.8300,8.5300,58463836,500842582.0000,3,3.851821,1,3.517000,0
2009-03-27,sh.601898,8.8900,8.9200,8.6700,8.7800,8.8300,51849559,456708126.0000,3,3.416047,1,-0.566300,0
2009-03-30,sh.601898,8.8000,8.9700,8.7000,8.7400,8.7800,46285050,408575699.0000,3,3.049436,1,-0.455600,0
2009-03-31,sh.601898,8.5400,8.7400,8.4200,8.6800,8.7400,48173972,412509222.0000,3,3.173885,1,-0.686500,0
2009-04-01,sh.601898,8.7400,9.3000,8.7200,9.1700,8.6800,114089050,1034694521.0000,3,7.516623,1,5.645200,0
2009-04-02,sh.601898,9.2100,9.3500,9.0600,9.1800,9.1700,89188381,819935271.0000,3,5.876071,1,0.109100,0
2009-04-03,sh.601898,9.2700,9.5700,9.1000,9.1900,9.1800,91328965,854148916.0000,3,6.017101,1,0.108900,0
2009-04-07,sh.601898,9.2100,10.1100,9.2100,10.1100,9.1900,148893962,1440358249.0000,3,9.809703,1,10.010900,0
2009-04-08,sh.601898,10.0400,10.1300,9.7000,9.7200,10.1100,126790930,1257372544.0000,3,8.353471,1,-3.857600,0
2009-04-09,sh.601898,9.6500,9.8500,9.3500,9.8300,9.7200,79995373,769810663.0000,3,5.270401,1,1.131700,0
2009-04-10,sh.601898,9.8800,10.7600,9.7900,10.6000,9.8300,121653070,1246807593.0000,3,8.014969,1,7.833200,0
2009-04-13,sh.601898,10.7000,11.5200,10.5900,11.3600,10.6000,174393584,1947867939.0000,3,11.489716,1,7.169800,0
2009-04-14,sh.601898,11.2500,11.3900,11.0000,11.2000,11.3600,81659523,910851471.0000,3,5.380042,1,-1.408500,0
2009-04-15,sh.601898,11.0700,11.5900,10.8000,11.2200,11.2000,102628809,1153254964.0000,3,6.761578,1,0.178600,0
2009-04-16,sh.601898,11.1900,11.2000,10.6000,10.8100,11.2200,94223373,1020972844.0000,3,6.207796,1,-3.654200,0
2009-04-17,sh.601898,10.6300,10.6900,10.1500,10.2700,10.8100,108015670,1118024654.0000,3,7.116485,1,-4.995400,0
2009-04-20,sh.601898,10.2000,10.6700,10.1200,10.5100,10.2700,61652992,644603929.0000,3,4.061935,1,2.336900,0
2009-04-21,sh.601898,10.2000,10.3900,10.0700,10.3200,10.5100,65292349,668874354.0000,3,4.301710,1,-1.807800,0
2009-04-22,sh.601898,10.3700,10.4400,9.7300,9.8000,10.3200,68297092,690171135.0000,3,4.499673,1,-5.038800,0
2009-04-23,sh.601898,9.7000,10.0900,9.6100,10.0000,9.8000,51338779,509238948.0000,3,3.382395,1,2.040800,0
2009-04-24,sh.601898,10.0900,10.2000,9.8000,10.1700,10.0000,52526660,527591549.0000,3,3.460657,1,1.700000,0
2009-04-27,sh.601898,10.0900,10.1000,9.8000,9.8900,10.1700,34992914,346855564.0000,3,2.305467,1,-2.753200,0
2009-04-28,sh.601898,9.7600,10.2000,9.7200,10.0200,9.8900,45155197,452312479.0000,3,2.974997,1,1.314500,0
2009-04-29,sh.601898,10.0400,10.5500,9.9100,10.4400,10.0200,83022750,860300422.0000,3,5.469856,1,4.191600,0
2009-04-30,sh.601898,10.5100,10.5900,10.3100,10.4100,10.4400,47635978,497681573.0000,3,3.138440,1,-0.287400,0
2009-05-04,sh.601898,10.5000,11.1000,10.5000,11.0900,10.4100,88195811,960924746.0000,3,5.810677,1,6.532200,0
2009-05-05,sh.601898,11.1800,11.1800,10.8700,10.9100,11.0900,66005809,725725796.0000,3,4.348715,1,-1.623100,0
2009-05-06,sh.601898,10.9100,11.3900,10.9000,11.1800,10.9100,84650789,947162435.0000,3,5.577118,1,2.474800,0
2009-05-07,sh.601898,11.2800,11.5300,11.0200,11.3900,11.1800,90218833,1015985151.0000,3,5.943962,1,1.878400,0
2009-05-08,sh.601898,11.2700,11.6000,11.1500,11.2100,11.3900,94345793,1074900100.0000,3,6.215861,1,-1.580300,0
2009-05-11,sh.601898,11.2800,11.3500,10.6000,10.6200,11.2100,74465734,816407180.0000,3,4.906087,1,-5.263200,0
2009-05-12,sh.601898,10.5000,10.9500,10.3800,10.9300,10.6200,52805014,562889035.0000,3,3.478996,1,2.919000,0
2009-05-13,sh.601898,10.9800,11.7500,10.8200,11.7100,10.9300,148465146,1690127827.0000,3,9.781451,1,7.136300,0
2009-05-14,sh.601898,11.5500,11.7200,11.3600,11.6400,11.7100,84951805,982062890.0000,3,5.596950,1,-0.597800,0
2009-05-15,sh.601898,11.6300,12.0500,11.5400,11.9100,11.6400,110200292,1309819568.0000,3,7.260416,1,2.319600,0
2009-05-18,sh.601898,11.7900,12.5500,11.3800,12.3600,11.9100,106982748,1279800123.0000,3,7.048432,1,3.778300,0
2009-05-19,sh.601898,12.3600,12.6500,12.1600,12.3800,12.3600,114360006,1412585754.0000,3,7.534474,1,0.161800,0
2009-05-20,sh.601898,12.3800,13.0000,12.2200,12.6400,12.3800,103634771,1320142603.0000,3,6.827855,1,2.100200,0
2009-05-21,sh.601898,12.5500,12.9900,12.0500,12.0600,12.6400,94032297,1169982828.0000,3,6.195207,1,-4.588600,0
2009-05-22,sh.601898,11.9000,11.9800,11.5100,11.6800,12.0600,59530073,697681864.0000,3,3.922069,1,-3.150900,0
2009-05-25,sh.601898,11.3200,11.7700,11.0800,11.6200,11.6800,106087587,1205243272.0000,3,6.989456,1,-0.513700,0
2009-05-26,sh.601898,11.6000,11.6000,11.1200,11.1300,11.6200,76546530,864972827.0000,3,5.043178,1,-4.216900,0
2009-05-27,sh.601898,11.2700,11.4000,11.0800,11.2500,11.1300,43543304,489696422.0000,3,2.868799,1,1.078200,0
2009-06-01,sh.601898,11.5000,12.2000,11.4600,12.1300,11.2500,81739330,968789211.0000,3,5.385300,1,7.822200,0
2009-06-02,sh.601898,12.2500,12.2900,11.7800,11.9100,12.1300,75852854,914454025.0000,3,4.997476,1,-1.813700,0
2009-06-03,sh.601898,11.8900,12.3800,11.7900,12.2100,11.9100,71925095,873828634.0000,3,4.738700,1,2.518900,0
2009-06-04,sh.601898,12.0600,12.1900,11.7000,12.1100,12.2100,62131971,740627633.0000,3,4.093492,1,-0.819000,0
2009-06-05,sh.601898,12.2600,12.4400,12.1100,12.2400,12.1100,84507296,1038738925.0000,3,5.567664,1,1.073500,0
2009-06-08,sh.601898,12.1800,12.2900,11.8300,11.9300,12.2400,53179274,637301361.0000,3,3.503654,1,-2.532700,0
2009-06-09,sh.601898,11.9600,12.0900,11.4300,11.7700,11.9300,75262143,874822449.0000,3,4.958558,1,-1.341200,0
2009-06-10,sh.601898,11.8400,12.0000,11.7500,11.9000,11.7700,47614421,566125022.0000,3,3.137020,1,1.104500,0
2009-06-11,sh.601898,11.9900,11.9900,11.6600,11.6700,11.9000,38073185,448193709.0000,3,2.508407,1,-1.932800,0
2009-06-12,sh.601898,11.6400,11.8500,11.3700,11.4600,11.6700,50179050,581715907.0000,3,3.305988,1,-1.799500,0
2009-06-15,sh.601898,11.4100,11.5600,11.1400,11.3900,11.4600,49050052,553817204.0000,3,3.231605,1,-0.610800,0
2009-06-16,sh.601898,11.2400,11.5400,11.1500,11.3900,11.3900,39085115,443869927.0000,3,2.575077,1,0.000000,0
2009-06-17,sh.601898,11.3900,11.5500,11.2200,11.5100,11.3900,37923582,431891321.0000,3,2.498551,1,1.053600,0
2009-06-18,sh.601898,11.5200,12.0000,11.5000,11.9400,11.5100,92004484,1093063785.0000,3,6.061607,1,3.735900,0
2009-06-19,sh.601898,11.9800,12.0300,11.7100,11.8400,11.9400,51013530,604590935.0000,3,3.360966,1,-0.837500,0
2009-06-22,sh.601898,11.9700,12.0000,11.8000,11.9000,11.8400,47132449,560581712.0000,3,3.105266,1,0.506800,0
2009-06-23,sh.601898,11.6500,11.8600,11.5000,11.7200,11.9000,48995253,572465836.0000,3,3.227995,1,-1.512600,0
2009-06-24,sh.601898,11.7500,12.2200,11.7500,12.1800,11.7200,90793237,1094741126.0000,3,5.981806,1,3.924900,0
2009-06-25,sh.601898,12.2000,12.2500,11.9000,11.9800,12.1800,59463803,716447299.0000,3,3.917703,1,-1.642000,0
2009-06-26,sh.601898,11.9800,11.9800,11.9800,11.9800,11.9800,0,0.0000,3,,0,0.000000,0
2009-06-29,sh.601898,12.0600,12.5900,11.9100,12.4400,11.9800,113117512,1386069012.0000,3,7.452614,1,3.839700,0
2009-06-30,sh.601898,12.5200,12.6800,12.2200,12.3400,12.4400,88029937,1100055581.0000,3,5.799749,1,-0.803900,0
2009-07-01,sh.601898,12.2800,12.5800,12.1900,12.3800,12.3400,58812113,730022775.0000,3,3.874767,1,0.324100,0
2009-07-02,sh.601898,12.4400,12.9700,12.4300,12.9000,12.3800,119958021,1530830992.0000,3,7.903293,1,4.200300,0
2009-07-03,sh.601898,12.7000,13.3400,12.6500,13.2600,12.9000,115465181,1509497326.0000,3,7.607287,1,2.790700,0
2009-07-06,sh.601898,13.3000,13.9900,13.2000,13.3200,13.2600,127998401,1729851082.0000,3,8.433024,1,0.452500,0
2009-07-07,sh.601898,13.3000,13.9600,13.0400,13.6300,13.3200,116499474,1578167208.0000,3,7.675431,1,2.327331,0
2009-07-08,sh.601898,13.4000,13.9400,13.2000,13.9200,13.6300,110294489,1498013434.0000,3,7.266623,1,2.127700,0
2009-07-09,sh.601898,13.7700,13.9800,13.5800,13.9000,13.9200,93084381,1284114531.0000,3,6.132755,1,-0.143700,0
2009-07-10,sh.601898,13.9300,13.9300,13.6400,13.6500,13.9000,54958179,755826897.0000,3,3.620855,1,-1.798600,0
2009-07-13,sh.601898,13.5000,13.5000,13.0800,13.1100,13.6500,100590109,1335355910.0000,3,6.627261,1,-3.956000,0
2009-07-14,sh.601898,13.1400,13.4700,13.1400,13.3600,13.1100,63636588,845588849.0000,3,4.192622,1,1.906900,0
2009-07-15,sh.601898,13.4000,13.8700,13.2300,13.7000,13.3600,81822579,1108721378.0000,3,5.390784,1,2.544900,0
2009-07-16,sh.601898,13.7100,14.1000,13.4700,13.5300,13.5500,63908635,881163948.0000,3,4.210545,1,-0.147600,0
2009-07-17,sh.601898,13.4800,14.6900,13.4300,14.5300,13.5300,131340825,1846959808.0000,3,8.653236,1,7.391000,0
2009-07-20,sh.601898,14.5600,15.3700,14.4000,15.1900,14.5300,152000974,2260401562.0000,3,10.014405,1,4.542300,0
2009-07-21,sh.601898,15.1900,15.1900,14.5100,14.5700,15.1900,92370513,1361696364.0000,3,6.085722,1,-4.081600,0
2009-07-22,sh.601898,14.5400,15.5700,14.4700,15.2200,14.5700,112324369,1705192932.0000,3,7.400359,1,4.461200,0
2009-07-23,sh.601898,15.2500,15.6000,15.0300,15.3800,15.2200,82174710,1258967443.0000,3,5.413984,1,1.051200,0
2009-07-24,sh.601898,15.5100,16.8000,15.5100,16.3900,15.3800,159107078,2586611998.0000,3,10.482582,1,6.567000,0
2009-07-27,sh.601898,16.5000,16.8900,15.9900,16.6500,16.3900,115487008,1901816089.0000,3,7.608726,1,1.586300,0
2009-07-28,sh.601898,16.6900,16.8000,16.2500,16.5100,16.6500,85833393,1409803710.0000,3,5.655032,1,-0.840800,0
2009-07-29,sh.601898,16.3900,16.3900,14.8600,15.2300,16.5100,105250241,1650655676.0000,3,6.934288,1,-7.752900,0
2009-07-30,sh.601898,15.2100,15.4900,14.4900,15.3500,15.2300,83564765,1252249887.0000,3,5.505566,1,0.787900,0
2009-07-31,sh.601898,15.5000,15.9300,15.2600,15.8400,15.3500,96641305,1501471230.0000,3,6.367099,1,3.192200,0
2009-08-03,sh.601898,15.9200,16.3600,15.3100,16.0700,15.8400,95855459,1523234876.0000,3,6.315324,1,1.452000,0
2009-08-04,sh.601898,16.0000,16.6500,15.7000,16.6100,16.0700,126059251,2044812504.0000,3,8.305265,1,3.360300,0
2009-08-05,sh.601898,16.4900,16.4900,15.6700,15.8900,16.6100,93936071,1507544843.0000,3,6.188867,1,-4.334700,0
2009-08-06,sh.601898,15.6000,15.6000,15.0100,15.1000,15.8900,81736745,1243107694.0000,3,5.385129,1,-4.971700,0
2009-08-07,sh.601898,15.1000,15.3000,14.3300,14.4600,15.1000,81597828,1204805854.0000,3,5.375977,1,-4.238400,0
2009-08-10,sh.601898,14.6000,14.8900,13.9900,14.4500,14.4600,71053184,1023322682.0000,3,4.681255,1,-0.069200,0
2009-08-11,sh.601898,14.5900,14.7500,14.3200,14.6600,14.4500,42927022,623898374.0000,3,2.828196,1,1.453300,0
2009-08-12,sh.601898,14.5000,14.5100,13.5800,13.6900,14.6600,56862853,796365561.0000,3,3.746342,1,-6.616600,0
2009-08-13,sh.601898,13.6900,14.1000,13.4800,13.9200,13.6900,50537157,699851942.0000,3,3.329581,1,1.680100,0
2009-08-14,sh.601898,13.9800,14.1400,13.4600,13.5300,13.9200,48800501,673205090.0000,3,3.215164,1,-2.801700,0
2009-08-17,sh.601898,13.1800,13.1900,12.1800,12.1900,13.5300,68639116,870592781.0000,3,4.522207,1,-9.903900,0
2009-08-18,sh.601898,12.1000,12.4800,11.9000,12.3700,12.1900,54457407,663448275.0000,3,3.587862,1,1.476600,0
2009-08-19,sh.601898,12.4200,12.4500,11.3000,11.5300,12.3700,52112168,620381991.0000,3,3.433349,1,-6.790600,0
2009-08-20,sh.601898,11.6800,12.6800,11.5800,12.6400,11.5300,85821960,1046414030.0000,3,5.654279,1,9.627100,0
2009-08-21,sh.601898,12.5900,12.9800,12.3400,12.8900,12.6400,84849084,1075113585.0000,3,5.590182,1,1.977800,0
2009-08-24,sh.601898,12.8900,13.2700,12.7100,13.2600,12.8900,77289867,1011780676.0000,3,5.092152,1,2.870400,0
2009-08-25,sh.601898,13.0100,13.0900,12.0000,12.6200,13.2600,68701502,864683573.0000,3,4.526318,1,-4.826500,0
2009-08-26,sh.601898,12.3800,13.0000,12.3000,12.7800,12.6200,44239428,563897834.0000,3,2.914663,1,1.267800,0
2009-08-27,sh.601898,12.6000,12.8900,12.3700,12.5600,12.7800,40723456,513824040.0000,3,2.683017,1,-1.721400,0
2009-08-28,sh.601898,12.6200,12.7400,11.8900,12.0800,12.5600,55225708,670457588.0000,3,3.638481,1,-3.821700,0
2009-08-31,sh.601898,11.8000,11.8300,10.9900,11.1000,12.0800,54960614,620124812.0000,3,3.621015,1,-8.112600,0
2009-09-01,sh.601898,11.0500,11.3800,10.8500,10.9700,11.1000,39985009,444151386.0000,3,2.634365,1,-1.171200,0
2009-09-02,sh.601898,11.0700,11.5000,11.0500,11.3100,10.9700,48803033,552515199.0000,3,3.215330,1,3.099400,0
2009-09-03,sh.601898,11.3200,12.1500,11.2500,12.0500,11.3100,58578091,689342666.0000,3,3.859349,1,6.542900,0
2009-09-04,sh.601898,12.0400,12.3600,11.9100,12.0600,12.0500,53121520,643473662.0000,3,3.499849,1,0.083000,0
2009-09-07,sh.601898,12.1200,12.3500,12.0000,12.0900,12.0600,38346697,467271735.0000,3,2.526427,1,0.248800,0
2009-09-08,sh.601898,12.0000,12.5000,11.7000,12.4900,12.0900,68537600,836550039.0000,3,4.515519,1,3.308500,0
2009-09-09,sh.601898,12.6800,12.6900,12.3600,12.5500,12.4900,60369368,757669106.0000,3,3.977365,1,0.480400,0
2009-09-10,sh.601898,12.5200,12.5800,12.2100,12.2600,12.5500,37319565,462152188.0000,3,2.458756,1,-2.310800,0
2009-09-11,sh.601898,12.2000,12.6600,12.1500,12.5200,12.2600,42128896,526602066.0000,3,2.775613,1,2.120700,0
2009-09-14,sh.601898,12.4500,12.7500,12.3900,12.7000,12.5200,44803347,564541197.0000,3,2.951816,1,1.437700,0
2009-09-15,sh.601898,12.7300,13.2100,12.7000,12.9400,12.7000,63851120,829832744.0000,3,4.206756,1,1.889800,0
2009-09-16,sh.601898,12.9700,13.0400,12.5000,12.7300,12.9400,44184400,565039680.0000,3,2.911037,1,-1.622900,0
2009-09-17,sh.601898,12.8500,13.1500,12.8500,13.0800,12.7300,47794561,623349333.0000,3,3.148888,1,2.749400,0
2009-09-18,sh.601898,13.1100,13.3000,12.5000,12.6300,13.0800,53770232,698715047.0000,3,3.542588,1,-3.440400,0
2009-09-21,sh.601898,12.4200,12.6900,12.0600,12.6700,12.6300,31883016,394158922.0000,3,2.100575,1,0.316700,0
2009-09-22,sh.601898,12.5500,12.7000,12.0300,12.0600,12.6700,35241733,432823076.0000,3,2.321860,1,-4.814500,0
2009-09-23,sh.601898,12.1000,12.2700,11.5900,11.7000,12.0600,33300161,396843358.0000,3,2.193942,1,-2.985100,0
2009-09-24,sh.601898,11.6100,11.9600,11.3000,11.7500,11.7000,27643778,322216202.0000,3,1.821278,1,0.427400,0
2009-09-25,sh.601898,11.6600,11.8500,11.5600,11.7000,11.7500,17658110,206584604.0000,3,1.163384,1,-0.425500,0
2009-09-28,sh.601898,11.7600,11.8900,11.3300,11.3800,11.7000,16835245,195764225.0000,3,1.109170,1,-2.735000,0
2009-09-29,sh.601898,11.4000,11.5000,11.0500,11.2600,11.3800,16839778,189687890.0000,3,1.109469,1,-1.054500,0
2009-09-30,sh.601898,11.3100,11.6000,11.3100,11.4000,11.2600,15661277,179580707.0000,3,1.031825,1,1.243300,0
2009-10-09,sh.601898,11.7500,12.4000,11.6800,12.3600,11.4000,39510420,477457638.0000,3,2.603097,1,8.421100,0
2009-10-12,sh.601898,12.3600,12.3600,12.0200,12.1000,12.3600,24317886,295803809.0000,3,1.602155,1,-2.103600,0
2009-10-13,sh.601898,12.1300,12.6300,12.1300,12.3800,12.1000,33461923,415093918.0000,3,2.204599,1,2.314000,0
2009-10-14,sh.601898,12.4800,12.9300,12.4800,12.6800,12.3800,61087278,777754537.0000,3,4.024663,1,2.423300,0
2009-10-15,sh.601898,12.9000,13.0500,12.6900,12.8000,12.6800,37388819,479940399.0000,3,2.463318,1,0.946400,0
2009-10-16,sh.601898,12.9500,13.1700,12.6000,12.8700,12.8000,48962144,629968981.0000,3,3.225813,1,0.546900,0
2009-10-19,sh.601898,12.8000,13.2000,12.7300,13.1900,12.8700,58439800,762891434.0000,3,3.850237,1,2.486400,0
2009-10-20,sh.601898,13.3200,13.5000,13.1000,13.2600,13.1900,57306715,762514956.0000,3,3.775585,1,0.530700,0
2009-10-21,sh.601898,13.2000,13.4100,13.0800,13.2000,13.2600,47179465,624875650.0000,3,3.108363,1,-0.452500,0
2009-10-22,sh.601898,13.2100,13.4000,13.0800,13.1000,13.2000,35850817,473919742.0000,3,2.361989,1,-0.757600,0
2009-10-23,sh.601898,13.1400,13.8100,13.1400,13.7700,13.1000,100992199,1372601561.0000,3,6.653752,1,5.114500,0
2009-10-26,sh.601898,13.8900,14.1000,13.7700,13.9000,13.7700,82903451,1154280569.0000,3,5.461996,1,0.944100,0
2009-10-27,sh.601898,13.7100,13.7200,13.2000,13.2200,13.9000,54333082,731505955.0000,3,3.579671,1,-4.892100,0
2009-10-28,sh.601898,13.1200,13.6000,13.1200,13.5900,13.2200,43136148,577581458.0000,3,2.841974,1,2.798789,0
2009-10-29,sh.601898,13.1900,13.3000,12.8100,12.9400,13.5900,44839813,585515861.0000,3,2.954218,1,-4.782900,0
2009-10-30,sh.601898,13.3000,13.3800,12.9800,13.0000,12.9400,39197210,516533792.0000,3,2.582462,1,0.463700,0
2009-11-02,sh.601898,12.5000,13.3300,12.4500,13.2700,13.0000,43148021,560091827.0000,3,2.842757,1,2.076900,0
2009-11-03,sh.601898,13.3500,13.5200,13.2700,13.3700,13.2700,42762678,572063365.0000,3,2.817369,1,0.753600,0
2009-11-04,sh.601898,13.4500,13.5400,13.2200,13.4000,13.3700,34967957,468491587.0000,3,2.303823,1,0.224400,0
2009-11-05,sh.601898,13.4300,13.5400,13.3000,13.5100,13.4000,35976132,483665338.0000,3,2.370245,1,0.820900,0
2009-11-06,sh.601898,13.6800,13.8200,13.5700,13.6900,13.5100,55174287,756062709.0000,3,3.635093,1,1.332300,0
2009-11-09,sh.601898,13.7000,13.9300,13.6000,13.9000,13.6900,47470918,655849684.0000,3,3.127566,1,1.534000,0
2009-11-10,sh.601898,14.1300,14.2400,13.8100,13.8700,13.9000,56102093,789177961.0000,3,3.696220,1,-0.215800,0
2009-11-11,sh.601898,13.8700,14.0000,13.6200,13.7900,13.8700,37486182,517569569.0000,3,2.469733,1,-0.576800,0
2009-11-12,sh.601898,13.8500,13.9600,13.6600,13.7100,13.7900,33051655,456147236.0000,3,2.177569,1,-0.580100,0
2009-11-13,sh.601898,13.6000,13.7800,13.4300,13.7600,13.7100,37616535,510661316.0000,3,2.478321,1,0.364700,0
2009-11-16,sh.601898,13.8900,14.7400,13.8700,14.7100,13.7600,109216666,1575647422.0000,3,7.195611,1,6.904100,0
2009-11-17,sh.601898,14.7600,14.9800,14.5200,14.5900,14.7100,62038914,909458566.0000,3,4.087361,1,-0.815800,0
2009-11-18,sh.601898,14.6200,15.3100,14.6000,14.9000,14.5900,79288220,1187712023.0000,3,5.223811,1,2.124700,0
2009-11-19,sh.601898,14.9600,15.0800,14.7000,14.9300,14.9000,50068134,742741997.0000,3,3.298680,1,0.201300,0
2009-11-20,sh.601898,14.8800,14.8800,14.6200,14.7300,14.9300,43299060,638369252.0000,3,2.852708,1,-1.339600,0
2009-11-23,sh.601898,14.7500,14.8800,14.6200,14.8300,14.7300,39832452,586918437.0000,3,2.624314,1,0.678900,0
2009-11-24,sh.601898,14.8500,15.2000,14.1500,14.1800,14.8300,74763284,1100721517.0000,3,4.925691,1,-4.383000,0
2009-11-25,sh.601898,14.1600,14.6000,14.0000,14.5800,14.1800,47354160,679098382.0000,3,3.119873,1,2.820900,0
2009-11-26,sh.601898,14.6500,14.8700,14.0000,14.0600,14.5800,58913451,849332624.0000,3,3.881443,1,-3.566500,0
2009-11-27,sh.601898,13.8100,13.9400,13.2700,13.3800,14.0600,50549545,689005503.0000,3,3.330397,1,-4.836400,0
2009-11-30,sh.601898,13.5500,13.9500,13.4900,13.9500,13.3800,35978735,493799369.0000,3,2.370417,1,4.260100,0
2009-12-01,sh.601898,13.9500,14.1300,13.7300,14.1100,13.9500,36016822,501575515.0000,3,2.372926,1,1.147000,0
2009-12-02,sh.601898,14.1800,14.4500,14.1800,14.3200,14.1100,37368133,534136649.0000,3,2.461955,1,1.488300,0
2009-12-03,sh.601898,14.3200,14.4800,14.1000,14.4500,14.3200,42096161,601195463.0000,3,2.773456,1,0.907800,0
2009-12-04,sh.601898,14.3400,14.7300,14.1000,14.5900,14.4500,72216919,1045412028.0000,3,4.757927,1,0.968900,0
2009-12-07,sh.601898,14.6000,14.8000,14.3900,14.5800,14.5900,37817368,551440954.0000,3,2.491553,1,-0.068500,0
2009-12-08,sh.601898,14.5000,14.5800,14.1000,14.2700,14.5800,37020084,529047505.0000,3,2.439025,1,-2.126200,0
2009-12-09,sh.601898,14.0500,14.2100,13.8000,13.8800,14.2700,33236791,464643435.0000,3,2.189767,1,-2.733000,0
2009-12-10,sh.601898,13.9100,14.0700,13.7500,13.9400,13.8800,22595048,313813246.0000,3,1.488648,1,0.432300,0
2009-12-11,sh.601898,13.9900,14.1500,13.9100,13.9800,13.9400,19857801,278359979.0000,3,1.308308,1,0.286900,0
2009-12-14,sh.601898,13.9500,14.1500,13.5800,14.0900,13.9800,33283689,461622818.0000,3,2.192857,1,0.786800,0
2009-12-15,sh.601898,14.0300,14.0800,13.8500,13.9200,14.0900,24164024,337840544.0000,3,1.592018,1,-1.206500,0
2009-12-16,sh.601898,13.8800,14.1300,13.8000,13.8400,13.9200,22327745,311891823.0000,3,1.471037,1,-0.574700,0
2009-12-17,sh.601898,13.9500,14.0200,13.5000,13.5100,13.8400,26741349,364993532.0000,3,1.761822,1,-2.384400,0
2009-12-18,sh.601898,13.5100,13.5100,13.5100,13.5100,13.5100,0,0.0000,3,,0,0.000000,0
2009-12-21,sh.601898,13.2100,13.2900,13.0100,13.1200,13.5100,27119065,356132693.0000,3,1.786708,1,-2.886800,0
2009-12-22,sh.601898,13.2100,13.2400,12.5000,12.5500,13.1200,31126624,399854664.0000,3,2.050741,1,-4.344500,0
2009-12-23,sh.601898,12.6100,12.7900,12.5000,12.6500,12.5500,20957581,264833823.0000,3,1.380766,1,0.796800,0
2009-12-24,sh.601898,12.8100,13.3000,12.7000,13.2800,12.6500,31324411,409007800.0000,3,2.063772,1,4.980200,0
2009-12-25,sh.601898,13.3200,13.3200,13.1000,13.1500,13.2800,17015918,224235627.0000,3,1.121074,1,-0.978900,0
2009-12-28,sh.601898,13.2300,13.4400,13.1800,13.3400,13.1500,22195513,295484897.0000,3,1.462325,1,1.444900,0
2009-12-29,sh.601898,13.3500,13.3800,13.1600,13.3200,13.3400,16994298,225293568.0000,3,1.119649,1,-0.149900,0
2009-12-30,sh.601898,13.4100,13.5600,13.3500,13.5400,13.3200,34612244,466991971.0000,3,2.280387,1,1.651700,0
2009-12-31,sh.601898,13.6500,13.6800,13.4800,13.5800,13.5400,27166398,368603926.0000,3,1.781014,1,0.295400,0
2010-01-04,sh.601898,13.6900,13.7600,13.4500,13.4600,13.5800,20309530,276085986.0000,3,1.331481,1,-0.883700,0
2010-01-05,sh.601898,13.6100,14.0100,13.5100,13.9700,13.4600,48720829,673641288.0000,3,3.194110,1,3.789000,0
2010-01-06,sh.601898,14.0300,14.4300,13.9700,14.1000,13.9700,60037717,852505097.0000,3,3.936039,1,0.930600,0
2010-01-07,sh.601898,14.2100,14.3000,13.6900,13.7200,14.1000,39027640,546635963.0000,3,2.558630,1,-2.695000,0
2010-01-08,sh.601898,13.6700,13.8500,13.4800,13.8100,13.7200,25601834,348426061.0000,3,1.678442,1,0.656000,0
2010-01-11,sh.601898,14.2300,14.3000,13.5800,13.7400,13.8100,28102213,391020892.0000,3,1.842365,1,-0.506900,0
2010-01-12,sh.601898,13.7700,13.9500,13.5300,13.9400,13.7400,33647109,462114194.0000,3,2.205886,1,1.455600,0
2010-01-13,sh.601898,13.5800,13.7000,13.0800,13.2200,13.9400,54482019,729720010.0000,3,3.571811,1,-5.165000,0
2010-01-14,sh.601898,13.3100,13.4100,13.0200,13.3600,13.2200,30483190,404215393.0000,3,1.998461,1,1.059000,0
2010-01-15,sh.601898,13.2900,13.3600,13.1000,13.2400,13.3600,27111944,358199026.0000,3,1.777444,1,-0.898200,0
2010-01-18,sh.601898,13.1400,13.3500,13.1400,13.3300,13.2400,24031974,318481013.0000,3,1.575523,1,0.679800,0
2010-01-19,sh.601898,13.3200,13.5500,13.3000,13.3600,13.3300,26524401,355650654.0000,3,1.738925,1,0.225100,0
2010-01-20,sh.601898,13.4100,13.4500,12.8200,12.8700,13.3600,31562645,412540154.0000,3,2.069229,1,-3.667700,0
2010-01-21,sh.601898,12.9100,13.0000,12.6000,12.7600,12.8700,22716504,290287203.0000,3,1.489281,1,-0.854700,0
2010-01-22,sh.601898,12.6000,12.6300,12.2000,12.4700,12.7600,32435660,402096267.0000,3,2.126464,1,-2.272700,0
2010-01-25,sh.601898,12.3700,12.5300,12.3000,12.3700,12.4700,14021326,173866433.0000,3,0.919230,1,-0.801900,0
2010-01-26,sh.601898,12.3600,12.4200,11.8400,11.8900,12.3700,24254825,291764962.0000,3,1.590133,1,-3.880400,0
2010-01-27,sh.601898,11.9100,12.1400,11.8000,11.9000,11.8900,20516301,245442284.0000,3,1.345037,1,0.084100,0
2010-01-28,sh.601898,11.9200,12.1000,11.8300,12.0400,11.9000,13300790,159247103.0000,3,0.871992,1,1.176500,0
2010-01-29,sh.601898,11.9500,12.2400,11.9000,11.9500,12.0400,17669324,213356669.0000,3,1.158391,1,-0.747500,0
2010-02-01,sh.601898,11.9600,11.9800,11.3800,11.4300,11.9500,25163733,290089899.0000,3,1.649720,1,-4.351500,0
2010-02-02,sh.601898,11.5900,11.7500,11.4300,11.4600,11.4300,15004446,174070735.0000,3,0.983683,1,0.262500,0
2010-02-03,sh.601898,11.6000,12.1900,11.3100,12.0800,11.4600,29215411,344452751.0000,3,1.915346,1,5.410100,0
2010-02-04,sh.601898,11.8900,12.0000,11.7500,11.8600,12.0800,21265591,252558893.0000,3,1.394160,1,-1.821200,0
2010-02-05,sh.601898,11.5000,11.5900,11.4000,11.5000,11.8600,18692587,214666178.0000,3,1.225475,1,-3.035400,0
2010-02-08,sh.601898,11.5000,11.5900,11.2900,11.4500,11.5000,15991791,182620488.0000,3,1.048413,1,-0.434800,0
2010-02-09,sh.601898,11.3900,11.5600,11.3500,11.5200,11.4500,8122828,93264181.0000,3,0.532528,1,0.611400,0
2010-02-10,sh.601898,11.6600,11.7000,11.5900,11.6600,11.5200,10698763,124540294.0000,3,0.701405,1,1.215300,0
2010-02-11,sh.601898,11.6600,11.7600,11.6100,11.6800,11.6600,9101142,106396097.0000,3,0.596666,1,0.171500,0
2010-02-12,sh.601898,11.7500,11.8600,11.7200,11.8400,11.6800,8725648,103090531.0000,3,0.572049,1,1.369900,0
2010-02-22,sh.601898,11.8000,11.9100,11.7200,11.7600,11.8400,14119434,166628870.0000,3,0.925662,1,-0.675700,0
2010-02-23,sh.601898,11.7300,11.7800,11.3600,11.5300,11.7600,15516691,178184901.0000,3,1.017266,1,-1.955800,0
2010-02-24,sh.601898,11.4100,11.6800,11.3800,11.6600,11.5300,13791666,159207058.0000,3,0.904174,1,1.127500,0
2010-02-25,sh.601898,11.7000,11.9200,11.6800,11.9000,11.6600,21003615,248331293.0000,3,1.376985,1,2.058300,0
2010-02-26,sh.601898,11.8800,11.8800,11.7500,11.7900,11.9000,15797667,186329666.0000,3,1.035686,1,-0.924400,0
2010-03-01,sh.601898,11.8100,11.9800,11.7800,11.9400,11.7900,20974144,249397946.0000,3,1.375053,1,1.272300,0
2010-03-02,sh.601898,11.9300,11.9800,11.7000,11.7700,11.9400,19095856,225853463.0000,3,1.251914,1,-1.423800,0
2010-03-03,sh.601898,11.8000,11.9100,11.6200,11.8900,11.7700,21978118,258634325.0000,3,1.440873,1,1.019500,0
2010-03-04,sh.601898,11.9000,11.9400,11.5600,11.5800,11.8900,19472641,229484413.0000,3,1.276615,1,-2.607200,0
2010-03-05,sh.601898,11.6000,11.6600,11.4700,11.5600,11.5800,14730209,170488837.0000,3,0.965704,1,-0.172700,0
2010-03-08,sh.601898,11.6700,11.6800,11.5600,11.6300,11.5600,11424726,132960858.0000,3,0.748999,1,0.605500,0
2010-03-09,sh.601898,11.6300,11.9500,11.4900,11.8300,11.6300,24708374,290580914.0000,3,1.619867,1,1.719700,0
2010-03-10,sh.601898,11.8500,11.9300,11.6500,11.7000,11.8300,17833700,210239638.0000,3,1.169167,1,-1.098900,0
2010-03-11,sh.601898,11.7000,11.8100,11.5700,11.7000,11.7000,12357704,144488745.0000,3,0.810164,1,0.000000,0
2010-03-12,sh.601898,11.6800,11.7500,11.5000,11.5300,11.7000,13205857,153430863.0000,3,0.865769,1,-1.453000,0
2010-03-15,sh.601898,11.5000,11.5100,11.2700,11.3100,11.5300,14076718,159730973.0000,3,0.922862,1,-1.908100,0
2010-03-16,sh.601898,11.3000,11.3500,11.1500,11.2700,11.3100,12095360,135901244.0000,3,0.792965,1,-0.353700,0
2010-03-17,sh.601898,11.3000,11.5100,11.2900,11.5000,11.2700,13556981,154658783.0000,3,0.888788,1,2.040800,0
2010-03-18,sh.601898,11.5000,11.6500,11.4700,11.5300,11.5000,14277935,164839702.0000,3,0.936053,1,0.260900,0
2010-03-19,sh.601898,11.5300,11.6800,11.3800,11.6300,11.5300,18401829,212674594.0000,3,1.206414,1,0.867300,0
2010-03-22,sh.601898,11.6500,11.7200,11.5600,11.6800,11.6300,14552831,169877753.0000,3,0.954075,1,0.429900,0
2010-03-23,sh.601898,11.6800,11.8500,11.6400,11.6800,11.6800,18969858,222877534.0000,3,1.243653,1,0.000000,0
2010-03-24,sh.601898,11.7500,11.8000,11.5800,11.5900,11.6800,12428322,145042619.0000,3,0.814794,1,-0.770500,0
2010-03-25,sh.601898,11.5300,11.5500,11.3200,11.3500,11.5900,14203623,161882474.0000,3,0.931182,1,-2.070800,0
2010-03-26,sh.601898,11.3400,11.5700,11.3200,11.4800,11.3500,10355848,118708187.0000,3,0.678924,1,1.145400,0
2010-03-29,sh.601898,11.4800,11.8900,11.4800,11.8300,11.4800,38132597,449829578.0000,3,2.499952,1,3.048800,0
2010-03-30,sh.601898,11.8500,11.9500,11.7600,11.9100,11.8300,24654386,292775221.0000,3,1.616328,1,0.676200,0
2010-03-31,sh.601898,11.8500,11.8700,11.6500,11.6700,11.9100,22491608,263685446.0000,3,1.474537,1,-2.015100,0
2010-04-01,sh.601898,11.7100,11.9000,11.7100,11.8500,11.6700,22475438,265868490.0000,3,1.473477,1,1.542400,0
2010-04-02,sh.601898,11.9100,12.0600,11.8900,11.9700,11.8500,29472158,353025025.0000,3,1.932178,1,1.012700,0
2010-04-06,sh.601898,12.0600,12.2700,12.0000,12.1000,11.9700,38584900,469047921.0000,3,2.529604,1,1.086000,0
2010-04-07,sh.601898,12.1000,12.1200,11.9000,11.9700,12.1000,18485130,221149811.0000,3,1.211875,1,-1.074400,0
2010-04-08,sh.601898,11.9100,11.9200,11.7200,11.7600,11.9700,18695930,220800842.0000,3,1.225695,1,-1.754400,0
2010-04-09,sh.601898,11.8000,11.9000,11.7600,11.8900,11.7600,14135509,167384266.0000,3,0.926716,1,1.105400,0
2010-04-12,sh.601898,11.9000,11.9500,11.6600,11.7200,11.8900,18170937,213548941.0000,3,1.191276,1,-1.429800,0
2010-04-13,sh.601898,11.6800,11.9400,11.6800,11.9000,11.7200,24104304,285055459.0000,3,1.580265,1,1.535800,0
2010-04-14,sh.601898,11.9200,12.0700,11.8500,12.0400,11.9000,27555832,329804339.0000,3,1.806545,1,1.176500,0
2010-04-15,sh.601898,12.0900,12.2000,12.0100,12.1400,12.0400,33884307,410933964.0000,3,2.221436,1,0.830600,0
2010-04-16,sh.601898,12.1500,12.1800,11.8500,11.8900,12.1400,18251175,218128205.0000,3,1.196537,1,-2.059300,0
2010-04-19,sh.601898,11.7000,11.8000,11.2700,11.2900,11.8900,25990710,299157002.0000,3,1.703936,1,-5.046300,0
2010-04-20,sh.601898,11.2900,11.3900,11.1600,11.3600,11.2900,14511674,163844559.0000,3,0.951377,1,0.620000,0
2010-04-21,sh.601898,11.3800,11.5500,11.3000,11.5500,11.3600,16186839,184918799.0000,3,1.061200,1,1.672500,0
2010-04-22,sh.601898,11.4800,11.4800,11.2400,11.3300,11.5500,18930111,214644259.0000,3,1.241047,1,-1.904800,0
2010-04-23,sh.601898,11.3700,11.5800,11.2200,11.3500,11.3300,23009415,262220557.0000,3,1.508484,1,0.176500,0
2010-04-26,sh.601898,11.4200,11.4800,11.2400,11.2800,11.3500,13176389,149076628.0000,3,0.863837,1,-0.616700,0
2010-04-27,sh.601898,11.2400,11.2400,10.7500,10.9300,11.2800,25000096,273356125.0000,3,1.638992,1,-3.102800,0
2010-04-28,sh.601898,10.8500,11.1000,10.7500,10.8700,10.9300,15305529,166655012.0000,3,1.003422,1,-0.548900,0
2010-04-29,sh.601898,10.9600,11.0500,10.6900,10.7100,10.8700,12991159,141220441.0000,3,0.851693,1,-1.471900,0
2010-04-30,sh.601898,10.7300,11.0200,10.6000,10.9700,10.7100,17399050,187561221.0000,3,1.140672,1,2.427600,0
2010-05-04,sh.601898,10.7900,10.9900,10.7300,10.8500,10.9700,10083508,109825222.0000,3,0.661069,1,-1.093900,0
2010-05-05,sh.601898,10.6400,10.8500,10.5100,10.8300,10.8500,15529684,165790309.0000,3,1.018117,1,-0.184300,0
2010-05-06,sh.601898,10.7300,10.7300,10.1900,10.2100,10.8300,18756730,196428766.0000,3,1.229681,1,-5.724800,0
2010-05-07,sh.601898,9.9900,10.1100,9.8300,9.8300,10.2100,19351212,192372188.0000,3,1.268655,1,-3.721800,0
2010-05-10,sh.601898,9.8900,10.0300,9.7800,9.9900,9.8300,13553558,134574076.0000,3,0.888564,1,1.627700,0
2010-05-11,sh.601898,10.1900,10.2300,9.7600,9.8200,9.9900,15149004,151621387.0000,3,0.993160,1,-1.701700,0
2010-05-12,sh.601898,9.7600,9.8900,9.5500,9.8200,9.8200,11260120,109937056.0000,3,0.738207,1,0.000000,0
2010-05-13,sh.601898,9.8200,10.1300,9.8000,10.1100,9.8200,15991743,159896945.0000,3,1.048410,1,2.953200,0
2010-05-14,sh.601898,10.0000,10.2900,9.9500,10.1500,10.1100,16078875,162761775.0000,3,1.054122,1,0.395600,0
2010-05-17,sh.601898,10.0000,10.0400,9.5200,9.5500,10.1500,14720046,144359562.0000,3,0.965038,1,-5.911300,0
2010-05-18,sh.601898,9.6000,9.8800,9.5500,9.8200,9.5500,10920009,105934072.0000,3,0.715910,1,2.827200,0
2010-05-19,sh.601898,9.7100,9.9200,9.6500,9.8200,9.8200,11831075,115994413.0000,3,0.775639,1,0.000000,0
2010-05-20,sh.601898,9.7500,9.9400,9.6800,9.6900,9.8200,9233800,90431526.0000,3,0.605363,1,-1.323800,0
2010-05-21,sh.601898,9.4000,9.7600,9.2300,9.7500,9.6900,13108394,124932269.0000,3,0.859379,1,0.619200,0
2010-05-24,sh.601898,9.7500,10.1500,9.7200,10.0900,9.7500,20588911,206421298.0000,3,1.349797,1,3.487200,0
2010-05-25,sh.601898,9.9800,10.0000,9.7700,9.8100,10.0900,12850148,126951763.0000,3,0.842448,1,-2.775000,0
2010-05-26,sh.601898,9.8000,9.9000,9.7300,9.7600,9.8100,6843404,67058944.0000,3,0.448650,1,-0.509700,0
2010-05-27,sh.601898,9.7600,9.9900,9.6100,9.9400,9.7600,13228881,130203719.0000,3,0.867278,1,1.844300,0
2010-05-28,sh.601898,10.1200,10.1500,9.8700,9.9300,9.9400,14267246,142862418.0000,3,0.935353,1,-0.100600,0
2010-05-31,sh.601898,9.9100,9.9500,9.6600,9.6800,9.9300,9553372,93710691.0000,3,0.626314,1,-2.517600,0
2010-06-01,sh.601898,9.6600,9.7800,9.4400,9.5500,9.6800,10027639,96177422.0000,3,0.657406,1,-1.343000,0
2010-06-02,sh.601898,9.5300,9.6400,9.4300,9.6300,9.5500,6959403,66290736.0000,3,0.456255,1,0.837700,0
2010-06-03,sh.601898,9.6900,9.7000,9.4700,9.4800,9.6300,9471036,90839687.0000,3,0.620916,1,-1.557600,0
2010-06-04,sh.601898,9.4500,9.5000,9.3700,9.4400,9.4800,6908650,65113938.0000,3,0.452927,1,-0.421900,0
2010-06-07,sh.601898,9.2400,9.2700,9.0800,9.1300,9.4400,12727941,116648534.0000,3,0.834437,1,-3.283900,0
2010-06-08,sh.601898,9.1000,9.1900,9.0000,9.1000,9.1300,8783399,79933851.0000,3,0.575835,1,-0.328600,0
2010-06-09,sh.601898,9.1600,9.4500,9.0900,9.4000,9.1000,13879801,128674130.0000,3,0.909952,1,3.296695,0
2010-06-10,sh.601898,9.3300,9.3300,9.2400,9.2600,9.4000,10114120,93901400.0000,3,0.663076,1,-1.489400,0
2010-06-11,sh.601898,9.3300,9.4400,9.3000,9.3300,9.2600,14302665,134032431.0000,3,0.937675,1,0.755900,0
2010-06-17,sh.601898,9.4500,9.4700,9.2800,9.3000,9.3300,6152001,57590395.0000,3,0.403322,1,-0.321500,0
2010-06-18,sh.601898,9.2900,9.3300,9.1000,9.1200,9.3000,7619075,70376524.0000,3,0.499502,1,-1.935500,0
2010-06-21,sh.601898,9.1600,9.4700,9.0800,9.3900,9.1200,12361886,115269375.0000,3,0.810438,1,2.960500,0
2010-06-22,sh.601898,9.3900,9.4500,9.3300,9.3500,9.3900,9498892,89189271.0000,3,0.622742,1,-0.426000,0
2010-06-23,sh.601898,9.3000,9.3500,9.1700,9.2300,9.3500,8405506,77798756.0000,3,0.551060,1,-1.283400,0
2010-06-24,sh.601898,9.2400,9.3000,9.1700,9.2100,9.2300,5190193,47902075.0000,3,0.340266,1,-0.216700,0
2010-06-25,sh.601898,9.2100,9.2100,9.2100,9.2100,9.2100,0,0.0000,3,,0,0.000000,0
2010-06-28,sh.601898,9.1200,9.1800,9.0200,9.0600,9.2100,8001502,72759809.0000,3,0.524574,1,-1.628700,0
2010-06-29,sh.601898,9.0400,9.0900,8.6500,8.6600,9.0600,12455359,110600761.0000,3,0.816566,1,-4.415000,0
2010-06-30,sh.601898,8.6500,8.6600,8.3600,8.3900,8.6600,8898286,75463435.0000,3,0.583367,1,-3.117800,0
2010-07-01,sh.601898,8.4100,8.4700,8.2700,8.2800,8.3900,6383885,53343167.0000,3,0.418524,1,-1.311100,0
2010-07-02,sh.601898,8.2900,8.2900,8.0400,8.2800,8.2800,10601082,86758345.0000,3,0.695001,1,0.000000,0
2010-07-05,sh.601898,8.1700,8.2300,8.0500,8.1700,8.2800,6416307,52256511.0000,3,0.420649,1,-1.328500,0
2010-07-06,sh.601898,8.1700,8.3500,8.1500,8.3500,8.1700,8360927,69245816.0000,3,0.548138,1,2.203200,0
2010-07-07,sh.601898,8.3100,8.5500,8.2900,8.5200,8.3500,12360351,104626934.0000,3,0.810338,1,2.035900,0
2010-07-08,sh.601898,8.5500,8.5800,8.4200,8.4300,8.5200,6230263,52949656.0000,3,0.408453,1,-1.056300,0
2010-07-09,sh.601898,8.4600,8.8700,8.3800,8.7600,8.4300,13979584,121338856.0000,3,0.916494,1,3.914600,0
2010-07-12,sh.601898,8.7500,8.9700,8.7000,8.8500,8.7600,12448772,110008021.0000,3,0.816134,1,1.027400,0
2010-07-13,sh.601898,8.7600,8.7600,8.6100,8.6600,8.8500,7206014,62586467.0000,3,0.472422,1,-2.146900,0
2010-07-14,sh.601898,8.7500,8.8900,8.7100,8.7900,8.6600,9470651,83322593.0000,3,0.620891,1,1.501200,0
2010-07-15,sh.601898,8.6200,8.7500,8.4100,8.4200,8.6400,6479099,55786513.0000,3,0.424766,1,-2.546300,0
2010-07-16,sh.601898,8.4100,8.5300,8.3000,8.5200,8.4200,5590387,47077207.0000,3,0.366503,1,1.187653,0
2010-07-19,sh.601898,8.4100,8.9400,8.3700,8.8800,8.5200,21538982,189376291.0000,3,1.412084,1,4.225400,0
2010-07-20,sh.601898,8.8500,9.2900,8.8300,9.2700,8.8800,28731870,263147886.0000,3,1.883645,1,4.391900,0
2010-07-21,sh.601898,9.2700,9.3100,9.1700,9.2000,9.2700,21811859,201559076.0000,3,1.429973,1,-0.755100,0
2010-07-22,sh.601898,9.1800,9.3100,9.1300,9.2500,9.2000,13369087,123177703.0000,3,0.876470,1,0.543500,0
2010-07-23,sh.601898,9.2900,9.3400,9.2000,9.2900,9.2500,17018487,157731086.0000,3,1.115722,1,0.432400,0
2010-07-26,sh.601898,9.3500,9.4700,9.3000,9.3800,9.2900,17692570,166044084.0000,3,1.159915,1,0.968800,0
2010-07-27,sh.601898,9.3600,9.3800,9.1900,9.3000,9.3800,16088761,149276856.0000,3,1.054770,1,-0.852900,0
2010-07-28,sh.601898,9.3000,10.2300,9.2200,10.0100,9.3000,45109362,437729700.0000,3,2.957344,1,7.634400,0
2010-07-29,sh.601898,10.0000,10.1400,9.8200,10.0200,10.0100,27359669,271993160.0000,3,1.793685,1,0.099900,0
2010-07-30,sh.601898,9.9700,9.9700,9.7300,9.8500,10.0200,15847325,155828252.0000,3,1.038942,1,-1.696600,0
2010-08-02,sh.601898,9.8400,10.1000,9.8400,10.0300,9.8500,17899115,178694963.0000,3,1.173456,1,1.827400,0
2010-08-03,sh.601898,10.0800,10.2700,9.8800,9.8900,10.0300,34703093,351396129.0000,3,2.275115,1,-1.395800,0
2010-08-04,sh.601898,9.8500,9.9500,9.6000,9.8800,9.8900,22314812,217636567.0000,3,1.462947,1,-0.101100,0
2010-08-05,sh.601898,9.8800,9.8800,9.6100,9.6700,9.8800,14662000,142443791.0000,3,0.961232,1,-2.125500,0
2010-08-06,sh.601898,9.6600,9.9600,9.4800,9.9100,9.6700,22165833,216070610.0000,3,1.453180,1,2.481900,0
2010-08-09,sh.601898,9.8900,9.9400,9.7900,9.9400,9.9100,16004371,158128179.0000,3,1.049238,1,0.302700,0
2010-08-10,sh.601898,9.9300,9.9700,9.6000,9.6100,9.9400,16155807,157959343.0000,3,1.059166,1,-3.319900,0
2010-08-11,sh.601898,9.5800,9.6900,9.5000,9.5900,9.6100,10055912,96409042.0000,3,0.659260,1,-0.208100,0
2010-08-12,sh.601898,9.5000,9.5800,9.4100,9.4400,9.5900,10782455,102244396.0000,3,0.706892,1,-1.564100,0
2010-08-13,sh.601898,9.4300,9.6400,9.4000,9.6000,9.4400,9638099,91661642.0000,3,0.631868,1,1.694900,0
2010-08-16,sh.601898,9.5900,9.9400,9.5200,9.8800,9.6000,19705076,192944005.0000,3,1.291854,1,2.916700,0
2010-08-17,sh.601898,9.8800,10.1200,9.8700,10.0400,9.8800,26732802,267834697.0000,3,1.752587,1,1.619400,0
2010-08-18,sh.601898,10.0800,10.0900,9.8800,9.9700,10.0400,14416605,143809102.0000,3,0.945145,1,-0.697200,0
2010-08-19,sh.601898,10.0000,10.3700,10.0000,10.2600,9.9700,39299897,402462246.0000,3,2.576479,1,2.908700,0
2010-08-20,sh.601898,10.1500,10.2100,9.8900,9.9200,10.2600,23804370,238420291.0000,3,1.560601,1,-3.313800,0
2010-08-23,sh.601898,9.9100,9.9800,9.7800,9.8100,9.9200,12301139,121402885.0000,3,0.806456,1,-1.108900,0
2010-08-24,sh.601898,9.8000,9.9700,9.6700,9.8500,9.8100,13403562,131584219.0000,3,0.878730,1,0.407700,0
2010-08-25,sh.601898,9.7500,9.8400,9.6000,9.6300,9.8500,12129072,117625583.0000,3,0.795175,1,-2.233500,0
2010-08-26,sh.601898,9.7400,9.9800,9.7200,9.7700,9.6300,16601341,163496138.0000,3,1.088375,1,1.453800,0
2010-08-27,sh.601898,9.7600,9.7600,9.6100,9.7200,9.7700,8046862,77829982.0000,3,0.527548,1,-0.511800,0
2010-08-30,sh.601898,9.8000,9.9300,9.7800,9.9100,9.7200,14129334,139627538.0000,3,0.926311,1,1.954700,0
2010-08-31,sh.601898,9.8700,9.8700,9.6900,9.8000,9.9100,14475880,141153894.0000,3,0.949031,1,-1.110000,0
2010-09-01,sh.601898,9.7900,9.8800,9.6300,9.6700,9.8000,16335683,159376854.0000,3,1.070958,1,-1.326500,0
2010-09-02,sh.601898,9.8000,9.8800,9.7100,9.7700,9.6700,14646271,143398129.0000,3,0.960201,1,1.034100,0
2010-09-03,sh.601898,9.7700,9.7700,9.7700,9.7700,9.7700,0,0.0000,3,,0,0.000000,0
2010-09-06,sh.601898,9.8100,10.1000,9.8000,10.0800,9.7700,31332353,312409996.0000,3,2.054131,1,3.173000,0
2010-09-07,sh.601898,10.1000,10.2400,10.0000,10.0900,10.0800,21491491,217297393.0000,3,1.408970,1,0.099200,0
2010-09-08,sh.601898,10.0100,10.0800,9.8700,10.0600,10.0900,17325046,172546616.0000,3,1.135820,1,-0.297321,0
2010-09-09,sh.601898,10.0900,10.1200,9.8600,9.8800,10.0600,19790728,197834736.0000,3,1.297469,1,-1.789300,0
2010-09-10,sh.601898,9.8600,9.9500,9.5900,9.7600,9.8800,15778702,153510916.0000,3,1.034443,1,-1.214600,0
2010-09-13,sh.601898,9.8000,9.8900,9.6100,9.7900,9.7600,16256281,158220193.0000,3,1.065753,1,0.307400,0
2010-09-14,sh.601898,9.8200,9.8500,9.6800,9.7000,9.7900,11685250,113853697.0000,3,0.766078,1,-0.919300,0
2010-09-15,sh.601898,9.6700,9.7200,9.5700,9.5900,9.7000,12517358,120394791.0000,3,0.820631,1,-1.134000,0
2010-09-16,sh.601898,9.5600,9.6300,9.2800,9.3400,9.5900,12867637,121681195.0000,3,0.843595,1,-2.606900,0
2010-09-17,sh.601898,9.3800,9.4600,9.3200,9.3700,9.3400,7614750,71438772.0000,3,0.499219,1,0.321200,0
2010-09-20,sh.601898,9.3700,9.4600,9.2000,9.3400,9.3700,9457629,88428620.0000,3,0.620037,1,-0.320200,0
2010-09-21,sh.601898,9.3500,9.4500,9.3300,9.3900,9.3400,4336207,40700076.0000,3,0.284279,1,0.535300,0
2010-09-27,sh.601898,9.4300,9.6500,9.3800,9.6300,9.3900,10405958,99257375.0000,3,0.682209,1,2.555900,0
2010-09-28,sh.601898,9.5500,9.5900,9.4500,9.4800,9.6300,6930594,65964224.0000,3,0.454366,1,-1.557600,0
2010-09-29,sh.601898,9.4800,9.9700,9.4000,9.6900,9.4800,17494713,170147075.0000,3,1.146944,1,2.215200,0
2010-09-30,sh.601898,9.6200,9.9600,9.6200,9.9200,9.6900,23128879,227880628.0000,3,1.516316,1,2.373600,0
2010-10-08,sh.601898,10.1500,10.8700,10.0700,10.7700,9.9200,78701391,834400180.0000,3,5.159619,1,8.568500,0
2010-10-11,sh.601898,10.9500,11.7900,10.9500,11.4800,10.7700,121688501,1396702929.0000,3,7.977830,1,6.592400,0
2010-10-12,sh.601898,11.4500,12.2800,11.1700,11.9600,11.4800,90884826,1069399436.0000,3,5.958358,1,4.181200,0
2010-10-13,sh.601898,11.7600,12.1500,11.5600,11.7700,11.9600,68169166,807278875.0000,3,4.469132,1,-1.588600,0
2010-10-14,sh.601898,11.8900,12.1800,11.6000,11.9100,11.7700,78180284,932599471.0000,3,5.125455,1,1.189500,0
2010-10-15,sh.601898,11.8000,12.6500,11.6900,12.4500,11.9100,103775343,1264906331.0000,3,6.803453,1,4.534000,0
2010-10-18,sh.601898,12.5000,12.5600,11.8900,12.0900,12.4500,80980101,987286523.0000,3,5.309010,1,-2.891600,0
2010-10-19,sh.601898,12.0400,12.4600,11.8400,12.4000,12.0900,67636805,826867618.0000,3,4.434231,1,2.564100,0
2010-10-20,sh.601898,11.9600,13.3000,11.8400,12.8900,12.4000,116558893,1468822143.0000,3,7.641535,1,3.951600,0
2010-10-21,sh.601898,12.9500,13.0500,12.4700,12.6300,12.8900,65797430,834681755.0000,3,4.313643,1,-2.017100,0
2010-10-22,sh.601898,12.7100,13.2600,12.6000,12.8200,12.6300,95341481,1229171499.0000,3,6.250534,1,1.504400,0
2010-10-25,sh.601898,12.9100,13.2200,12.5000,13.1400,12.8200,94938616,1230131929.0000,3,6.224122,1,2.496100,0
2010-10-26,sh.601898,13.2000,13.2900,12.7600,12.9400,13.1400,62009298,807308897.0000,3,4.065295,1,-1.522100,0
2010-10-27,sh.601898,12.9200,12.9200,12.4700,12.4800,12.9400,49854236,631282079.0000,3,3.268416,1,-3.554900,0
2010-10-28,sh.601898,12.4200,12.6500,12.3000,12.4900,12.4800,38962994,485184179.0000,3,2.554392,1,0.080100,0
2010-10-29,sh.601898,12.4900,12.5500,12.2900,12.3300,12.4900,27238335,337105085.0000,3,1.785730,1,-1.281000,0
2010-11-01,sh.601898,12.3300,13.1000,12.3000,13.0700,12.3300,72590430,927975833.0000,3,4.758988,1,6.001600,0
2010-11-02,sh.601898,13.1000,13.3700,12.7500,12.8800,13.0700,83149280,1081156187.0000,3,5.451220,1,-1.453700,0
2010-11-03,sh.601898,12.8600,13.0000,12.4300,12.6500,12.8800,40987742,521259645.0000,3,2.687133,1,-1.785700,0
2010-11-04,sh.601898,12.6500,12.9400,12.6300,12.7700,12.6500,41248785,526586383.0000,3,2.704247,1,0.948600,0
2010-11-05,sh.601898,13.0700,13.1900,12.7500,12.8800,12.7700,47181266,608827440.0000,3,3.093177,1,0.861400,0
2010-11-08,sh.601898,12.8800,12.8900,12.6300,12.8200,12.8800,34732018,442923453.0000,3,2.277012,1,-0.465800,0
2010-11-09,sh.601898,12.8500,12.9300,12.6500,12.9000,12.8200,45045389,577228973.0000,3,2.953150,1,0.624000,0
2010-11-10,sh.601898,12.8900,12.8900,12.5700,12.7000,12.9000,32015165,406215445.0000,3,2.098896,1,-1.550400,0
2010-11-11,sh.601898,12.6500,13.2900,12.6300,12.8700,12.7000,103123111,1348158880.0000,3,6.760693,1,1.338600,0
2010-11-12,sh.601898,12.7400,13.0800,11.8900,11.9600,12.8700,69898024,878292271.0000,3,4.582475,1,-7.070700,0
2010-11-15,sh.601898,12.0000,12.1000,11.4900,11.9300,11.9600,39123976,461024693.0000,3,2.564946,1,-0.250800,0
2010-11-16,sh.601898,11.8400,12.2900,11.2900,11.4800,11.9300,46290901,541107288.0000,3,3.034805,1,-3.772000,0
2010-11-17,sh.601898,11.1800,11.4300,10.9800,11.0800,11.4800,31581920,352483792.0000,3,2.070493,1,-3.484300,0
2010-11-18,sh.601898,11.1800,11.3900,11.0700,11.3000,11.0800,26101787,293650910.0000,3,1.711218,1,1.985600,0
2010-11-19,sh.601898,11.3800,11.3900,10.6600,11.1200,11.3000,61132036,668726654.0000,3,4.007782,1,-1.592900,0
2010-11-22,sh.601898,10.9900,11.0600,10.8200,10.8900,11.1200,30528909,333771293.0000,3,2.001458,1,-2.068300,0
2010-11-23,sh.601898,10.8800,10.8800,10.3500,10.7200,10.8900,32273771,342183089.0000,3,2.115850,1,-1.561100,0
2010-11-24,sh.601898,10.5900,10.9300,10.5100,10.8900,10.7200,28131442,304821302.0000,3,1.844282,1,1.585800,0
2010-11-25,sh.601898,11.0000,11.0500,10.8000,11.0200,10.8900,30411701,332657690.0000,3,1.993774,1,1.193800,0
2010-11-26,sh.601898,10.9800,11.3400,10.8800,11.0800,11.0200,42672313,474627725.0000,3,2.797573,1,0.544500,0
2010-11-29,sh.601898,11.0000,11.0000,10.6900,10.8100,11.0800,23329132,251896600.0000,3,1.529445,1,-2.436800,0
2010-11-30,sh.601898,10.8000,10.9300,10.3700,10.5900,10.8100,25668756,272675494.0000,3,1.682829,1,-2.035200,0
2010-12-01,sh.601898,10.5900,10.6400,10.5000,10.5700,10.5900,12079885,127731962.0000,3,0.791950,1,-0.188900,0
2010-12-02,sh.601898,10.8800,10.8900,10.5900,10.6200,10.5700,25848923,277719271.0000,3,1.694641,1,0.473000,0
2010-12-03,sh.601898,10.6500,10.6800,10.5000,10.6000,10.6200,13075210,138105004.0000,3,0.857203,1,-0.188300,0
2010-12-06,sh.601898,10.6800,10.7300,10.5400,10.6400,10.6000,14976538,159363911.0000,3,0.981853,1,0.377400,0
2010-12-07,sh.601898,10.6000,10.8900,10.3800,10.8000,10.6400,22115803,235287242.0000,3,1.449900,1,1.503800,0
2010-12-08,sh.601898,10.7800,10.8500,10.5800,10.6100,10.8000,20446385,218874130.0000,3,1.340454,1,-1.759300,0
2010-12-09,sh.601898,10.5000,10.6500,10.4200,10.4300,10.6100,13048831,137196626.0000,3,0.855474,1,-1.696500,0
2010-12-10,sh.601898,10.3800,10.6800,10.3800,10.6100,10.4300,12002053,126465579.0000,3,0.786848,1,1.725800,0
2010-12-13,sh.601898,10.6700,11.0200,10.6400,11.0100,10.6100,30938950,336046060.0000,3,2.028340,1,3.770000,0
2010-12-14,sh.601898,11.0800,11.1000,10.9000,10.9800,11.0100,22333081,245178286.0000,3,1.464144,1,-0.272500,0
2010-12-15,sh.601898,10.9500,11.4400,10.9200,11.1800,10.9800,45576154,511755435.0000,3,2.987947,1,1.821500,0
2010-12-16,sh.601898,11.2400,11.5600,11.1900,11.2700,11.1800,35290200,402596244.0000,3,2.313606,1,0.805000,0
2010-12-17,sh.601898,11.2400,11.2500,11.0700,11.2000,11.2700,13608710,151601209.0000,3,0.892179,1,-0.621100,0
2010-12-20,sh.601898,11.3000,11.3700,10.7100,11.0100,11.2000,21271974,235501550.0000,3,1.394579,1,-1.696400,0
2010-12-21,sh.601898,11.0600,11.5000,11.0600,11.4200,11.0100,35294155,400970025.0000,3,2.313865,1,3.723900,0
2010-12-22,sh.601898,11.4500,11.5200,11.1600,11.2400,11.4200,19735640,223893558.0000,3,1.293857,1,-1.576200,0
2010-12-23,sh.601898,11.2400,11.2400,11.2400,11.2400,11.2400,0,0.0000,3,,0,0.000000,0
2010-12-24,sh.601898,11.0000,11.1500,10.8600,11.0100,11.2400,14185905,155918862.0000,3,0.930020,1,-2.046300,0
2010-12-27,sh.601898,10.9600,11.5000,10.9000,11.0300,11.0100,34705106,391973807.0000,3,2.275247,1,0.181700,0
2010-12-28,sh.601898,10.9500,10.9500,10.6100,10.6500,11.0300,18380544,197132772.0000,3,1.205018,1,-3.445100,0
2010-12-29,sh.601898,10.7000,10.7900,10.4000,10.5100,10.6500,15930511,167362602.0000,3,1.044395,1,-1.314600,0
2010-12-30,sh.601898,10.5600,10.6200,10.3400,10.5500,10.5100,14569170,152728738.0000,3,0.955147,1,0.380600,0
2010-12-31,sh.601898,10.5600,10.8800,10.5500,10.8600,10.5500,19554759,210128670.0000,3,1.281999,1,2.938400,0
2011-01-04,sh.601898,11.1100,11.4000,11.0300,11.0700,10.8600,33816039,377975655.0000,3,2.216961,1,1.933700,0
2011-01-05,sh.601898,11.0300,11.1900,10.9000,11.1800,11.0700,23428176,259496224.0000,3,1.535938,1,0.993700,0
2011-01-06,sh.601898,11.2800,11.2800,11.0000,11.1000,11.1800,16038507,178186515.0000,3,1.051476,1,-0.715600,0
2011-01-07,sh.601898,11.1000,11.1600,10.9000,10.9900,11.1000,18360831,202759994.0000,3,1.203726,1,-0.991000,0
2011-01-10,sh.601898,10.9600,11.0900,10.8000,10.8300,10.9900,12382456,135527609.0000,3,0.811787,1,-1.455900,0
2011-01-11,sh.601898,10.7500,10.9000,10.7000,10.8900,10.8300,10040540,108392445.0000,3,0.658252,1,0.554000,0
2011-01-12,sh.601898,10.9500,11.0800,10.8000,10.9900,10.8900,20457529,224126579.0000,3,1.341184,1,0.918300,0
2011-01-13,sh.601898,11.0600,11.0800,10.8300,10.9400,10.9900,10008357,109800785.0000,3,0.656142,1,-0.455000,0
2011-01-14,sh.601898,10.8500,10.9400,10.5800,10.6000,10.9400,17355568,185924432.0000,3,1.137821,1,-3.107900,0
2011-01-17,sh.601898,10.5100,10.6300,10.1500,10.1700,10.6000,18013564,186440443.0000,3,1.180959,1,-4.056600,0
2011-01-18,sh.601898,10.1600,10.2000,9.9900,10.1600,10.1700,12165033,122625400.0000,3,0.797533,1,-0.098300,0
2011-01-19,sh.601898,10.2000,10.4100,10.1100,10.3800,10.1600,12474360,128207981.0000,3,0.817812,1,2.165400,0
2011-01-20,sh.601898,10.3000,10.3300,9.9600,9.9700,10.3800,14507572,146524476.0000,3,0.951108,1,-3.949900,0
2011-01-21,sh.601898,9.9800,10.2100,9.9200,10.0800,9.9700,14010396,141058890.0000,3,0.918514,1,1.103300,0
2011-01-24,sh.601898,10.1100,10.1500,9.9600,10.0100,10.0800,9486075,95273426.0000,3,0.621902,1,-0.694400,0
2011-01-25,sh.601898,10.0000,10.0800,9.9500,10.0400,10.0100,5957075,59734681.0000,3,0.390542,1,0.299700,0
2011-01-26,sh.601898,10.0300,10.1200,10.0100,10.1000,10.0400,7694541,77480345.0000,3,0.504450,1,0.597600,0
2011-01-27,sh.601898,10.0500,10.3200,10.0000,10.2500,10.1000,18138697,184784647.0000,3,1.189163,1,1.485100,0
2011-01-28,sh.601898,10.2200,10.2400,10.1200,10.1800,10.2500,10598137,107858841.0000,3,0.694808,1,-0.682900,0
2011-01-31,sh.601898,10.1700,10.3400,10.1200,10.3100,10.1800,12964523,132966074.0000,3,0.849947,1,1.277000,0
2011-02-01,sh.601898,10.3500,10.4600,10.2700,10.3200,10.3100,11883727,123070149.0000,3,0.131939,1,0.097000,0
2011-02-09,sh.601898,10.2000,10.2900,10.0400,10.0600,10.3200,11343683,115151538.0000,3,0.125943,1,-2.519400,0
2011-02-10,sh.601898,10.0600,10.2700,10.0200,10.2400,10.0600,12024039,122089219.0000,3,0.133497,1,1.789300,0
2011-02-11,sh.601898,10.2600,10.2900,10.1700,10.2400,10.2400,12787746,130816501.0000,3,0.141976,1,0.000000,0
2011-02-14,sh.601898,10.2400,10.6400,10.2400,10.6100,10.2400,31427436,329984800.0000,3,0.348923,1,3.613300,0
2011-02-15,sh.601898,10.6000,10.8300,10.5200,10.6100,10.6100,30364280,323847551.0000,3,0.337120,1,0.000000,0
2011-02-16,sh.601898,10.5900,10.8000,10.5500,10.7600,10.6100,21150737,226233384.0000,3,0.234826,1,1.413800,0
2011-02-17,sh.601898,10.7700,10.8500,10.6100,10.7000,10.7600,19788264,211966674.0000,3,0.219699,1,-0.557600,0
2011-02-18,sh.601898,10.7000,10.7600,10.5000,10.5300,10.7000,15898704,167967584.0000,3,0.176515,1,-1.588800,0
2011-02-21,sh.601898,10.5000,10.6900,10.4700,10.6700,10.5300,18145947,192385835.0000,3,0.201465,1,1.329500,0
2011-02-22,sh.601898,10.7500,10.8400,10.4300,10.4500,10.6700,25252049,267872129.0000,3,0.280361,1,-2.061900,0
2011-02-23,sh.601898,10.4000,10.5500,10.3300,10.4000,10.4500,15503173,161555076.0000,3,0.172124,1,-0.478500,0
2011-02-24,sh.601898,10.4000,10.7500,10.4000,10.6000,10.4000,20858320,220888040.0000,3,0.231580,1,1.923100,0
2011-02-25,sh.601898,10.6500,10.6600,10.3400,10.5000,10.6000,15960360,167167273.0000,3,0.177200,1,-0.943400,0
2011-02-28,sh.601898,10.5000,10.6900,10.4000,10.6400,10.5000,16819489,177284900.0000,3,0.186738,1,1.333300,0
2011-03-01,sh.601898,10.6400,10.7000,10.5400,10.6300,10.6400,21226855,225385802.0000,3,0.235671,1,-0.093987,0
2011-03-02,sh.601898,10.6000,10.7600,10.5200,10.7300,10.6300,27047566,288193147.0000,3,0.300296,1,0.940700,0
2011-03-03,sh.601898,10.7700,10.8000,10.6000,10.6600,10.7300,26289535,281259913.0000,3,0.291880,1,-0.652400,0
2011-03-04,sh.601898,10.7000,10.8500,10.6000,10.7900,10.6600,35644030,383608175.0000,3,0.395738,1,1.219500,0
2011-03-07,sh.601898,10.9100,11.8700,10.8500,11.8700,10.7900,141251229,1630659746.0000,3,1.568242,1,10.009300,0
2011-03-08,sh.601898,11.9500,11.9800,11.4300,11.6000,11.8700,97957093,1142266025.0000,3,1.087569,1,-2.274600,0
2011-03-09,sh.601898,11.6100,11.6100,11.3800,11.5000,11.6000,38793051,444891731.0000,3,0.430700,1,-0.862100,0
2011-03-10,sh.601898,11.4500,11.4600,11.1100,11.1600,11.5000,40738549,457354337.0000,3,0.452300,1,-2.956500,0
2011-03-11,sh.601898,11.0900,11.3400,11.0800,11.1200,11.1600,33956541,380184612.0000,3,0.377003,1,-0.358400,0
2011-03-14,sh.601898,11.0600,11.2600,10.9900,11.1900,11.1200,25162998,280263794.0000,3,0.279372,1,0.629500,0
2011-03-15,sh.601898,11.1300,11.1300,10.7200,10.8700,11.1900,35437339,384877959.0000,3,0.393443,1,-2.859700,0
2011-03-16,sh.601898,10.8600,11.2600,10.8600,11.1600,10.8700,32896290,365383398.0000,3,0.365231,1,2.667900,0
2011-03-17,sh.601898,11.0800,11.5500,10.9600,11.2100,11.1600,53139019,602326296.0000,3,0.589976,1,0.448000,0
2011-03-18,sh.601898,11.4500,11.5000,11.1600,11.2000,11.2100,32116406,362600170.0000,3,0.356573,1,-0.089200,0
2011-03-21,sh.601898,11.2000,11.4300,11.1600,11.2500,11.2000,26454626,298689718.0000,3,0.293713,1,0.446400,0
2011-03-22,sh.601898,11.2900,11.3500,11.0700,11.2900,11.2500,21865626,245808890.0000,3,0.242763,1,0.355600,0
2011-03-23,sh.601898,11.1800,11.2900,10.9800,11.1300,11.2900,72538494,806348166.0000,3,0.805359,1,-1.417200,0
2011-03-24,sh.601898,11.0700,11.1100,10.8000,10.8400,11.1300,56183561,612901895.0000,3,0.623778,1,-2.605600,0
2011-03-25,sh.601898,10.8400,10.9600,10.7600,10.9000,10.8400,36170504,393710457.0000,3,0.401583,1,0.553500,0
2011-03-28,sh.601898,10.9100,11.2300,10.9100,10.9900,10.9000,46349953,513446526.0000,3,0.514601,1,0.825700,0
2011-03-29,sh.601898,10.9500,11.0900,10.8100,10.8600,10.9900,31648592,345463171.0000,3,0.351379,1,-1.182900,0
2011-03-30,sh.601898,10.8500,10.9200,10.7000,10.7800,10.8600,23846601,257579353.0000,3,0.264757,1,-0.736600,0
2011-03-31,sh.601898,10.7800,10.9200,10.7200,10.7900,10.7800,16616339,179537930.0000,3,0.184483,1,0.092800,0
2011-04-01,sh.601898,10.8600,11.0900,10.7600,11.0400,10.7900,27978423,305983749.0000,3,0.310631,1,2.317000,0
2011-04-06,sh.601898,10.9500,11.1400,10.9000,11.0800,11.0400,36402371,401905947.0000,3,0.404157,1,0.362300,0
2011-04-07,sh.601898,11.1100,11.1600,11.0000,11.0600,11.0800,23995630,265535685.0000,3,0.266412,1,-0.180500,0
2011-04-08,sh.601898,11.0700,11.1800,11.0500,11.1300,11.0600,29671507,330086057.0000,3,0.329428,1,0.632900,0
2011-04-11,sh.601898,11.2100,11.4400,11.1600,11.2200,11.1300,60662384,686647299.0000,3,0.673504,1,0.808600,0
2011-04-12,sh.601898,11.1000,11.3000,11.0500,11.2500,11.2200,41047293,458672431.0000,3,0.455728,1,0.267400,0
2011-04-13,sh.601898,11.1700,11.3600,11.0700,11.3600,11.2500,41274027,463467287.0000,3,0.458245,1,0.977800,0
2011-04-14,sh.601898,11.3400,11.3500,11.1300,11.1700,11.3600,27341703,306913820.0000,3,0.303561,1,-1.672500,0
2011-04-15,sh.601898,11.1700,11.3100,11.0600,11.1600,11.1700,23388227,260803750.0000,3,0.259668,1,-0.089500,0
2011-04-18,sh.601898,11.1700,11.2400,11.0700,11.1300,11.1600,25612618,285452461.0000,3,0.284364,1,-0.268800,0
2011-04-19,sh.601898,11.0300,11.0500,10.8100,10.8300,11.1300,28950147,315666603.0000,3,0.321419,1,-2.695400,0
2011-04-20,sh.601898,10.9100,10.9400,10.8300,10.8600,10.8300,15540271,169061341.0000,3,0.172536,1,0.277000,0
2011-04-21,sh.601898,10.9800,11.1100,10.8900,10.9500,10.8600,24097283,264761716.0000,3,0.267540,1,0.828700,0
2011-04-22,sh.601898,10.9400,10.9800,10.8400,10.8800,10.9500,14396235,156775078.0000,3,0.159834,1,-0.639300,0
2011-04-25,sh.601898,10.8300,10.9800,10.6500,10.6800,10.8800,18397029,198633207.0000,3,0.204253,1,-1.838200,0
2011-04-26,sh.601898,10.6700,10.8000,10.5600,10.6100,10.6800,15859698,168690874.0000,3,0.176082,1,-0.655400,0
2011-04-27,sh.601898,10.6300,10.7200,10.5000,10.5400,10.6100,13857713,147117340.0000,3,0.153855,1,-0.659800,0
2011-04-28,sh.601898,10.6800,10.7200,10.5000,10.5300,10.5400,17457710,185219093.0000,3,0.193824,1,-0.094900,0
2011-04-29,sh.601898,10.5500,10.7600,10.5300,10.7300,10.5300,14103698,150346176.0000,3,0.156586,1,1.899300,0
2011-05-03,sh.601898,10.7000,10.7200,10.5800,10.7000,10.7300,11140390,118661661.0000,3,0.123686,1,-0.279600,0
2011-05-04,sh.601898,10.6300,10.6600,10.3300,10.3400,10.7000,17530664,183581871.0000,3,0.194634,1,-3.364500,0
2011-05-05,sh.601898,10.3000,10.4000,10.2100,10.2900,10.3400,10231789,105352346.0000,3,0.113598,1,-0.483600,0
2011-05-06,sh.601898,10.1400,10.2200,10.0700,10.1500,10.2900,12915159,130852910.0000,3,0.143391,1,-1.360500,0
2011-05-09,sh.601898,10.2000,10.3100,10.1600,10.2200,10.1500,7611748,77810881.0000,3,0.084509,1,0.689700,0
2011-05-10,sh.601898,10.2500,10.3500,10.2500,10.3200,10.2200,11304569,116548737.0000,3,0.125509,1,0.978500,0
2011-05-11,sh.601898,10.3400,10.3500,10.1800,10.2200,10.3200,11309005,115922838.0000,3,0.125558,1,-0.969000,0
2011-05-12,sh.601898,10.1300,10.1900,9.9900,10.0100,10.2200,13566101,136779008.0000,3,0.150618,1,-2.054800,0
2011-05-13,sh.601898,10.0100,10.1700,10.0100,10.1600,10.0100,8423308,85023442.0000,3,0.093520,1,1.498500,0
2011-05-16,sh.601898,10.1800,10.1900,10.0600,10.0800,10.1600,6770041,68536928.0000,3,0.075164,1,-0.787400,0
2011-05-17,sh.601898,10.0800,10.5200,10.0600,10.2900,10.0800,18206536,188024206.0000,3,0.202138,1,2.083300,0
2011-05-18,sh.601898,10.1600,10.4200,10.1600,10.3100,10.2900,10990023,113267965.0000,3,0.122017,1,0.194400,0
2011-05-19,sh.601898,10.3800,10.4000,10.2000,10.2300,10.3100,7133802,73319043.0000,3,0.079203,1,-0.775900,0
2011-05-20,sh.601898,10.2400,10.3000,10.2000,10.2100,10.2300,5400065,55272406.0000,3,0.059954,1,-0.195500,0
2011-05-23,sh.601898,10.2000,10.2000,9.8900,9.9100,10.2100,14195171,142256797.0000,3,0.157602,1,-2.938300,0
2011-05-24,sh.601898,9.9100,10.0300,9.9000,9.9800,9.9100,9962266,99193930.0000,3,0.110606,1,0.706400,0
2011-05-25,sh.601898,10.0000,10.0400,9.8800,9.9000,9.9800,8688653,86485796.0000,3,0.096466,1,-0.801600,0
2011-05-26,sh.601898,9.9800,10.0200,9.8900,9.9000,9.9000,7210375,71684032.0000,3,0.080053,1,0.000000,0
2011-05-27,sh.601898,9.9000,9.9000,9.9000,9.9000,9.9000,0,0.0000,3,,0,0.000000,0
2011-05-30,sh.601898,9.9800,10.0500,9.6800,9.7300,9.9000,11698605,115539848.0000,3,0.129884,1,-1.717200,0
2011-05-31,sh.601898,9.7100,9.9600,9.7100,9.9200,9.7300,9692306,95141349.0000,3,0.107609,1,1.952700,0
2011-06-01,sh.601898,9.9000,9.9900,9.8500,9.9700,9.9200,9223524,91699558.0000,3,0.102404,1,0.504000,0
2011-06-02,sh.601898,9.8700,9.9500,9.7000,9.8100,9.9700,10127445,99264810.0000,3,0.112440,1,-1.604800,0
2011-06-03,sh.601898,9.8000,9.9000,9.7600,9.8500,9.8100,7124137,70113883.0000,3,0.079096,1,0.407700,0
2011-06-07,sh.601898,9.8200,9.9600,9.7800,9.9500,9.8500,6907827,68065920.0000,3,0.076694,1,1.015200,0
2011-06-08,sh.601898,9.9000,9.9700,9.8200,9.9400,9.9500,8432834,83557218.0000,3,0.093626,1,-0.100500,0
2011-06-09,sh.601898,9.9400,9.9900,9.8000,9.8200,9.9400,7376295,73021165.0000,3,0.081895,1,-1.207200,0
2011-06-10,sh.601898,9.8200,9.8700,9.6500,9.8100,9.8200,9255260,90323355.0000,3,0.102757,1,-0.101800,0
2011-06-13,sh.601898,9.6200,9.6300,9.5100,9.5900,9.6500,5334982,51006455.0000,3,0.059232,1,-0.621800,0
2011-06-14,sh.601898,9.6000,9.7100,9.5400,9.7000,9.5900,12730298,122864229.0000,3,0.141338,1,1.147000,0
2011-06-15,sh.601898,9.6600,9.7300,9.5700,9.6000,9.7000,11617907,112007107.0000,3,0.128988,1,-1.030900,0
2011-06-16,sh.601898,9.5300,9.5500,9.3600,9.3800,9.6000,10101086,95348641.0000,3,0.112147,1,-2.291700,0
2011-06-17,sh.601898,9.3800,9.4600,9.2800,9.2900,9.3800,7077142,66461496.0000,3,0.078574,1,-0.959500,0
2011-06-20,sh.601898,9.3500,9.3500,9.1700,9.2100,9.2900,7451363,68817466.0000,3,0.082729,1,-0.861100,0
2011-06-21,sh.601898,9.2800,9.6800,9.2000,9.6100,9.2100,20390309,193191325.0000,3,0.226383,1,4.343100,0
2011-06-22,sh.601898,9.5600,9.6300,9.5000,9.5600,9.6100,11512607,110324334.0000,3,0.127819,1,-0.520300,0
2011-06-23,sh.601898,9.5400,9.7100,9.4600,9.6800,9.5600,9842056,94691888.0000,3,0.109271,1,1.255200,0
2011-06-24,sh.601898,9.6100,10.0100,9.6000,9.8800,9.6800,21281640,209971975.0000,3,0.236279,1,2.066100,0
2011-06-27,sh.601898,9.8500,10.0000,9.8000,9.9200,9.8800,14078452,139390658.0000,3,0.156306,1,0.404900,0
2011-06-28,sh.601898,9.9600,9.9700,9.7700,9.8500,9.9200,8442909,83154915.0000,3,0.093737,1,-0.705600,0
2011-06-29,sh.601898,9.8600,9.8800,9.7000,9.7100,9.8500,9873052,96438336.0000,3,0.109616,1,-1.421300,0
2011-06-30,sh.601898,9.7400,10.0600,9.7000,10.0000,9.7100,23832697,236906222.0000,3,0.264603,1,2.986600,0
2011-07-01,sh.601898,10.0000,10.3300,9.9500,10.1800,10.0000,31520917,321320234.0000,3,0.349961,1,1.800000,0
2011-07-04,sh.601898,10.2800,10.4000,10.1900,10.2800,10.1800,24565921,253079706.0000,3,0.272743,1,0.982300,0
2011-07-05,sh.601898,10.2700,10.2700,10.1500,10.2400,10.2800,12620087,128836385.0000,3,0.140115,1,-0.389100,0
2011-07-06,sh.601898,10.2200,10.3400,10.1400,10.2100,10.2400,13413764,137202678.0000,3,0.148926,1,-0.293000,0
2011-07-07,sh.601898,10.2000,10.3500,10.1500,10.2300,10.2100,12380593,126779848.0000,3,0.137456,1,0.195900,0
2011-07-08,sh.601898,10.2700,10.2800,10.1700,10.1900,10.2300,7832851,79958632.0000,3,0.086964,1,-0.391006,0
2011-07-11,sh.601898,10.1300,10.1900,10.0700,10.0900,10.1900,10607566,107350324.0000,3,0.117771,1,-0.981400,0
2011-07-12,sh.601898,10.0300,10.1000,9.9000,9.9100,10.0900,13323020,133446790.0000,3,0.147919,1,-1.783900,0
2011-07-13,sh.601898,9.9800,10.3500,9.9200,10.2700,9.9100,27076998,276742806.0000,3,0.300622,1,3.632700,0
2011-07-14,sh.601898,10.3700,10.8700,10.3700,10.5500,10.2700,38054664,402590467.0000,3,0.422502,1,2.726400,0
2011-07-15,sh.601898,10.5000,10.7600,10.5000,10.5800,10.5500,27083267,288348248.0000,3,0.300692,1,0.284400,0
2011-07-18,sh.601898,10.6100,11.0400,10.6100,10.7600,10.5800,36024565,391417400.0000,3,0.399963,1,1.701300,0
2011-07-19,sh.601898,10.6800,11.2700,10.6700,11.0900,10.7600,71560998,793535218.0000,3,0.794506,1,3.066900,0
2011-07-20,sh.601898,11.1000,11.1200,10.8400,11.0000,11.0900,29900941,328814614.0000,3,0.331975,1,-0.811500,0
2011-07-21,sh.601898,11.0000,11.0400,10.6700,10.8000,11.0000,21969545,237072312.0000,3,0.243917,1,-1.818200,0
2011-07-22,sh.601898,10.8100,10.9100,10.7000,10.8600,10.8000,19549208,211216096.0000,3,0.217045,1,0.555600,0
2011-07-25,sh.601898,10.7600,11.0300,10.6800,10.7800,10.8600,37021807,402192692.0000,3,0.411035,1,-0.736600,0
2011-07-26,sh.601898,10.7000,10.9000,10.4000,10.7100,10.7800,23870245,253985801.0000,3,0.265019,1,-0.649400,0
2011-07-27,sh.601898,10.5500,10.8400,10.5400,10.7400,10.7100,17672003,188965573.0000,3,0.196203,1,0.280100,0
2011-07-28,sh.601898,10.6300,11.0000,10.5900,10.9000,10.7400,24230553,262091335.0000,3,0.269020,1,1.489800,0
2011-07-29,sh.601898,10.8600,10.9300,10.5800,10.6700,10.9000,15307441,165044896.0000,3,0.169951,1,-2.110100,0
2011-08-01,sh.601898,10.6600,10.9700,10.5500,10.8300,10.6700,17111494,185609653.0000,3,0.189980,1,1.499500,0
2011-08-02,sh.601898,10.7400,10.9600,10.6100,10.9100,10.8300,14597145,157257719.0000,3,0.162065,1,0.738700,0
2011-08-03,sh.601898,10.7800,11.0000,10.7300,10.7400,10.9100,13934111,151464312.0000,3,0.154704,1,-1.558200,0
2011-08-04,sh.601898,10.7400,10.9100,10.5600,10.7500,10.7400,14951450,160156366.0000,3,0.165999,1,0.093100,0
2011-08-05,sh.601898,10.3900,10.6000,10.2800,10.2900,10.7500,19258211,200196482.0000,3,0.213814,1,-4.279100,0
2011-08-08,sh.601898,10.0900,10.2800,9.5100,9.7700,10.2900,23266361,230011829.0000,3,0.258315,1,-5.053500,0
2011-08-09,sh.601898,9.4800,9.7800,9.3400,9.7100,9.7700,18910315,181319463.0000,3,0.209952,1,-0.614100,0
2011-08-10,sh.601898,9.8400,9.9700,9.7200,9.7700,9.7100,13763792,135880688.0000,3,0.152813,1,0.617900,0
2011-08-11,sh.601898,9.6200,9.9300,9.5800,9.8800,9.7700,17025921,166765821.0000,3,0.189030,1,1.125900,0
2011-08-12,sh.601898,10.0000,10.1300,9.9200,9.9500,9.8800,13965131,139896603.0000,3,0.155048,1,0.708500,0
2011-08-15,sh.601898,9.9600,10.0700,9.8300,9.9900,9.9500,10602981,105301668.0000,3,0.117720,1,0.402000,0
2011-08-16,sh.601898,10.0000,10.1200,9.9500,9.9900,9.9900,14608678,146168502.0000,3,0.162193,1,0.000000,0
2011-08-17,sh.601898,10.0200,10.1000,9.9300,9.9600,9.9900,13767269,138002422.0000,3,0.152851,1,-0.300300,0
2011-08-18,sh.601898,9.9800,9.9900,9.7800,9.7900,9.9600,10810000,106776671.0000,3,0.120018,1,-1.706800,0
2011-08-19,sh.601898,9.6000,9.7600,9.5100,9.6200,9.7900,13404779,128984883.0000,3,0.148827,1,-1.736500,0
2011-08-22,sh.601898,9.6200,9.7400,9.4100,9.4500,9.6200,10926100,104654744.0000,3,0.121307,1,-1.767200,0
2011-08-23,sh.601898,9.5100,9.6400,9.4400,9.6400,9.4500,7508442,71638956.0000,3,0.083363,1,2.010600,0
2011-08-24,sh.601898,9.7000,9.7600,9.5600,9.6100,9.6400,8168054,79003537.0000,3,0.090686,1,-0.311200,0
2011-08-25,sh.601898,9.7100,10.0900,9.6100,10.0600,9.6100,21266462,211207749.0000,3,0.236111,1,4.682600,0
2011-08-26,sh.601898,9.9300,10.1200,9.9300,10.0800,10.0600,12626083,126452619.0000,3,0.140181,1,0.198802,0
2011-08-29,sh.601898,10.0000,10.0800,9.9000,9.9200,10.0800,9046112,90002517.0000,3,0.100434,1,-1.587300,0
2011-08-30,sh.601898,10.0400,10.1000,9.8700,9.8800,9.9200,13537926,135409195.0000,3,0.150305,1,-0.403200,0
2011-08-31,sh.601898,9.8900,9.9500,9.5900,9.7700,9.8800,22798698,222436060.0000,3,0.253123,1,-1.113400,0
2011-09-01,sh.601898,9.7700,9.8500,9.6000,9.7000,9.7700,8267009,80479399.0000,3,0.091785,1,-0.716500,0
2011-09-02,sh.601898,9.6300,9.7200,9.4900,9.5600,9.7000,7179222,68853659.0000,3,0.079707,1,-1.443300,0
2011-09-05,sh.601898,9.4500,9.5200,9.4100,9.4300,9.5600,7029238,66421581.0000,3,0.078042,1,-1.359800,0
2011-09-06,sh.601898,9.4000,9.5000,9.3600,9.4900,9.4300,7518977,70940865.0000,3,0.083479,1,0.636300,0
2011-09-07,sh.601898,9.5300,9.7200,9.5000,9.7000,9.4900,7899547,75989420.0000,3,0.087705,1,2.212900,0
2011-09-08,sh.601898,9.7400,9.8000,9.5800,9.6000,9.7000,7900670,76735234.0000,3,0.087717,1,-1.030922,0
2011-09-09,sh.601898,9.6500,9.7700,9.4300,9.5200,9.6000,9147944,87391570.0000,3,0.101565,1,-0.833300,0
2011-09-13,sh.601898,9.4100,9.5000,9.3900,9.4600,9.5200,7855399,74129253.0000,3,0.087215,1,-0.630300,0
2011-09-14,sh.601898,9.4900,9.6400,9.4100,9.6400,9.4600,7379167,70217653.0000,3,0.081927,1,1.902700,0
2011-09-15,sh.601898,9.6600,9.7000,9.5300,9.5500,9.6400,6097320,58641943.0000,3,0.067696,1,-0.933600,0
2011-09-16,sh.601898,9.6000,9.7100,9.5500,9.5900,9.5500,5714815,55051575.0000,3,0.063449,1,0.418800,0
2011-09-19,sh.601898,9.4000,9.4000,8.9000,9.0200,9.5900,31309805,284077844.0000,3,0.347617,1,-5.943700,0
2011-09-20,sh.601898,8.9000,8.9700,8.7100,8.9100,9.0200,25357047,223839307.0000,3,0.281527,1,-1.219500,0
2011-09-21,sh.601898,8.9100,9.2000,8.7500,9.1300,8.9100,27788029,252052336.0000,3,0.308517,1,2.469100,0
2011-09-22,sh.601898,9.0100,9.0800,8.8500,8.8900,9.1300,21284511,190236990.0000,3,0.236311,1,-2.628700,0
2011-09-23,sh.601898,8.7200,8.9000,8.6500,8.7600,8.8900,21400504,187269729.0000,3,0.237599,1,-1.462300,0
2011-09-26,sh.601898,8.8000,9.0000,8.7800,8.8600,8.7600,15555186,138101259.0000,3,0.172702,1,1.141600,0
2011-09-27,sh.601898,8.9400,9.1200,8.8800,9.0500,8.8600,16364208,147497697.0000,3,0.181684,1,2.144500,0
2011-09-28,sh.601898,9.1700,9.1700,8.9100,8.9700,9.0500,9619838,86911432.0000,3,0.106804,1,-0.884000,0
2011-09-29,sh.601898,8.9000,9.0900,8.8700,9.0700,8.9700,12813835,115759025.0000,3,0.142266,1,1.114800,0
2011-09-30,sh.601898,9.0600,9.1500,8.9000,8.9500,9.0700,15688643,141381123.0000,3,0.174183,1,-1.323000,0
2011-10-10,sh.601898,9.0000,9.1000,8.9400,9.0100,8.9500,10839131,97788311.0000,3,0.120341,1,0.670400,0
2011-10-11,sh.601898,9.2500,9.3300,8.6900,8.7300,9.0100,24128901,215447038.0000,3,0.267891,1,-3.107700,0
2011-10-12,sh.601898,8.7000,9.0600,8.4800,9.0000,8.7300,19299919,170586477.0000,3,0.214277,1,3.092800,0
2011-10-13,sh.601898,8.9800,9.1100,8.9300,9.0200,9.0000,12765632,115037757.0000,3,0.141730,1,0.222200,0
2011-10-14,sh.601898,9.0300,9.1700,8.9900,9.0600,9.0200,12068015,109530539.0000,3,0.133985,1,0.443500,0
2011-10-17,sh.601898,9.0800,9.2200,9.0600,9.1300,9.0600,12334786,112662081.0000,3,0.136947,1,0.772600,0
2011-10-18,sh.601898,9.0800,9.1000,8.8900,8.9100,9.1300,8074560,72561859.0000,3,0.089648,1,-2.409600,0
2011-10-19,sh.601898,8.9300,9.0600,8.9200,8.9700,8.9100,7129833,64090082.0000,3,0.079159,1,0.673400,0
2011-10-20,sh.601898,8.9600,9.0400,8.5000,8.7100,8.9700,17079251,148127398.0000,3,0.189622,1,-2.898600,0
2011-10-21,sh.601898,8.6600,8.8000,8.6600,8.6900,8.7100,6124340,53459364.0000,3,0.067996,1,-0.229600,0
2011-10-24,sh.601898,8.7000,9.0600,8.6500,9.0000,8.6900,16459711,146057514.0000,3,0.182744,1,3.567300,0
2011-10-25,sh.601898,9.0100,9.3000,8.9200,9.1900,9.0000,21337451,194864566.0000,3,0.236899,1,2.111100,0
2011-10-26,sh.601898,9.1100,9.4500,9.0800,9.2800,9.1900,28795362,268590470.0000,3,0.319701,1,0.979300,0
2011-10-27,sh.601898,9.3400,9.4600,9.2500,9.3500,9.2800,13672138,127796531.0000,3,0.151795,1,0.754300,0
2011-10-28,sh.601898,9.4600,10.0100,9.4600,9.6500,9.3500,55110162,537753997.0000,3,0.611861,1,3.208600,0
2011-10-31,sh.601898,9.6800,9.6800,9.4800,9.6400,9.6500,18622819,178677011.0000,3,0.206760,1,-0.103600,0
2011-11-01,sh.601898,9.5900,9.9400,9.5100,9.7200,9.6400,21687635,211699319.0000,3,0.240787,1,0.829900,0
2011-11-02,sh.601898,9.5800,9.8200,9.4800,9.8100,9.7200,19092382,184050866.0000,3,0.211973,1,0.925900,0
2011-11-03,sh.601898,9.8600,9.8700,9.6900,9.7200,9.8100,16523558,161923257.0000,3,0.183453,1,-0.917400,0
2011-11-04,sh.601898,9.8500,9.9200,9.7600,9.8400,9.7200,19255809,189810472.0000,3,0.213788,1,1.234600,0
2011-11-07,sh.601898,9.8400,10.0300,9.7800,9.8700,9.8400,18158305,179801436.0000,3,0.201603,1,0.304900,0
2011-11-08,sh.601898,9.8600,10.0200,9.7700,9.8400,9.8700,18127207,179681420.0000,3,0.201257,1,-0.304000,0
2011-11-09,sh.601898,9.9100,10.0000,9.7500,9.9000,9.8400,14192990,140609369.0000,3,0.157578,1,0.609800,0
2011-11-10,sh.601898,9.8100,9.8900,9.7200,9.7300,9.9000,9452495,92587548.0000,3,0.104946,1,-1.717200,0
2011-11-11,sh.601898,9.8500,9.9000,9.6800,9.7400,9.7300,8495840,83283321.0000,3,0.094325,1,0.102800,0
2011-11-14,sh.601898,9.8300,10.4500,9.8300,10.3500,9.7400,50591591,518042770.0000,3,0.561693,1,6.262800,0
2011-11-15,sh.601898,10.3000,10.5200,10.2400,10.4300,10.3500,27248250,283434131.0000,3,0.302524,1,0.772900,0
2011-11-16,sh.601898,10.4000,10.4500,9.9500,10.0400,10.4300,28252563,286686355.0000,3,0.313674,1,-3.739200,0
2011-11-17,sh.601898,10.0800,10.4600,10.0200,10.1900,10.0400,29280423,300196793.0000,3,0.325086,1,1.494000,0
2011-11-18,sh.601898,10.1100,10.1100,9.7800,9.8100,10.1900,20625806,204190728.0000,3,0.228998,1,-3.729100,0
2011-11-21,sh.601898,9.8000,9.8600,9.5200,9.6700,9.8100,17914088,172867887.0000,3,0.198891,1,-1.427100,0
2011-11-22,sh.601898,9.5200,9.6800,9.5100,9.6100,9.6700,10191939,97762871.0000,3,0.113156,1,-0.620500,0
2011-11-23,sh.601898,9.6300,9.6700,9.3000,9.3300,9.6100,16335318,155324854.0000,3,0.181363,1,-2.913600,0
2011-11-24,sh.601898,9.3000,9.3900,9.0700,9.3000,9.3300,10979009,101388964.0000,3,0.121894,1,-0.321500,0
2011-11-25,sh.601898,9.2800,9.4600,9.2000,9.2600,9.3000,10563414,98458492.0000,3,0.117280,1,-0.430100,0
2011-11-28,sh.601898,9.2900,9.5000,9.2900,9.4100,9.2600,10822610,101861715.0000,3,0.120158,1,1.619900,0
2011-11-29,sh.601898,9.5200,9.6700,9.4300,9.6100,9.4100,14095233,134759594.0000,3,0.156492,1,2.125400,0
2011-11-30,sh.601898,9.6000,9.6700,9.1400,9.2300,9.6100,22389913,209736102.0000,3,0.248584,1,-3.954200,0
2011-12-01,sh.601898,9.5800,9.6600,9.3700,9.3900,9.2300,33017736,313842257.0000,3,0.366580,1,1.733500,0
2011-12-02,sh.601898,9.3700,9.3700,9.2200,9.2600,9.3900,7558741,70219321.0000,3,0.083921,1,-1.384500,0
2011-12-05,sh.601898,9.2100,9.3000,9.1000,9.2200,9.2600,9860761,90802113.0000,3,0.109479,1,-0.432000,0
2011-12-06,sh.601898,9.1800,9.3500,9.1600,9.2800,9.2200,8326218,77032406.0000,3,0.092442,1,0.650800,0
2011-12-07,sh.601898,9.2800,9.3300,9.1900,9.2400,9.2800,4140638,38328530.0000,3,0.045971,1,-0.431000,0
2011-12-08,sh.601898,9.2400,9.3300,9.0800,9.1700,9.2400,9411500,86412990.0000,3,0.104491,1,-0.757600,0
2011-12-09,sh.601898,9.1200,9.1500,8.9700,8.9800,9.1700,10099474,91281081.0000,3,0.112129,1,-2.072000,0
2011-12-12,sh.601898,8.9700,9.0000,8.8300,8.8600,8.9800,6124945,54618726.0000,3,0.068002,1,-1.336300,0
2011-12-13,sh.601898,8.8300,8.9100,8.6200,8.7000,8.8600,9365428,82149363.0000,3,0.103980,1,-1.805900,0
2011-12-14,sh.601898,8.7000,8.8400,8.5900,8.6300,8.7000,8135847,70851426.0000,3,0.090328,1,-0.804600,0
2011-12-15,sh.601898,8.6000,8.6000,8.2900,8.3100,8.6300,16212858,136517628.0000,3,0.180003,1,-3.708000,0
2011-12-16,sh.601898,8.3100,8.3100,8.3100,8.3100,8.3100,0,0.0000,3,,0,0.000000,0
2011-12-19,sh.601898,8.3700,8.4300,8.1600,8.3900,8.3100,17257730,143113407.0000,3,0.191604,1,0.962700,0
2011-12-20,sh.601898,8.3400,8.5800,8.3200,8.4700,8.3900,11881239,100989635.0000,3,0.131912,1,0.953500,0
2011-12-21,sh.601898,8.5800,8.6300,8.3600,8.3900,8.4700,5774924,49074992.0000,3,0.064116,1,-0.944500,0
2011-12-22,sh.601898,8.3100,8.6600,8.2800,8.6000,8.3900,12035830,102108029.0000,3,0.133628,1,2.503000,0
2011-12-23,sh.601898,8.5500,8.9000,8.5500,8.8100,8.6000,14576591,128259362.0000,3,0.161837,1,2.441900,0
2011-12-26,sh.601898,8.7500,8.8800,8.6800,8.6900,8.8100,5958836,52161871.0000,3,0.066158,1,-1.362100,0
2011-12-27,sh.601898,8.6800,8.8000,8.5900,8.7000,8.6900,6353203,55044070.0000,3,0.070536,1,0.115100,0
2011-12-28,sh.601898,8.6900,8.7900,8.5900,8.7500,8.7000,8247586,71842938.0000,3,0.091569,1,0.574700,0
2011-12-29,sh.601898,8.7500,8.9600,8.6900,8.9300,8.7500,12702448,112528800.0000,3,0.141029,1,2.057100,0
2011-12-30,sh.601898,8.9200,9.0500,8.8500,9.0100,8.9300,8632441,77322993.0000,3,0.095842,1,0.895900,0
2012-01-04,sh.601898,9.0800,9.1300,8.5100,8.5600,9.0100,13668333,119485979.0000,3,0.151753,1,-4.994500,0
2012-01-05,sh.601898,8.5500,8.6900,8.5000,8.5400,8.5600,8766846,75372408.0000,3,0.097334,1,-0.233600,0
2012-01-06,sh.601898,8.5900,8.6800,8.4700,8.6700,8.5400,6562296,56201294.0000,3,0.072858,1,1.522200,0
2012-01-09,sh.601898,8.6700,9.3000,8.5700,9.2800,8.6700,23606003,214277304.0000,3,0.262086,1,7.035800,0
2012-01-10,sh.601898,9.2200,9.6800,9.2000,9.5700,9.2800,27409809,258917303.0000,3,0.304318,1,3.125000,0
2012-01-11,sh.601898,9.5700,9.6500,9.3900,9.5300,9.5700,17907463,170913868.0000,3,0.198818,1,-0.418000,0
2012-01-12,sh.601898,9.5000,9.7000,9.4500,9.5200,9.5300,13239053,126858569.0000,3,0.146987,1,-0.104900,0
2012-01-13,sh.601898,9.5400,9.6100,9.2000,9.2900,9.5200,12886971,121063804.0000,3,0.143078,1,-2.416000,0
2012-01-16,sh.601898,9.2300,9.5000,9.1700,9.1800,9.2900,11185873,104261746.0000,3,0.124191,1,-1.184100,0
2012-01-17,sh.601898,9.2000,9.8000,9.1800,9.7900,9.1800,18925918,181111017.0000,3,0.210125,1,6.644900,0
2012-01-18,sh.601898,9.7100,9.8400,9.4500,9.4700,9.7900,15630486,150940656.0000,3,0.173538,1,-3.268600,0
2012-01-19,sh.601898,9.5500,9.7000,9.4500,9.5800,9.4700,12031329,115375126.0000,3,0.133578,1,1.161600,0
2012-01-20,sh.601898,9.6500,9.6900,9.5500,9.6600,9.5800,10055739,96942028.0000,3,0.111644,1,0.835100,0
2012-01-30,sh.601898,9.6600,9.6700,9.4100,9.4200,9.6600,10525842,100260860.0000,3,0.116863,1,-2.484500,0
2012-01-31,sh.601898,9.4200,9.5300,9.3400,9.4000,9.4200,11462907,107762576.0000,3,0.127267,1,-0.212300,0
2012-02-01,sh.601898,9.3800,9.4800,9.3200,9.3600,9.4000,6766680,63518257.0000,3,0.075127,1,-0.425500,0
2012-02-02,sh.601898,9.4000,9.6100,9.3100,9.6000,9.3600,12691812,120558169.0000,3,0.140911,1,2.564100,0
2012-02-03,sh.601898,9.5000,9.6400,9.4400,9.6000,9.6000,12339914,117937643.0000,3,0.137004,1,0.000000,0
2012-02-06,sh.601898,9.6800,9.8000,9.6200,9.7000,9.6000,11526914,111919838.0000,3,0.127978,1,1.041700,0
2012-02-07,sh.601898,9.6200,9.6900,9.3800,9.4700,9.7000,9007560,85511609.0000,3,0.100006,1,-2.371100,0
2012-02-08,sh.601898,9.4700,9.8700,9.4300,9.8200,9.4700,16626145,161677282.0000,3,0.184592,1,3.695900,0
2012-02-09,sh.601898,9.7400,9.8200,9.6600,9.7100,9.8200,12414945,121040983.0000,3,0.137837,1,-1.120200,0
2012-02-10,sh.601898,9.7200,9.7900,9.5900,9.6600,9.7100,9765382,94718143.0000,3,0.108420,1,-0.514900,0
2012-02-13,sh.601898,9.5800,9.8100,9.5000,9.6600,9.6600,10503632,101313813.0000,3,0.116617,1,0.000000,0
2012-02-14,sh.601898,9.6000,9.6900,9.4800,9.5500,9.6600,10694263,102074484.0000,3,0.118733,1,-1.138700,0
2012-02-15,sh.601898,9.5400,9.7900,9.5200,9.7800,9.5500,17299701,167429509.0000,3,0.192070,1,2.408400,0
2012-02-16,sh.601898,9.7200,9.7300,9.5000,9.6200,9.7800,16655552,160023260.0000,3,0.184918,1,-1.636000,0
2012-02-17,sh.601898,9.6200,9.6800,9.5000,9.5600,9.6200,7984849,76521838.0000,3,0.088652,1,-0.623700,0
2012-02-20,sh.601898,9.6800,9.8200,9.6000,9.7100,9.5600,18967846,184503788.0000,3,0.210591,1,1.569000,0
2012-02-21,sh.601898,9.7300,9.7600,9.5700,9.7600,9.7100,8922017,86545915.0000,3,0.099057,1,0.514900,0
2012-02-22,sh.601898,9.7600,9.9300,9.7000,9.9200,9.7600,17124236,168539517.0000,3,0.190122,1,1.639300,0
2012-02-23,sh.601898,9.8900,9.9900,9.8600,9.9100,9.9200,14399252,142984295.0000,3,0.159868,1,-0.100800,0
2012-02-24,sh.601898,9.9600,10.1700,9.9200,10.1100,9.9100,22781192,229987974.0000,3,0.252928,1,2.018200,0
2012-02-27,sh.601898,10.1100,10.2200,10.0100,10.0200,10.1100,23761619,240566579.0000,3,0.263813,1,-0.890200,0
2012-02-28,sh.601898,10.0200,10.0500,9.8500,9.9500,10.0200,16129980,160636910.0000,3,0.179083,1,-0.698600,0
2012-02-29,sh.601898,9.9400,10.0300,9.8500,9.9000,9.9500,11687949,116298339.0000,3,0.129766,1,-0.502500,0
2012-03-01,sh.601898,9.8200,9.9500,9.8200,9.8800,9.9000,6889406,68101466.0000,3,0.076490,1,-0.202000,0
2012-03-02,sh.601898,9.9000,10.0900,9.9000,10.0100,9.8800,13196197,131950602.0000,3,0.146511,1,1.315800,0
2012-03-05,sh.601898,10.0000,10.0400,9.9000,9.9100,10.0100,10180782,101399036.0000,3,0.113032,1,-0.999000,0
2012-03-06,sh.601898,9.8900,9.8900,9.5500,9.6000,9.9100,22925238,221250091.0000,3,0.254528,1,-3.128200,0
2012-03-07,sh.601898,9.5300,9.5800,9.4300,9.4800,9.6000,10717913,101852215.0000,3,0.118996,1,-1.250000,0
2012-03-08,sh.601898,9.5300,9.6400,9.5000,9.5700,9.4800,10051548,96151546.0000,3,0.111597,1,0.949400,0
2012-03-09,sh.601898,9.6100,9.7500,9.5600,9.7300,9.5700,13955652,134871321.0000,3,0.154943,1,1.671900,0
2012-03-12,sh.601898,9.7000,9.7200,9.4500,9.5800,9.7300,16451173,157254867.0000,3,0.182649,1,-1.541600,0
2012-03-13,sh.601898,9.5900,9.6700,9.4900,9.6400,9.5800,15599931,149430035.0000,3,0.173198,1,0.626300,0
2012-03-14,sh.601898,9.7000,9.7100,9.2400,9.2900,9.6400,28370519,269753218.0000,3,0.314984,1,-3.630700,0
2012-03-15,sh.601898,9.2700,9.3800,9.0400,9.1100,9.2900,20365196,187487908.0000,3,0.226105,1,-1.937600,0
2012-03-16,sh.601898,9.1600,9.2100,9.0500,9.2100,9.1100,11787206,107929555.0000,3,0.130868,1,1.097700,0
2012-03-19,sh.601898,9.2000,9.2800,9.1600,9.2200,9.2100,14984914,138286418.0000,3,0.166370,1,0.108600,0
2012-03-20,sh.601898,9.3000,9.3400,9.1000,9.1400,9.2200,14687967,135713698.0000,3,0.163073,1,-0.867700,0
2012-03-21,sh.601898,9.2000,9.3500,9.1300,9.2100,9.1400,17227690,159031826.0000,3,0.191270,1,0.765900,0
2012-03-22,sh.601898,9.2000,9.3000,9.0800,9.2100,9.2100,10760617,98848187.0000,3,0.119470,1,0.000000,0
2012-03-23,sh.601898,9.1600,9.2200,9.0600,9.1200,9.2100,8255146,75347309.0000,3,0.091653,1,-0.977200,0
2012-03-26,sh.601898,9.1500,9.1600,9.0600,9.1100,9.1200,5057526,46110727.0000,3,0.056151,1,-0.109600,0
2012-03-27,sh.601898,9.1600,9.2300,9.1400,9.1600,9.1100,6050442,55518826.0000,3,0.067175,1,0.548800,0
2012-03-28,sh.601898,9.1500,9.1500,8.8500,8.8600,9.1600,12206196,109783992.0000,3,0.135519,1,-3.275100,0
2012-03-29,sh.601898,8.8500,8.9100,8.7700,8.8500,8.8600,9935862,87820392.0000,3,0.110313,1,-0.112900,0
2012-03-30,sh.601898,8.8800,9.1500,8.8500,9.0900,8.8500,12740071,114946304.0000,3,0.141447,1,2.711900,0
2012-04-05,sh.601898,9.0500,9.2000,8.9300,9.1600,9.0900,16676695,151094223.0000,3,0.185153,1,0.770100,0
2012-04-06,sh.601898,9.1300,9.1600,9.0400,9.0800,9.1600,8788035,79885642.0000,3,0.097569,1,-0.873400,0
2012-04-09,sh.601898,9.0300,9.0300,8.8900,8.9000,9.0800,6414411,57444403.0000,3,0.071216,1,-1.982400,0
2012-04-10,sh.601898,8.8800,8.9800,8.7800,8.9800,8.9000,6839153,60670667.0000,3,0.075932,1,0.898900,0
2012-04-11,sh.601898,8.9800,8.9800,8.9800,8.9800,8.9800,0,0.0000,3,,0,0.000000,0
2012-04-12,sh.601898,8.9000,9.2000,8.8900,9.1900,8.9800,20737924,189005491.0000,3,0.230243,1,2.338500,0
2012-04-13,sh.601898,9.1700,9.2600,9.1100,9.1800,9.1900,11368343,104362237.0000,3,0.126217,1,-0.108800,0
2012-04-16,sh.601898,9.1600,9.2000,9.0900,9.1400,9.1800,7622550,69626171.0000,3,0.084629,1,-0.435700,0
2012-04-17,sh.601898,9.1400,9.1800,9.0400,9.0600,9.1400,5495467,50045793.0000,3,0.061013,1,-0.875300,0
2012-04-18,sh.601898,9.1200,9.3000,9.0700,9.2600,9.0600,12895856,118955925.0000,3,0.143176,1,2.207500,0
2012-04-19,sh.601898,9.2400,9.2600,9.1800,9.2000,9.2600,8735276,80459979.0000,3,0.096983,1,-0.647900,0
2012-04-20,sh.601898,9.1800,9.3200,9.1300,9.2900,9.2000,12788683,118353164.0000,3,0.141986,1,0.978300,0
2012-04-23,sh.601898,9.2900,9.3100,9.2000,9.2100,9.2900,7514690,69475242.0000,3,0.083432,1,-0.861100,0
2012-04-24,sh.601898,9.2000,9.3500,9.0600,9.1800,9.2100,11944678,109868361.0000,3,0.132616,1,-0.325700,0
2012-04-25,sh.601898,9.1700,9.3600,9.0600,9.3300,9.1800,17385625,160501970.0000,3,0.193024,1,1.634000,0
2012-04-26,sh.601898,9.3200,9.5200,9.2900,9.4100,9.3300,20531116,193849097.0000,3,0.227947,1,0.857400,0
2012-04-27,sh.601898,9.3700,9.5100,9.3100,9.4300,9.4100,10526590,99251719.0000,3,0.116872,1,0.212500,0
2012-05-02,sh.601898,9.6100,9.9500,9.5100,9.8000,9.4300,36103205,352242553.0000,3,0.400836,1,3.923600,0
2012-05-03,sh.601898,9.7300,9.8200,9.6300,9.7100,9.8000,21816952,211824746.0000,3,0.242223,1,-0.918400,0
2012-05-04,sh.601898,9.6600,9.7500,9.6100,9.6600,9.7100,15809274,152964279.0000,3,0.175523,1,-0.514900,0
2012-05-07,sh.601898,9.5900,9.7400,9.5600,9.7000,9.6600,19607810,189349527.0000,3,0.217696,1,0.414100,0
2012-05-08,sh.601898,9.6900,9.7300,9.5800,9.6800,9.7000,14687938,142062725.0000,3,0.163073,1,-0.206200,0
2012-05-09,sh.601898,9.5800,9.6100,9.4100,9.4500,9.6800,12190638,115630911.0000,3,0.135347,1,-2.376000,0
2012-05-10,sh.601898,9.4600,9.5200,9.4300,9.4600,9.4500,5579735,52852942.0000,3,0.061949,1,0.105800,0
2012-05-11,sh.601898,9.4300,9.5000,9.3300,9.3700,9.4600,10179898,95713470.0000,3,0.113022,1,-0.951400,0
2012-05-14,sh.601898,9.4500,9.4800,9.1800,9.2000,9.3700,15156992,140749691.0000,3,0.168281,1,-1.814300,0
2012-05-15,sh.601898,9.0800,9.1900,9.0800,9.1800,9.2000,6844799,62559829.0000,3,0.075994,1,-0.217400,0
2012-05-16,sh.601898,9.1300,9.1800,9.0200,9.0300,9.1800,8959588,81425162.0000,3,0.099474,1,-1.634000,0
2012-05-17,sh.601898,9.0400,9.1900,9.0300,9.1700,9.0300,10734314,97818853.0000,3,0.119178,1,1.550400,0
2012-05-18,sh.601898,9.1000,9.1100,9.0300,9.0500,9.1700,6424052,58211215.0000,3,0.071323,1,-1.308600,0
2012-05-21,sh.601898,9.0300,9.2200,9.0300,9.1700,9.0500,7127281,65188742.0000,3,0.079131,1,1.326000,0
2012-05-22,sh.601898,9.2100,9.2300,9.1400,9.2200,9.1700,8804981,80902883.0000,3,0.097757,1,0.545300,0
2012-05-23,sh.601898,9.1900,9.1900,9.0500,9.1000,9.2200,8156507,74288934.0000,3,0.090558,1,-1.301500,0
2012-05-24,sh.601898,9.1300,9.1700,9.0600,9.1300,9.1000,5922380,53976242.0000,3,0.065753,1,0.329700,0
2012-05-25,sh.601898,9.1300,9.1300,9.1300,9.1300,9.1300,0,0.0000,3,,0,0.000000,0
2012-05-28,sh.601898,9.0000,9.1900,8.9200,9.1900,9.1300,9118401,82702369.0000,3,0.101237,1,0.657200,0
2012-05-29,sh.601898,9.1400,9.2900,9.1300,9.2500,9.1900,12895132,119028864.0000,3,0.143168,1,0.652900,0
2012-05-30,sh.601898,9.2300,9.2300,9.1000,9.1600,9.2500,13242847,121302568.0000,3,0.147029,1,-0.973000,0
2012-05-31,sh.601898,9.0900,9.1000,9.0200,9.0300,9.1600,10573183,95724332.0000,3,0.117389,1,-1.419200,0
2012-06-01,sh.601898,9.0500,9.1000,8.9500,8.9800,9.0300,12684116,114337124.0000,3,0.140825,1,-0.553700,0
2012-06-04,sh.601898,8.8400,8.8900,8.7800,8.7900,8.9800,12041092,106285728.0000,3,0.133686,1,-2.115800,0
2012-06-05,sh.601898,8.8100,8.8700,8.7000,8.7400,8.7900,8163349,71755451.0000,3,0.090634,1,-0.568800,0
2012-06-06,sh.601898,8.7400,8.8000,8.6800,8.7200,8.7400,9867857,86354252.0000,3,0.109558,1,-0.228800,0
2012-06-07,sh.601898,8.8000,8.8200,8.7200,8.7500,8.7200,10830005,94976984.0000,3,0.120240,1,0.344000,0
2012-06-08,sh.601898,8.6200,8.6200,8.4000,8.4200,8.5400,10577317,89539849.0000,3,0.117435,1,-1.405200,0
2012-06-11,sh.601898,8.4200,8.5800,8.4000,8.5400,8.4200,5153821,43776477.0000,3,0.057220,1,1.425200,0
2012-06-12,sh.601898,8.5000,8.5100,8.3800,8.3800,8.5400,8530389,71720985.0000,3,0.094709,1,-1.873500,0
2012-06-13,sh.601898,8.3700,8.4200,8.1900,8.3700,8.3800,21269290,176131684.0000,3,0.236142,1,-0.119300,0
2012-06-14,sh.601898,8.3100,8.3600,8.2700,8.2800,8.3700,11285278,93739741.0000,3,0.125295,1,-1.075300,0
2012-06-15,sh.601898,8.2900,8.3600,8.2500,8.3400,8.2800,8788399,73064388.0000,3,0.097573,1,0.724600,0
2012-06-18,sh.601898,8.3700,8.4600,8.3400,8.3500,8.3400,10440240,87600875.0000,3,0.115913,1,0.119900,0
2012-06-19,sh.601898,8.3300,8.3500,8.2400,8.2800,8.3500,7926833,65625682.0000,3,0.088008,1,-0.838300,0
2012-06-20,sh.601898,8.2900,8.3400,8.2500,8.2900,8.2800,8915890,73895572.0000,3,0.098989,1,0.120800,0
2012-06-21,sh.601898,8.2000,8.2600,8.1700,8.2000,8.2900,9177803,75277020.0000,3,0.101897,1,-1.085600,0
2012-06-25,sh.601898,8.1600,8.1600,7.9000,7.9600,8.2000,11583235,92643568.0000,3,0.128603,1,-2.926800,0
2012-06-26,sh.601898,7.9100,8.0000,7.8600,7.9100,7.9600,7183541,56870495.0000,3,0.079755,1,-0.628100,0
2012-06-27,sh.601898,7.9000,7.9700,7.8700,7.8700,7.9100,6072269,48084090.0000,3,0.067417,1,-0.505700,0
2012-06-28,sh.601898,7.8900,7.9300,7.6900,7.7000,7.8700,11069895,86089947.0000,3,0.122904,1,-2.160100,0
2012-06-29,sh.601898,7.6900,7.7700,7.5000,7.7400,7.7000,10012544,76858466.0000,3,0.111164,1,0.519500,0
2012-07-02,sh.601898,7.8300,7.8700,7.6500,7.7200,7.7400,12929783,100238030.0000,3,0.143553,1,-0.258400,0
2012-07-03,sh.601898,7.7300,7.7600,7.5900,7.6700,7.7200,9629544,73989361.0000,3,0.106912,1,-0.647700,0
2012-07-04,sh.601898,7.7100,7.8200,7.7100,7.7600,7.6700,14327901,111302609.0000,3,0.159076,1,1.173400,0
2012-07-05,sh.601898,7.7000,7.7000,7.5500,7.6200,7.7600,8297025,63172254.0000,3,0.092118,1,-1.804100,0
2012-07-06,sh.601898,7.6400,7.7000,7.4800,7.6800,7.6200,13112071,99404275.0000,3,0.145577,1,0.787400,0
2012-07-09,sh.601898,7.6000,7.6000,7.4100,7.4200,7.6800,12489095,93725322.0000,3,0.138660,1,-3.385400,0
2012-07-10,sh.601898,7.4200,7.4900,7.3700,7.4000,7.4200,6425292,47733240.0000,3,0.071337,1,-0.269500,0
2012-07-11,sh.601898,7.4000,7.5000,7.3900,7.4800,7.4000,5501847,41071979.0000,3,0.061084,1,1.081100,0
2012-07-12,sh.601898,7.4600,7.8800,7.3900,7.8300,7.4800,26680959,205995343.0000,3,0.296225,1,4.679100,0
2012-07-13,sh.601898,7.7500,7.8500,7.7100,7.7700,7.8300,9570763,74468507.0000,3,0.106259,1,-0.766300,0
2012-07-16,sh.601898,7.7800,7.7900,7.6200,7.6500,7.7700,8001037,61542927.0000,3,0.088832,1,-1.544400,0
2012-07-17,sh.601898,7.6300,7.7600,7.6300,7.7400,7.6500,6233342,48067012.0000,3,0.069206,1,1.176500,0
2012-07-18,sh.601898,7.7100,7.8100,7.6700,7.8000,7.7400,5814420,45067281.0000,3,0.064555,1,0.775200,0
2012-07-19,sh.601898,7.8200,7.8700,7.7400,7.7800,7.8000,7543105,58916781.0000,3,0.083747,1,-0.256400,0
2012-07-20,sh.601898,7.7800,7.7900,7.6800,7.7300,7.7800,5650673,43640451.0000,3,0.062737,1,-0.642700,0
2012-07-23,sh.601898,7.7000,7.7000,7.5100,7.5700,7.7300,5035929,38162429.0000,3,0.055911,1,-2.069900,0
2012-07-24,sh.601898,7.5100,7.6200,7.4300,7.5300,7.5700,9024600,67771157.0000,3,0.100196,1,-0.528400,0
2012-07-25,sh.601898,7.4800,7.5500,7.4600,7.4700,7.5300,3553166,26668618.0000,3,0.039449,1,-0.796800,0
2012-07-26,sh.601898,7.5000,7.5800,7.4500,7.4800,7.4700,4816544,36214070.0000,3,0.053476,1,0.133900,0
2012-07-27,sh.601898,7.5200,7.6200,7.4700,7.5700,7.4800,6684143,50447501.0000,3,0.074211,1,1.203200,0
2012-07-30,sh.601898,7.5700,7.6400,7.5200,7.5300,7.5700,6949498,52629164.0000,3,0.077157,1,-0.528400,0
2012-07-31,sh.601898,7.5300,7.6000,7.4000,7.4800,7.5300,8120806,60565348.0000,3,0.090161,1,-0.664000,0
2012-08-01,sh.601898,7.4800,7.6700,7.4500,7.6100,7.4800,8358889,63276067.0000,3,0.092805,1,1.738000,0
2012-08-02,sh.601898,7.5800,7.6100,7.4800,7.5200,7.6100,4816325,36301587.0000,3,0.053473,1,-1.182700,0
2012-08-03,sh.601898,7.5300,7.6600,7.4900,7.6600,7.5200,8105339,61409951.0000,3,0.089990,1,1.861700,0
2012-08-06,sh.601898,7.6600,7.7900,7.6300,7.7700,7.6600,10698418,82585053.0000,3,0.118779,1,1.436000,0
2012-08-07,sh.601898,7.7700,7.7700,7.6800,7.7200,7.7700,8558789,66062072.0000,3,0.095024,1,-0.643500,0
2012-08-08,sh.601898,7.7600,7.8500,7.7200,7.7800,7.7200,10766548,83865724.0000,3,0.119536,1,0.777200,0
2012-08-09,sh.601898,7.7700,7.8000,7.6900,7.7800,7.7800,6654391,51558607.0000,3,0.073880,1,0.000000,0
2012-08-10,sh.601898,7.7600,7.7900,7.7000,7.7400,7.7800,5443948,42123979.0000,3,0.060441,1,-0.514100,0
2012-08-13,sh.601898,7.7200,7.7300,7.6100,7.6100,7.7400,7365806,56407480.0000,3,0.081779,1,-1.679600,0
2012-08-14,sh.601898,7.6000,7.6600,7.5400,7.6000,7.6100,6729597,51095914.0000,3,0.074715,1,-0.131400,0
2012-08-15,sh.601898,7.5900,7.6000,7.4800,7.4900,7.6000,5104795,38340211.0000,3,0.056676,1,-1.447400,0
2012-08-16,sh.601898,7.4800,7.5400,7.4600,7.5000,7.4900,3094050,23217962.0000,3,0.034352,1,0.133500,0
2012-08-17,sh.601898,7.5000,7.5300,7.4300,7.5000,7.5000,4321856,32335893.0000,3,0.047983,1,0.000000,0
2012-08-20,sh.601898,7.4500,7.4900,7.3900,7.4300,7.5000,5130882,38156184.0000,3,0.056966,1,-0.933300,0
2012-08-21,sh.601898,7.4400,7.5000,7.4200,7.4500,7.4300,7873824,58720228.0000,3,0.087419,1,0.269200,0
2012-08-22,sh.601898,7.4500,7.4800,7.3400,7.3700,7.4500,6807175,50452919.0000,3,0.075577,1,-1.073800,0
2012-08-23,sh.601898,7.3600,7.4900,7.3600,7.4200,7.3700,10172611,75588119.0000,3,0.112941,1,0.678400,0
2012-08-24,sh.601898,7.4300,7.4300,7.2500,7.2500,7.4200,10095609,73843941.0000,3,0.112087,1,-2.291100,0
2012-08-27,sh.601898,7.2500,7.2500,6.9700,6.9800,7.2500,13378324,94587346.0000,3,0.148533,1,-3.724100,0
2012-08-28,sh.601898,6.9800,7.1500,6.9400,7.0400,6.9800,6698540,47028273.0000,3,0.074371,1,0.859600,0
2012-08-29,sh.601898,7.0400,7.0500,6.8000,6.8200,7.0400,9274906,64187186.0000,3,0.102975,1,-3.125000,0
2012-08-30,sh.601898,6.7500,6.8900,6.7500,6.8800,6.8200,8085510,55289093.0000,3,0.089769,1,0.879765,0
2012-08-31,sh.601898,6.8300,6.9000,6.7000,6.7700,6.8800,7668108,52476561.0000,3,0.085135,1,-1.598800,0
2012-09-03,sh.601898,6.7800,6.8600,6.7600,6.8000,6.7700,8140519,55458116.0000,3,0.090380,1,0.443100,0
2012-09-04,sh.601898,6.8000,6.8400,6.7100,6.7300,6.8000,7467424,50627746.0000,3,0.082907,1,-1.029400,0
2012-09-05,sh.601898,6.7100,6.7300,6.6300,6.6600,6.7300,6718156,44822024.0000,3,0.074588,1,-1.040100,0
2012-09-06,sh.601898,6.6600,6.7300,6.6500,6.7300,6.6600,6364724,42608572.0000,3,0.070664,1,1.051100,0
2012-09-07,sh.601898,6.7800,7.2000,6.7600,7.1300,6.7300,24830625,174597056.0000,3,0.275682,1,5.943500,0
2012-09-10,sh.601898,7.1100,7.1400,6.9900,7.1100,7.1300,21274717,150050484.0000,3,0.236203,1,-0.280500,0
2012-09-11,sh.601898,7.0600,7.0600,6.9800,7.0300,7.1100,9419142,65972687.0000,3,0.104576,1,-1.125200,0
2012-09-12,sh.601898,7.0500,7.1300,7.0100,7.1000,7.0300,12101514,85727724.0000,3,0.134357,1,0.995700,0
2012-09-13,sh.601898,7.1200,7.1300,7.0200,7.0400,7.1000,12606514,89355794.0000,3,0.139964,1,-0.845100,0
2012-09-14,sh.601898,7.1500,7.2300,7.0600,7.1100,7.0400,16980528,121207438.0000,3,0.188526,1,0.994300,0
2012-09-17,sh.601898,7.1300,7.1400,6.9500,6.9500,7.1100,9584695,67378125.0000,3,0.106414,1,-2.250400,0
2012-09-18,sh.601898,6.9000,6.9500,6.7900,6.8000,6.9500,7504156,51446870.0000,3,0.083315,1,-2.158300,0
2012-09-19,sh.601898,6.8100,6.8800,6.7800,6.8700,6.8000,5094206,34778636.0000,3,0.056558,1,1.029400,0
2012-09-20,sh.601898,6.8300,6.8500,6.6500,6.6700,6.8700,8264599,55553669.0000,3,0.091758,1,-2.911200,0
2012-09-21,sh.601898,6.6400,6.8400,6.6200,6.7500,6.6700,8277027,55979404.0000,3,0.091896,1,1.199400,0
2012-09-24,sh.601898,6.7100,6.8900,6.6400,6.8300,6.7500,9388555,63585911.0000,3,0.104236,1,1.185200,0
2012-09-25,sh.601898,6.8000,6.8700,6.7300,6.7800,6.8300,6542638,44504503.0000,3,0.072640,1,-0.732100,0
2012-09-26,sh.601898,6.7800,6.8300,6.6700,6.7100,6.7800,5245878,35331153.0000,3,0.058242,1,-1.032400,0
2012-09-27,sh.601898,6.7100,7.0500,6.6900,7.0400,6.7100,16222473,112356154.0000,3,0.180110,1,4.918000,0
2012-09-28,sh.601898,6.9700,7.1400,6.9300,7.0900,7.0400,12488207,88198691.0000,3,0.138650,1,0.710200,0
2012-10-08,sh.601898,7.0900,7.1300,6.9300,7.0000,7.0900,6349324,44580590.0000,3,0.070493,1,-1.269400,0
2012-10-09,sh.601898,7.0500,7.1800,7.0200,7.1400,7.0000,12007421,85518498.0000,3,0.133312,1,2.000000,0
2012-10-10,sh.601898,7.1100,7.2000,7.1100,7.1800,7.1400,8508432,60957696.0000,3,0.094465,1,0.560200,0
2012-10-11,sh.601898,7.2500,7.3100,7.1800,7.1800,7.1800,17551070,127152490.0000,3,0.194861,1,0.000000,0
2012-10-12,sh.601898,7.1800,7.2700,7.1500,7.2000,7.1800,8112184,58350888.0000,3,0.090066,1,0.278600,0
2012-10-15,sh.601898,7.1700,7.1900,7.0700,7.1100,7.2000,4564330,32451314.0000,3,0.050675,1,-1.250000,0
2012-10-16,sh.601898,7.1100,7.2100,7.1000,7.1200,7.1100,5382656,38455438.0000,3,0.059761,1,0.140600,0
2012-10-17,sh.601898,7.1500,7.2200,7.0800,7.1600,7.1200,5600761,40063692.0000,3,0.062182,1,0.561800,0
2012-10-18,sh.601898,7.1600,7.2900,7.1600,7.2500,7.1600,11634794,84357771.0000,3,0.129175,1,1.257000,0
2012-10-19,sh.601898,7.2600,7.3100,7.1600,7.2300,7.2500,8858820,63947549.0000,3,0.098355,1,-0.275862,0
2012-10-22,sh.601898,7.1800,7.2400,7.1300,7.1900,7.2300,9640361,69288289.0000,3,0.107032,1,-0.553300,0
2012-10-23,sh.601898,7.2100,7.2200,7.1300,7.1400,7.1900,5712142,40911497.0000,3,0.063419,1,-0.695400,0
2012-10-24,sh.601898,7.1000,7.1800,7.0800,7.1400,7.1400,4745312,33888684.0000,3,0.052685,1,0.000000,0
2012-10-25,sh.601898,7.1700,7.2100,7.1200,7.1200,7.1400,4272784,30615713.0000,3,0.047439,1,-0.280100,0
2012-10-26,sh.601898,7.1100,7.1600,6.9800,7.0200,7.1200,8597783,60545044.0000,3,0.095457,1,-1.404500,0
2012-10-29,sh.601898,7.0000,7.0300,6.8500,6.8900,7.0200,6234831,43062278.0000,3,0.069222,1,-1.851900,0
2012-10-30,sh.601898,6.9000,6.9700,6.8800,6.9500,6.8900,6320972,43748303.0000,3,0.070179,1,0.870800,0
2012-10-31,sh.601898,6.9500,7.0200,6.9000,7.0100,6.9500,6184148,43087001.0000,3,0.068660,1,0.863300,0
2012-11-01,sh.601898,7.0000,7.1600,7.0000,7.1600,7.0100,10013422,71141457.0000,3,0.111174,1,2.139800,0
2012-11-02,sh.601898,7.1600,7.2000,7.1400,7.1800,7.1600,7521807,53921519.0000,3,0.083511,1,0.279300,0
2012-11-05,sh.601898,7.1800,7.3200,7.1700,7.2500,7.1800,13362845,97128534.0000,3,0.148361,1,0.974900,0
2012-11-06,sh.601898,7.2700,7.2700,7.0900,7.1900,7.2500,6848825,49073603.0000,3,0.076039,1,-0.827600,0
2012-11-07,sh.601898,7.2100,7.2200,7.1300,7.1700,7.1900,4533891,32506289.0000,3,0.050338,1,-0.278200,0
2012-11-08,sh.601898,7.1000,7.1000,7.0200,7.0300,7.1700,4506663,31829974.0000,3,0.050035,1,-1.952600,0
2012-11-09,sh.601898,6.9900,7.0400,6.9400,6.9700,7.0300,4131059,28893782.0000,3,0.045865,1,-0.853500,0
2012-11-12,sh.601898,6.9900,7.0300,6.9200,7.0000,6.9700,4616755,32255627.0000,3,0.051258,1,0.430400,0
2012-11-13,sh.601898,7.0000,7.0100,6.8800,6.8900,7.0000,4007140,27702036.0000,3,0.044489,1,-1.571400,0
2012-11-14,sh.601898,6.9000,7.0000,6.8900,6.9800,6.8900,4718815,32776473.0000,3,0.052391,1,1.306200,0
2012-11-15,sh.601898,6.9500,6.9700,6.8900,6.9100,6.9800,3466930,24005290.0000,3,0.038492,1,-1.002900,0
2012-11-16,sh.601898,6.9400,6.9400,6.8000,6.9000,6.9100,6183806,42292258.0000,3,0.068656,1,-0.144700,0
2012-11-19,sh.601898,6.8600,6.9000,6.8400,6.8900,6.9000,2998329,20595591.0000,3,0.033289,1,-0.144900,0
2012-11-20,sh.601898,6.9200,6.9500,6.8700,6.8800,6.8900,2962809,20476179.0000,3,0.032895,1,-0.145100,0
2012-11-21,sh.601898,6.9100,6.9800,6.8100,6.9400,6.8800,5353244,36858712.0000,3,0.059434,1,0.872100,0
2012-11-22,sh.601898,6.9000,6.9400,6.8700,6.9000,6.9400,2625189,18118624.0000,3,0.029146,1,-0.576400,0
2012-11-23,sh.601898,6.9400,6.9600,6.8700,6.9000,6.9000,5978629,41355629.0000,3,0.066378,1,0.000000,0
2012-11-26,sh.601898,6.9000,6.9100,6.8300,6.8400,6.9000,3853587,26433000.0000,3,0.042784,1,-0.869600,0
2012-11-27,sh.601898,6.8500,6.8800,6.7700,6.8300,6.8400,6386754,43661434.0000,3,0.070909,1,-0.146200,0
2012-11-28,sh.601898,6.7800,6.8300,6.7400,6.7700,6.8300,5625886,38123284.0000,3,0.062461,1,-0.878500,0
2012-11-29,sh.601898,6.7700,6.8000,6.6800,6.7400,6.7700,6983556,46877640.0000,3,0.077535,1,-0.443100,0
2012-11-30,sh.601898,6.7200,6.8100,6.6900,6.8000,6.7400,7332176,49374975.0000,3,0.081406,1,0.890200,0
2012-12-03,sh.601898,6.7700,6.8100,6.7100,6.7400,6.8000,5928759,40052437.0000,3,0.065824,1,-0.882400,0
2012-12-04,sh.601898,6.7500,6.8000,6.7100,6.7900,6.7400,4432479,29982571.0000,3,0.049212,1,0.741800,0
2012-12-05,sh.601898,6.7900,7.0500,6.7700,6.9700,6.7900,11898242,82622489.0000,3,0.132100,1,2.651000,0
2012-12-06,sh.601898,6.9500,7.0100,6.9100,6.9600,6.9700,6189052,43015710.0000,3,0.068714,1,-0.143500,0
2012-12-07,sh.601898,6.9400,7.1600,6.9400,7.1200,6.9600,16017645,113541635.0000,3,0.177836,1,2.298900,0
2012-12-10,sh.601898,7.1400,7.1600,7.0600,7.1200,7.1200,13288516,94619845.0000,3,0.147536,1,0.000000,0
2012-12-11,sh.601898,7.1000,7.2500,7.0500,7.1400,7.1200,13400631,95858591.0000,3,0.148781,1,0.280900,0
2012-12-12,sh.601898,7.1200,7.1700,7.0800,7.1500,7.1400,7945122,56613851.0000,3,0.088211,1,0.140100,0
2012-12-13,sh.601898,7.1100,7.1500,7.0400,7.0600,7.1500,8240459,58386475.0000,3,0.091490,1,-1.258700,0
2012-12-14,sh.601898,7.0900,7.3800,7.0600,7.3500,7.0600,29197962,211902073.0000,3,0.324170,1,4.107600,0
2012-12-17,sh.601898,7.3500,7.7400,7.3200,7.5100,7.3500,32189556,242506813.0000,3,0.357385,1,2.176900,0
2012-12-18,sh.601898,7.5100,7.6500,7.4100,7.5100,7.5100,16593257,124838112.0000,3,0.184227,1,0.000000,0
2012-12-19,sh.601898,7.5400,7.6200,7.4800,7.5400,7.5100,14681636,111154544.0000,3,0.163003,1,0.399500,0
2012-12-20,sh.601898,7.5000,7.5900,7.3900,7.5800,7.5400,11896481,89096733.0000,3,0.132081,1,0.530500,0
2012-12-21,sh.601898,7.6000,7.8000,7.5100,7.5300,7.5800,24741329,189210450.0000,3,0.274691,1,-0.659600,0
2012-12-24,sh.601898,7.5100,7.6400,7.4600,7.5000,7.5300,11354671,85505922.0000,3,0.126065,1,-0.398400,0
2012-12-25,sh.601898,7.4800,7.7300,7.4300,7.6800,7.5000,21570857,164362911.0000,3,0.239491,1,2.400000,0
2012-12-26,sh.601898,7.6900,7.7300,7.6000,7.6900,7.6800,11325450,86847742.0000,3,0.125741,1,0.130200,0
2012-12-27,sh.601898,7.7300,7.8300,7.6700,7.7200,7.6900,15486782,119722302.0000,3,0.171942,1,0.390100,0
2012-12-28,sh.601898,7.7200,7.7700,7.6700,7.7600,7.7200,11571109,89355059.0000,3,0.128468,1,0.518100,0
2012-12-31,sh.601898,7.7800,7.8700,7.7200,7.8200,7.7600,18016612,140547616.0000,3,0.200030,1,0.773200,0
2013-01-04,sh.601898,7.9100,7.9400,7.7000,7.7700,7.8200,15048785,117457601.0000,3,0.167079,1,-0.639400,0
2013-01-07,sh.601898,7.7600,7.8100,7.7100,7.7900,7.7700,12858943,99851013.0000,3,0.142766,1,0.257400,0
2013-01-08,sh.601898,7.7800,7.8100,7.7100,7.7500,7.7900,11473354,88785425.0000,3,0.127383,1,-0.513500,0
2013-01-09,sh.601898,7.7500,7.8200,7.6600,7.8200,7.7500,21536370,166711466.0000,3,0.239108,1,0.903200,0
2013-01-10,sh.601898,7.7900,7.8500,7.7000,7.7600,7.8200,24024722,186976924.0000,3,0.266735,1,-0.767300,0
2013-01-11,sh.601898,7.7400,7.7800,7.5900,7.6600,7.7600,19608166,150618320.0000,3,0.217700,1,-1.288700,0
2013-01-14,sh.601898,7.6400,7.8300,7.6100,7.8200,7.6600,19569383,151382885.0000,3,0.217269,1,2.088800,0
2013-01-15,sh.601898,7.8200,7.9000,7.7800,7.8700,7.8200,20687316,162548120.0000,3,0.229681,1,0.639400,0
2013-01-16,sh.601898,7.8800,7.9800,7.7900,7.9000,7.8700,22470149,177285707.0000,3,0.249475,1,0.381200,0
2013-01-17,sh.601898,7.9000,7.9000,7.7600,7.7800,7.9000,15530095,121707388.0000,3,0.172423,1,-1.519000,0
2013-01-18,sh.601898,7.8500,7.9500,7.8300,7.9200,7.7800,14812321,116915155.0000,3,0.164454,1,1.799500,0
2013-01-21,sh.601898,7.9300,8.0400,7.7900,7.9200,7.9200,20180571,160342634.0000,3,0.224055,1,0.000000,0
2013-01-22,sh.601898,7.9000,7.9000,7.7700,7.8200,7.9200,14362504,112557080.0000,3,0.159460,1,-1.262600,0
2013-01-23,sh.601898,7.8100,7.8700,7.7700,7.8100,7.8200,8837150,68957801.0000,3,0.098114,1,-0.127900,0
2013-01-24,sh.601898,7.8300,7.9600,7.6900,7.7200,7.8100,17907411,140593100.0000,3,0.198817,1,-1.152400,0
2013-01-25,sh.601898,7.7600,7.8100,7.7100,7.7700,7.7200,7315385,56844763.0000,3,0.081219,1,0.647700,0
2013-01-28,sh.601898,7.7900,7.9300,7.7700,7.9000,7.7700,12835684,101054547.0000,3,0.142508,1,1.673100,0
2013-01-29,sh.601898,7.8900,8.0400,7.8800,7.9900,7.9000,18423408,146662310.0000,3,0.204546,1,1.139200,0
2013-01-30,sh.601898,8.0400,8.0900,7.9700,8.0100,7.9900,14617937,117375358.0000,3,0.162296,1,0.250300,0
2013-01-31,sh.601898,8.0100,8.1100,7.9600,8.0900,8.0100,18737615,150645336.0000,3,0.208034,1,0.998800,0
2013-02-01,sh.601898,8.0600,8.1200,7.9900,8.0800,8.0900,12328699,99361225.0000,3,0.136879,1,-0.123600,0
2013-02-04,sh.601898,8.1000,8.4400,8.0800,8.3000,8.0800,40973609,339354783.0000,3,0.454910,1,2.722800,0
2013-02-05,sh.601898,8.3000,8.4700,8.2500,8.3600,8.3000,29892148,250129251.0000,3,0.331878,1,0.722900,0
2013-02-06,sh.601898,8.3000,8.3500,8.1600,8.2000,8.3600,19038306,156639341.0000,3,0.211373,1,-1.913900,0
2013-02-07,sh.601898,8.1800,8.2200,8.1400,8.1600,8.2000,11392279,93246907.0000,3,0.126483,1,-0.487800,0
2013-02-08,sh.601898,8.1500,8.2900,8.1300,8.2300,8.1600,11052078,91120565.0000,3,0.122706,1,0.857800,0
2013-02-18,sh.601898,8.2500,8.2600,8.0900,8.1100,8.2300,8788659,71559701.0000,3,0.097576,1,-1.458100,0
2013-02-19,sh.601898,8.1000,8.1300,7.8600,7.9500,8.1100,11014627,88227219.0000,3,0.122290,1,-1.972900,0
2013-02-20,sh.601898,7.9500,8.0100,7.9100,7.9600,7.9500,8934697,71017365.0000,3,0.099198,1,0.125800,0
2013-02-21,sh.601898,7.9000,7.9100,7.6700,7.7000,7.9600,17766123,137593237.0000,3,0.197248,1,-3.266300,0
2013-02-22,sh.601898,7.6900,7.7500,7.6600,7.6900,7.7000,7167063,55152477.0000,3,0.079572,1,-0.129900,0
2013-02-25,sh.601898,7.6900,7.7600,7.6400,7.6600,7.6900,9443325,72608990.0000,3,0.104845,1,-0.390100,0
2013-02-26,sh.601898,7.6300,7.6900,7.3700,7.4100,7.6600,14496513,109420769.0000,3,0.160948,1,-3.263700,0
2013-02-27,sh.601898,7.4300,7.5800,7.4200,7.4700,7.4100,8199650,61264382.0000,3,0.091037,1,0.809700,0
2013-02-28,sh.601898,7.5000,7.6300,7.4500,7.6200,7.4700,11214171,84849892.0000,3,0.124505,1,2.008000,0
2013-03-01,sh.601898,7.6200,7.6300,7.4200,7.5400,7.6200,13728002,103031460.0000,3,0.152415,1,-1.049900,0
2013-03-04,sh.601898,7.4700,7.5300,7.2800,7.3100,7.5400,15508996,114373787.0000,3,0.172189,1,-3.050400,0
2013-03-05,sh.601898,7.3400,7.3800,7.3000,7.3600,7.3100,10561516,77428401.0000,3,0.117259,1,0.684000,0
2013-03-06,sh.601898,7.4000,7.4100,7.2700,7.3700,7.3600,13839697,101527276.0000,3,0.153655,1,0.135900,0
2013-03-07,sh.601898,7.3300,7.5600,7.3000,7.4700,7.3700,25473940,189793931.0000,3,0.282825,1,1.356900,0
2013-03-08,sh.601898,7.4600,7.4600,7.3500,7.4000,7.4700,11708849,86672287.0000,3,0.129998,1,-0.937100,0
2013-03-11,sh.601898,7.3700,7.3900,7.3000,7.3300,7.4000,7673630,56219740.0000,3,0.085197,1,-0.945900,0
2013-03-12,sh.601898,7.3400,7.4200,7.2000,7.2500,7.3300,10942351,79976420.0000,3,0.121487,1,-1.091400,0
2013-03-13,sh.601898,7.2600,7.3200,7.2200,7.2600,7.2500,8643549,62821781.0000,3,0.095965,1,0.137900,0
2013-03-14,sh.601898,7.2100,7.2900,7.1700,7.2400,7.2600,9676655,69877944.0000,3,0.107435,1,-0.275500,0
2013-03-15,sh.601898,7.2400,7.3900,7.1900,7.3700,7.2400,16550956,120919048.0000,3,0.183757,1,1.795600,0
2013-03-18,sh.601898,7.3400,7.3600,7.2000,7.2100,7.3700,10351579,75362352.0000,3,0.114928,1,-2.171000,0
2013-03-19,sh.601898,7.2700,7.2800,7.1600,7.2200,7.2100,9864044,71114176.0000,3,0.109516,1,0.138700,0
2013-03-20,sh.601898,7.2400,7.3900,7.2100,7.3800,7.2200,15211253,111305984.0000,3,0.168883,1,2.216100,0
2013-03-21,sh.601898,7.3900,7.4400,7.3400,7.4000,7.3800,11543273,85262968.0000,3,0.128159,1,0.271000,0
2013-03-22,sh.601898,7.4000,7.4200,7.3600,7.3700,7.4000,6215990,45882472.0000,3,0.069013,1,-0.405400,0
2013-03-25,sh.601898,7.4100,7.4400,7.3300,7.3400,7.3700,6389758,47073688.0000,3,0.070942,1,-0.407100,0
2013-03-26,sh.601898,7.3300,7.3500,7.1900,7.3000,7.3400,10100687,73258608.0000,3,0.112143,1,-0.545000,0
2013-03-27,sh.601898,7.3000,7.3600,7.2300,7.2700,7.3000,5712176,41655428.0000,3,0.063419,1,-0.411000,0
2013-03-28,sh.601898,7.2400,7.3000,7.1200,7.1600,7.2700,10077242,72365200.0000,3,0.111883,1,-1.513100,0
2013-03-29,sh.601898,7.2200,7.2200,7.1500,7.1500,7.1600,4057001,29118434.0000,3,0.045043,1,-0.139700,0
2013-04-01,sh.601898,7.1200,7.1600,7.0600,7.0800,7.1500,6275877,44571284.0000,3,0.069678,1,-0.979000,0
2013-04-02,sh.601898,7.1000,7.1500,7.0400,7.0800,7.0800,8163813,57833596.0000,3,0.090639,1,0.000000,0
2013-04-03,sh.601898,7.1000,7.1600,7.0700,7.1100,7.0800,5634717,40100224.0000,3,0.062559,1,0.423700,0
2013-04-08,sh.601898,7.0100,7.0900,6.9100,6.9800,7.1100,8017713,55953992.0000,3,0.089017,1,-1.828400,0
2013-04-09,sh.601898,7.0100,7.0400,6.9600,6.9800,6.9800,8353748,58388036.0000,3,0.092748,1,0.000000,0
2013-04-10,sh.601898,6.9700,7.0200,6.9400,7.0200,6.9800,7471927,52149012.0000,3,0.082957,1,0.573100,0
2013-04-11,sh.601898,7.0400,7.0600,6.9200,6.9300,7.0200,7008987,48995348.0000,3,0.077817,1,-1.282100,0
2013-04-12,sh.601898,6.9400,6.9500,6.8800,6.8900,6.9300,5236123,36188280.0000,3,0.058134,1,-0.577200,0
2013-04-15,sh.601898,6.8700,6.8900,6.7400,6.7800,6.8900,7270255,49390888.0000,3,0.080718,1,-1.596500,0
2013-04-16,sh.601898,6.7600,6.9500,6.7400,6.9200,6.7800,10035496,68625240.0000,3,0.111419,1,2.064895,0
2013-04-17,sh.601898,6.9000,6.9000,6.8200,6.8500,6.9200,5592636,38285208.0000,3,0.062092,1,-1.011600,0
2013-04-18,sh.601898,6.8200,6.9200,6.7800,6.8500,6.8500,5025182,34440452.0000,3,0.055792,1,0.000000,0
2013-04-19,sh.601898,6.8800,7.0600,6.8600,7.0200,6.8500,11608183,81072344.0000,3,0.128880,1,2.481753,0
2013-04-22,sh.601898,7.0000,7.0100,6.9500,7.0000,7.0200,4994397,34854864.0000,3,0.055450,1,-0.284900,0
2013-04-23,sh.601898,7.0000,7.0100,6.7600,6.7900,7.0000,6376190,43630208.0000,3,0.070792,1,-3.000000,0
2013-04-24,sh.601898,6.8200,6.9500,6.8100,6.8800,6.7900,4933453,33921276.0000,3,0.054774,1,1.325500,0
2013-04-25,sh.601898,6.8600,6.9300,6.7900,6.8900,6.8800,6033479,41412236.0000,3,0.066987,1,0.145300,0
2013-04-26,sh.601898,6.9300,6.9500,6.8100,6.8100,6.8900,4342980,29799210.0000,3,0.048218,1,-1.161102,0
2013-05-02,sh.601898,6.7500,6.7600,6.6200,6.6300,6.8100,9102838,60613872.0000,3,0.101064,1,-2.643200,0
2013-05-03,sh.601898,6.6400,6.8000,6.6400,6.6600,6.6300,9899410,66507744.0000,3,0.109908,1,0.452485,0
2013-05-06,sh.601898,6.7000,6.7900,6.6900,6.7400,6.6600,6889646,46545092.0000,3,0.076492,1,1.201200,0
2013-05-07,sh.601898,6.7100,6.8000,6.6800,6.7700,6.7400,6186896,41780348.0000,3,0.068690,1,0.445100,0
2013-05-08,sh.601898,6.7800,6.8600,6.7600,6.7800,6.7700,6793917,46245072.0000,3,0.075429,1,0.147700,0
2013-05-09,sh.601898,6.8200,6.8300,6.6900,6.7300,6.7800,5967190,40290468.0000,3,0.066251,1,-0.737500,0
2013-05-10,sh.601898,6.7100,6.8200,6.6900,6.8000,6.7300,6711721,45322892.0000,3,0.074517,1,1.040100,0
2013-05-13,sh.601898,6.8000,6.8200,6.7000,6.7300,6.8000,5960877,40098700.0000,3,0.066181,1,-1.029400,0
2013-05-14,sh.601898,6.7600,6.7700,6.6300,6.6700,6.7300,7024522,46910944.0000,3,0.077990,1,-0.891500,0
2013-05-15,sh.601898,6.6900,6.6900,6.5900,6.6200,6.6700,7515738,49765488.0000,3,0.083444,1,-0.749600,0
2013-05-16,sh.601898,6.6100,6.6800,6.5200,6.6700,6.6200,12547612,82753624.0000,3,0.139310,1,0.755300,0
2013-05-17,sh.601898,6.6600,6.9300,6.6200,6.8600,6.6700,17463912,118051144.0000,3,0.193893,1,2.848600,0
2013-05-20,sh.601898,6.8500,6.8700,6.7900,6.8600,6.8600,11211640,76622576.0000,3,0.124477,1,0.000000,0
2013-05-21,sh.601898,6.8700,6.9300,6.8600,6.8900,6.8600,9981726,68822096.0000,3,0.110822,1,0.437314,0
2013-05-22,sh.601898,6.9000,6.9500,6.8500,6.8900,6.8900,9295833,64160400.0000,3,0.103207,1,0.000000,0
2013-05-23,sh.601898,6.8800,6.9000,6.7600,6.7900,6.8900,10354044,70522496.0000,3,0.114956,1,-1.451400,0
2013-05-24,sh.601898,6.8200,6.8500,6.7600,6.8100,6.7900,7902067,53785176.0000,3,0.087733,1,0.294600,0
2013-05-27,sh.601898,6.6700,6.6700,6.5200,6.5300,6.6000,9117145,59833616.0000,3,0.101223,1,-1.060600,0
2013-05-28,sh.601898,6.5300,6.6400,6.4700,6.6300,6.5300,13318997,87229672.0000,3,0.147874,1,1.531400,0
2013-05-29,sh.601898,6.6300,6.6900,6.6000,6.6400,6.6300,9676806,64350732.0000,3,0.107437,1,0.150800,0
2013-05-30,sh.601898,6.6400,6.6500,6.5800,6.6000,6.6400,7621707,50393492.0000,3,0.084620,1,-0.602400,0
2013-05-31,sh.601898,6.6000,6.6400,6.5700,6.5700,6.6000,7012524,46345720.0000,3,0.077857,1,-0.454541,0
2013-06-03,sh.601898,6.6100,6.6400,6.5600,6.5800,6.5700,6126054,40418256.0000,3,0.068015,1,0.152200,0
2013-06-04,sh.601898,6.5800,6.5800,6.4400,6.4700,6.5800,10531544,68213864.0000,3,0.116927,1,-1.671700,0
2013-06-05,sh.601898,6.4900,6.4900,6.4100,6.4400,6.4700,6067295,39075532.0000,3,0.067362,1,-0.463700,0
2013-06-06,sh.601898,6.4300,6.4800,6.4100,6.4200,6.4400,5200272,33479516.0000,3,0.057736,1,-0.310600,0
2013-06-07,sh.601898,6.4200,6.4500,6.3000,6.3200,6.4200,7939089,50519556.0000,3,0.088144,1,-1.557600,0
2013-06-13,sh.601898,6.3000,6.3000,6.0700,6.1500,6.3200,11258302,69063144.0000,3,0.124995,1,-2.689900,0
2013-06-14,sh.601898,6.1400,6.1700,6.0800,6.1100,6.1500,10232254,62482744.0000,3,0.113604,1,-0.650400,0
2013-06-17,sh.601898,6.1100,6.1200,6.0500,6.0600,6.1100,7765810,47171640.0000,3,0.086220,1,-0.818300,0
2013-06-18,sh.601898,6.0800,6.1000,6.0200,6.0600,6.0600,5840513,35334820.0000,3,0.064844,1,0.000000,0
2013-06-19,sh.601898,6.0600,6.0600,5.8200,5.9500,6.0600,10971244,64936636.0000,3,0.121808,1,-1.815200,0
2013-06-20,sh.601898,5.9000,5.9100,5.5400,5.6100,5.9500,13782675,78755056.0000,3,0.153022,1,-5.714300,0
2013-06-21,sh.601898,5.6000,5.6000,5.1800,5.4100,5.6100,25037413,135855488.0000,3,0.277978,1,-3.565100,0
2013-06-24,sh.601898,5.3700,5.3800,5.1200,5.1400,5.4100,19137102,100094080.0000,3,0.212470,1,-4.990800,0
2013-06-25,sh.601898,5.0800,5.1500,4.7000,5.0600,5.1400,26783400,133132160.0000,3,0.297363,1,-1.556400,0
2013-06-26,sh.601898,5.0500,5.0500,4.8700,4.9400,5.0600,16424843,81191024.0000,3,0.182357,1,-2.371500,0
2013-06-27,sh.601898,4.9600,5.0500,4.8400,4.8500,4.9400,17819842,87907008.0000,3,0.197845,1,-1.821900,0
2013-06-28,sh.601898,4.8400,5.0100,4.8100,4.8900,4.8500,19998721,98399888.0000,3,0.222036,1,0.824700,0
2013-07-01,sh.601898,4.8700,4.9700,4.8500,4.9400,4.8900,9636236,47282860.0000,3,0.106986,1,1.022500,0
2013-07-02,sh.601898,4.9400,4.9600,4.8500,4.9300,4.9400,8857884,43339644.0000,3,0.098345,1,-0.202400,0
2013-07-03,sh.601898,4.9000,4.9200,4.8100,4.8400,4.9300,7716515,37457120.0000,3,0.085673,1,-1.825600,0
2013-07-04,sh.601898,4.8300,5.0400,4.7200,4.9300,4.8400,18011549,88002280.0000,3,0.199973,1,1.859500,0
2013-07-05,sh.601898,4.9200,5.0100,4.9000,4.9700,4.9300,13329383,66125040.0000,3,0.147990,1,0.811400,0
2013-07-08,sh.601898,4.9200,4.9300,4.7000,4.7100,4.9700,13512718,64658416.0000,3,0.150025,1,-5.231400,0
2013-07-09,sh.601898,4.7000,4.8000,4.6900,4.7300,4.7100,6254480,29685572.0000,3,0.069440,1,0.424600,0
2013-07-10,sh.601898,4.7100,4.9000,4.7100,4.8700,4.7300,12214294,58958520.0000,3,0.135609,1,2.959800,0
2013-07-11,sh.601898,4.8800,5.1400,4.8700,5.0600,4.8700,24022218,120975576.0000,3,0.266707,1,3.901400,0
2013-07-12,sh.601898,5.0500,5.0500,4.9000,4.9200,5.0600,14603026,72890440.0000,3,0.162130,1,-2.766800,0
2013-07-15,sh.601898,4.9200,5.0500,4.9000,4.9700,4.9200,10092957,50250432.0000,3,0.112057,1,1.016300,0
2013-07-16,sh.601898,4.9700,4.9900,4.9100,4.9600,4.9700,11144983,55091164.0000,3,0.123737,1,-0.201200,0
2013-07-17,sh.601898,4.9500,5.0900,4.9100,4.9200,4.9600,16642275,83274792.0000,3,0.184771,1,-0.806500,0
2013-07-18,sh.601898,4.9100,4.9500,4.8000,4.8900,4.9200,11649134,56731236.0000,3,0.129335,1,-0.609800,0
2013-07-19,sh.601898,4.8800,4.9600,4.8300,4.8500,4.8900,11777674,57777064.0000,3,0.130762,1,-0.818000,0
2013-07-22,sh.601898,4.8400,4.8600,4.7900,4.8500,4.8500,7809975,37688212.0000,3,0.086710,1,0.000000,0
2013-07-23,sh.601898,4.8600,5.0300,4.8400,4.9700,4.8500,13570988,67441000.0000,3,0.150672,1,2.474200,0
2013-07-24,sh.601898,4.9800,4.9900,4.8300,4.9300,4.9700,9037401,44412952.0000,3,0.100338,1,-0.804800,0
2013-07-25,sh.601898,4.9500,5.0300,4.8900,4.9500,4.9300,9512969,47164056.0000,3,0.105618,1,0.405700,0
2013-07-26,sh.601898,4.9300,4.9600,4.8700,4.9000,4.9500,7004518,34372692.0000,3,0.077768,1,-1.010100,0
2013-07-29,sh.601898,4.8700,4.8800,4.8100,4.8300,4.9000,6849109,33108178.0000,3,0.076042,1,-1.428600,0
2013-07-30,sh.601898,4.8400,4.9500,4.8400,4.8900,4.8300,8858382,43359524.0000,3,0.098350,1,1.242200,0
2013-07-31,sh.601898,4.8900,5.0000,4.8900,4.9700,4.8900,7716628,38151240.0000,3,0.085674,1,1.636000,0
2013-08-01,sh.601898,4.9900,5.0900,4.9500,5.0900,4.9700,15720357,79393536.0000,3,0.174535,1,2.414500,0
2013-08-02,sh.601898,5.1100,5.1500,5.0700,5.0900,5.0900,13596265,69385264.0000,3,0.150953,1,0.000000,0
2013-08-05,sh.601898,5.0800,5.1300,5.0200,5.1100,5.0900,10689922,54218300.0000,3,0.118685,1,0.392900,0
2013-08-06,sh.601898,5.0600,5.5000,5.0200,5.2400,5.1100,21115039,109399360.0000,3,0.234430,1,2.544000,0
2013-08-07,sh.601898,5.2000,5.3000,5.1700,5.1900,5.2400,19015317,99528456.0000,3,0.211118,1,-0.954200,0
2013-08-08,sh.601898,5.1800,5.2400,5.1300,5.1600,5.1900,10811903,56125484.0000,3,0.120039,1,-0.578000,0
2013-08-09,sh.601898,5.1900,5.2500,5.1200,5.1600,5.1600,14288728,73874432.0000,3,0.158641,1,0.000000,0
2013-08-12,sh.601898,5.2000,5.5000,5.1800,5.4700,5.1600,37487602,201288096.0000,3,0.416206,1,6.007800,0
2013-08-13,sh.601898,5.4900,5.5000,5.3600,5.4100,5.4700,18549264,100433824.0000,3,0.205943,1,-1.096900,0
2013-08-14,sh.601898,5.4000,5.4900,5.3400,5.3600,5.4100,14514439,78560608.0000,3,0.161147,1,-0.924200,0
2013-08-15,sh.601898,5.3500,5.3900,5.3100,5.3100,5.3600,9085859,48624688.0000,3,0.100876,1,-0.932800,0
2013-08-16,sh.601898,5.2800,5.8400,5.2600,5.3200,5.3100,22917094,124216432.0000,3,0.254437,1,0.188300,0
2013-08-19,sh.601898,5.2800,5.3900,5.2500,5.3500,5.3200,10254097,54602504.0000,3,0.113846,1,0.563900,0
2013-08-20,sh.601898,5.3400,5.3800,5.2300,5.2400,5.3500,9032315,47868232.0000,3,0.100281,1,-2.056100,0
2013-08-21,sh.601898,5.2900,5.3400,5.2300,5.3000,5.2400,7199636,38041552.0000,3,0.079934,1,1.145000,0
2013-08-22,sh.601898,5.2800,5.3300,5.2000,5.2100,5.3000,7516846,39569376.0000,3,0.083456,1,-1.698100,0
2013-08-23,sh.601898,5.2500,5.3100,5.1100,5.1900,5.2100,7430783,38787512.0000,3,0.082500,1,-0.383900,0
2013-08-26,sh.601898,5.2000,5.3000,5.1700,5.2900,5.1900,6502003,34223336.0000,3,0.072189,1,1.926800,0
2013-08-27,sh.601898,5.2800,5.3600,5.2700,5.3200,5.2900,10486433,55614716.0000,3,0.116426,1,0.567100,0
2013-08-28,sh.601898,5.3100,5.4300,5.2600,5.3700,5.3200,16195113,86739296.0000,3,0.179806,1,0.939800,0
2013-08-29,sh.601898,5.3600,5.3700,5.2700,5.2900,5.3700,10203415,54165308.0000,3,0.113283,1,-1.489800,0
2013-08-30,sh.601898,5.2700,5.3100,5.2200,5.2600,5.2900,14553988,76613120.0000,3,0.161586,1,-0.567100,0
2013-09-02,sh.601898,5.2900,5.3000,5.1500,5.2600,5.2600,10419665,54530068.0000,3,0.115684,1,0.000000,0
2013-09-03,sh.601898,5.2500,5.3400,5.2200,5.3200,5.2600,10067981,53341276.0000,3,0.111780,1,1.140700,0
2013-09-04,sh.601898,5.3000,5.3600,5.2900,5.3200,5.3200,8684347,46186540.0000,3,0.096418,1,0.000000,0
2013-09-05,sh.601898,5.3100,5.3100,5.2400,5.2400,5.3200,6560414,34537128.0000,3,0.072837,1,-1.503800,0
2013-09-06,sh.601898,5.2500,5.3100,5.2400,5.3000,5.2400,7004186,36950616.0000,3,0.077764,1,1.145000,0
2013-09-09,sh.601898,5.3000,5.4400,5.2800,5.4000,5.3000,18187946,97854928.0000,3,0.201932,1,1.886800,0
2013-09-10,sh.601898,5.4000,5.6500,5.4000,5.6100,5.4000,28773132,158875952.0000,3,0.319454,1,3.888900,0
2013-09-11,sh.601898,5.6200,5.8300,5.5800,5.7200,5.6100,30221027,173092079.0000,3,0.335529,1,1.960800,0
2013-09-12,sh.601898,5.7500,5.7600,5.6200,5.7100,5.7200,18827079,107238826.0000,3,0.209028,1,-0.174800,0
2013-09-13,sh.601898,5.9200,5.9200,5.6600,5.6600,5.7100,17385311,99884223.0000,3,0.193020,1,-0.875700,0
2013-09-16,sh.601898,5.6900,5.7400,5.5600,5.5600,5.6600,11260530,63547783.0000,3,0.125020,1,-1.766800,0
2013-09-17,sh.601898,5.5700,5.6000,5.4300,5.4500,5.5600,9557558,52565274.0000,3,0.106113,1,-1.978400,0
2013-09-18,sh.601898,5.4900,5.5000,5.4400,5.4800,5.4500,7145429,39100765.0000,3,0.079332,1,0.550500,0
2013-09-23,sh.601898,5.4800,5.5800,5.4700,5.5300,5.4800,8490456,47014737.0000,3,0.094265,1,0.912400,0
2013-09-24,sh.601898,5.5000,5.5500,5.3700,5.4500,5.5300,10509893,57181572.0000,3,0.116686,1,-1.446700,0
2013-09-25,sh.601898,5.4600,5.5000,5.4400,5.4500,5.4500,6142008,33597255.0000,3,0.068192,1,0.000000,0
2013-09-26,sh.601898,5.4500,5.4700,5.2900,5.3000,5.4500,9241019,49373942.0000,3,0.102598,1,-2.752300,0
2013-09-27,sh.601898,5.3000,5.3900,5.3000,5.3500,5.3000,5704172,30517139.0000,3,0.063331,1,0.943400,0
2013-09-30,sh.601898,5.3500,5.3800,5.3200,5.3600,5.3500,4254831,22736174.0000,3,0.047239,1,0.186900,0
2013-10-08,sh.601898,5.3400,5.4000,5.3000,5.3900,5.3600,5744728,30682359.0000,3,0.063781,1,0.559700,0
2013-10-09,sh.601898,5.3700,5.3800,5.3400,5.3700,5.3900,5438212,29124802.0000,3,0.060378,1,-0.371100,0
2013-10-10,sh.601898,5.3700,5.3900,5.3000,5.3300,5.3700,6590803,35223129.0000,3,0.073174,1,-0.744900,0
2013-10-11,sh.601898,5.3500,5.4300,5.3500,5.4300,5.3300,9112491,49217048.0000,3,0.101171,1,1.876200,0
2013-10-14,sh.601898,5.4500,5.4800,5.4000,5.4500,5.4300,9228201,50275759.0000,3,0.102456,1,0.368300,0
2013-10-15,sh.601898,5.4700,5.4800,5.3800,5.4300,5.4500,7321005,39729587.0000,3,0.081281,1,-0.367000,0
2013-10-16,sh.601898,5.4200,5.4200,5.3100,5.3300,5.4300,7510401,40098691.0000,3,0.083384,1,-1.841600,0
2013-10-17,sh.601898,5.3700,5.5700,5.3300,5.4400,5.3300,14068993,76670298.0000,3,0.156201,1,2.063800,0
2013-10-18,sh.601898,5.4300,5.4300,5.3800,5.3800,5.4400,5358254,28930935.0000,3,0.059490,1,-1.102900,0
2013-10-21,sh.601898,5.3900,5.4200,5.2800,5.4100,5.3800,12043995,64519746.0000,3,0.133719,1,0.557600,0
2013-10-22,sh.601898,5.3800,5.4700,5.3600,5.4200,5.4100,11370585,61544172.0000,3,0.126242,1,0.184800,0
2013-10-23,sh.601898,5.4300,5.4700,5.3700,5.3700,5.4200,10027227,54313257.0000,3,0.111327,1,-0.922500,0
2013-10-24,sh.601898,5.3700,5.3700,5.2600,5.2700,5.3700,10220301,54191953.0000,3,0.113471,1,-1.862200,0
2013-10-25,sh.601898,5.2900,5.2900,5.1500,5.1700,5.2700,8140323,42560715.0000,3,0.090378,1,-1.897500,0
2013-10-28,sh.601898,5.1400,5.1700,5.0500,5.0800,5.1700,7547632,38527800.0000,3,0.083798,1,-1.740800,0
2013-10-29,sh.601898,5.0800,5.1700,4.9700,5.0200,5.0800,9994309,50576419.0000,3,0.110962,1,-1.181100,0
2013-10-30,sh.601898,5.0300,5.1300,5.0200,5.1200,5.0200,7089198,36087117.0000,3,0.078708,1,1.992000,0
2013-10-31,sh.601898,5.1100,5.1200,5.0700,5.1200,5.1200,4455306,22707378.0000,3,0.049465,1,0.000000,0
2013-11-01,sh.601898,5.1200,5.1800,5.1000,5.1700,5.1200,4790575,24634163.0000,3,0.053187,1,0.976600,0
2013-11-04,sh.601898,5.2100,5.2100,5.1200,5.1500,5.1700,3278223,16920444.0000,3,0.036396,1,-0.386800,0
2013-11-05,sh.601898,5.1300,5.1400,5.0600,5.1300,5.1500,4413370,22521449.0000,3,0.048999,1,-0.388300,0
2013-11-06,sh.601898,5.1100,5.2500,5.1000,5.1500,5.1300,7059292,36496723.0000,3,0.078376,1,0.389900,0
2013-11-07,sh.601898,5.1900,5.2700,5.1200,5.2400,5.1500,11324327,58995530.0000,3,0.125728,1,1.747600,0
2013-11-08,sh.601898,5.2200,5.2500,5.1200,5.1300,5.2400,5714643,29639098.0000,3,0.063447,1,-2.099200,0
2013-11-11,sh.601898,5.1200,5.1500,5.0800,5.1000,5.1300,3305081,16868034.0000,3,0.036695,1,-0.584800,0
2013-11-12,sh.601898,5.1100,5.2100,5.0900,5.1700,5.1000,7136746,36849986.0000,3,0.079236,1,1.372500,0
2013-11-13,sh.601898,5.1300,5.1500,5.0600,5.0700,5.1700,5467604,27864920.0000,3,0.060704,1,-1.934200,0
2013-11-14,sh.601898,5.0800,5.1300,5.0000,5.0300,5.0700,11297290,57107190.0000,3,0.125428,1,-0.789000,0
2013-11-15,sh.601898,5.0300,5.1400,5.0100,5.1100,5.0300,9540674,48583784.0000,3,0.105925,1,1.590500,0
2013-11-18,sh.601898,5.1200,5.2300,5.1000,5.2100,5.1100,12063302,62553844.0000,3,0.133933,1,1.956900,0
2013-11-19,sh.601898,5.2100,5.2900,5.2000,5.2500,5.2100,13308206,70009691.0000,3,0.147754,1,0.767800,0
2013-11-20,sh.601898,5.3000,5.3100,5.2200,5.2700,5.2500,8821404,46326550.0000,3,0.097940,1,0.381000,0
2013-11-21,sh.601898,5.2700,5.4200,5.2500,5.3300,5.2700,14775315,79006282.0000,3,0.164043,1,1.138500,0
2013-11-22,sh.601898,5.3400,5.4100,5.2900,5.4000,5.3300,12967895,69383607.0000,3,0.143976,1,1.313300,0
2013-11-25,sh.601898,5.3600,5.3800,5.3200,5.3200,5.4000,5970084,31924784.0000,3,0.066283,1,-1.481500,0
2013-11-26,sh.601898,5.3200,5.3500,5.2700,5.2800,5.3200,5089826,26976017.0000,3,0.056510,1,-0.751900,0
2013-11-27,sh.601898,5.2700,5.4400,5.2500,5.4300,5.2800,17201487,92236601.0000,3,0.190980,1,2.840900,0
2013-11-28,sh.601898,5.4600,5.5600,5.4200,5.4200,5.4300,19291498,105862706.0000,3,0.214184,1,-0.184200,0
2013-11-29,sh.601898,5.4300,5.4500,5.3600,5.3800,5.4200,8553039,46109338.0000,3,0.094960,1,-0.738000,0
2013-12-02,sh.601898,5.3400,5.3800,5.2700,5.3200,5.3800,11666798,62042263.0000,3,0.129531,1,-1.115200,0
2013-12-03,sh.601898,5.3100,5.4200,5.2800,5.4000,5.3200,10045768,53886834.0000,3,0.111533,1,1.503800,0
2013-12-04,sh.601898,5.4000,5.4800,5.3800,5.4300,5.4000,15406531,83863898.0000,3,0.171051,1,0.555600,0
2013-12-05,sh.601898,5.4400,5.5000,5.3300,5.4100,5.4300,15961906,86377245.0000,3,0.177217,1,-0.368300,0
2013-12-06,sh.601898,5.3800,5.4000,5.3300,5.3500,5.4100,8696311,46567654.0000,3,0.096551,1,-1.109100,0
2013-12-09,sh.601898,5.3600,5.3900,5.3200,5.3500,5.3500,6382859,34120050.0000,3,0.070866,1,0.000000,0
2013-12-10,sh.601898,5.3500,5.3700,5.3000,5.3100,5.3500,6814576,36301109.0000,3,0.075659,1,-0.747700,0
2013-12-11,sh.601898,5.2900,5.3000,5.1700,5.1800,5.3100,10617176,55385600.0000,3,0.117877,1,-2.448200,0
2013-12-12,sh.601898,5.1900,5.2100,5.1200,5.1400,5.1800,9134477,47110164.0000,3,0.101416,1,-0.772200,0
2013-12-13,sh.601898,5.1300,5.1400,5.0600,5.0800,5.1400,12381784,63081426.0000,3,0.137469,1,-1.167300,0
2013-12-16,sh.601898,5.1000,5.1200,5.0000,5.0200,5.0800,10457482,52772257.0000,3,0.116104,1,-1.181100,0
2013-12-17,sh.601898,5.0300,5.0600,5.0100,5.0200,5.0200,6193746,31201232.0000,3,0.068766,1,0.000000,0
2013-12-18,sh.601898,5.0400,5.0500,4.9800,5.0100,5.0200,8047600,40352006.0000,3,0.089349,1,-0.199200,0
2013-12-19,sh.601898,5.0200,5.0700,4.9800,4.9900,5.0100,11952125,59983793.0000,3,0.132699,1,-0.399200,0
2013-12-20,sh.601898,4.9800,4.9900,4.6600,4.6900,4.9900,39279595,188238096.0000,3,0.436102,1,-6.012000,0
2013-12-23,sh.601898,4.7300,4.7400,4.6600,4.7200,4.6900,10504737,49493748.0000,3,0.116629,1,0.639700,0
2013-12-24,sh.601898,4.7200,4.7600,4.6900,4.7500,4.7200,8582562,40594685.0000,3,0.095288,1,0.635600,0
2013-12-25,sh.601898,4.7500,4.7600,4.7100,4.7400,4.7500,5445310,25777195.0000,3,0.060457,1,-0.210500,0
2013-12-26,sh.601898,4.7300,4.7400,4.6500,4.6700,4.7400,10237883,47913856.0000,3,0.113666,1,-1.476800,0
2013-12-27,sh.601898,4.6700,4.7900,4.6500,4.7500,4.6700,10093983,47746334.0000,3,0.112068,1,1.713100,0
2013-12-30,sh.601898,4.7600,4.7800,4.7100,4.7300,4.7500,5723731,27083454.0000,3,0.063548,1,-0.421100,0
2013-12-31,sh.601898,4.7000,4.8300,4.6900,4.7700,4.7300,12062904,57651755.0000,3,0.133928,1,0.845700,0
2014-01-02,sh.601898,4.7900,4.7900,4.7000,4.7200,4.7700,10715855,50691335.0000,3,0.118973,1,-1.048200,0
2014-01-03,sh.601898,4.6900,4.7000,4.6400,4.6700,4.7200,8464161,39439880.0000,3,0.093973,1,-1.059300,0
2014-01-06,sh.601898,4.6700,4.6700,4.4900,4.5100,4.6700,8997139,40901961.0000,3,0.099891,1,-3.426100,0
2014-01-07,sh.601898,4.4900,4.5400,4.4500,4.5100,4.5100,5833174,26268403.0000,3,0.064763,1,0.000000,0
2014-01-08,sh.601898,4.5200,4.5500,4.4600,4.4700,4.5100,5211874,23414759.0000,3,0.057865,1,-0.886900,0
2014-01-09,sh.601898,4.4900,4.5100,4.4300,4.4300,4.4700,8027526,35877168.0000,3,0.089126,1,-0.894900,0
2014-01-10,sh.601898,4.4300,4.4700,4.4000,4.4500,4.4300,7565346,33523218.0000,3,0.083994,1,0.451500,0
2014-01-13,sh.601898,4.4500,4.5000,4.4300,4.4800,4.4500,4455891,19920385.0000,3,0.049472,1,0.674200,0
2014-01-14,sh.601898,4.4800,4.5100,4.4500,4.5000,4.4800,4612898,20681934.0000,3,0.051215,1,0.446400,0
2014-01-15,sh.601898,4.5100,4.5100,4.4300,4.4700,4.5000,3735886,16678417.0000,3,0.041478,1,-0.666700,0
2014-01-16,sh.601898,4.4700,4.5200,4.4400,4.4700,4.4700,6959471,31116150.0000,3,0.077268,1,0.000000,0
2014-01-17,sh.601898,4.4500,4.4500,4.2800,4.2900,4.4700,12249408,53310005.0000,3,0.135999,1,-4.026800,0
2014-01-20,sh.601898,4.2900,4.3300,4.2800,4.2900,4.2900,5727320,24636498.0000,3,0.063588,1,0.000000,0
2014-01-21,sh.601898,4.2900,4.3500,4.2900,4.3200,4.2900,4243081,18366141.0000,3,0.047109,1,0.699300,0
2014-01-22,sh.601898,4.3400,4.4200,4.3300,4.4100,4.3200,6400368,28113612.0000,3,0.071060,1,2.083300,0
2014-01-23,sh.601898,4.4000,4.4100,4.3600,4.3700,4.4100,4239161,18567417.0000,3,0.047065,1,-0.907000,0
2014-01-24,sh.601898,4.3600,4.4300,4.3500,4.4000,4.3700,8965732,39491446.0000,3,0.099542,1,0.686500,0
2014-01-27,sh.601898,4.3900,4.4100,4.3200,4.3900,4.4000,9096558,39794681.0000,3,0.100995,1,-0.227300,0
2014-01-28,sh.601898,4.4100,4.4300,4.3800,4.4000,4.3900,6373587,28047776.0000,3,0.070763,1,0.227800,0
2014-01-29,sh.601898,4.4200,4.4200,4.3800,4.4000,4.4000,5307346,23352469.0000,3,0.058925,1,0.000000,0
2014-01-30,sh.601898,4.3800,4.4100,4.3400,4.3500,4.4000,4913892,21522769.0000,3,0.054557,1,-1.136400,0
2014-02-07,sh.601898,4.3400,4.4000,4.3100,4.4000,4.3500,5469837,23802041.0000,3,0.059767,1,1.149400,0
2014-02-10,sh.601898,4.4000,4.4700,4.3900,4.4600,4.4000,11869657,52721503.0000,3,0.129695,1,1.363600,0
2014-02-11,sh.601898,4.4500,4.5700,4.4400,4.5300,4.4600,14790948,66713435.0000,3,0.161614,1,1.569500,0
2014-02-12,sh.601898,4.5200,4.5400,4.4900,4.5100,4.5300,7658233,34551465.0000,3,0.083678,1,-0.441500,0
2014-02-13,sh.601898,4.5000,4.5500,4.4500,4.4600,4.5100,9301735,41998573.0000,3,0.101636,1,-1.108600,0
2014-02-14,sh.601898,4.4600,4.5200,4.4600,4.4900,4.4600,4452073,19961915.0000,3,0.048646,1,0.672600,0
2014-02-17,sh.601898,4.5000,4.7800,4.5000,4.6400,4.4900,17628328,81251034.0000,3,0.192617,1,3.340800,0
2014-02-18,sh.601898,4.6200,4.6900,4.5400,4.5900,4.6400,11014518,50672546.0000,3,0.120351,1,-1.077600,0
2014-02-19,sh.601898,4.5700,4.6500,4.5500,4.6000,4.5900,7157650,32958193.0000,3,0.078209,1,0.217900,0
2014-02-20,sh.601898,4.6000,4.6600,4.5500,4.5700,4.6000,13431305,62036835.0000,3,0.146758,1,-0.652200,0
2014-02-21,sh.601898,4.5700,4.5700,4.4700,4.4800,4.5700,6837103,30882721.0000,3,0.074706,1,-1.969400,0
2014-02-24,sh.601898,4.4400,4.4500,4.3000,4.3200,4.4800,12730838,55469628.0000,3,0.139104,1,-3.571400,0
2014-02-25,sh.601898,4.3100,4.3500,4.2000,4.2100,4.3200,9088954,39040640.0000,3,0.099311,1,-2.546300,0
2014-02-26,sh.601898,4.2100,4.2600,4.2000,4.2500,4.2100,6303317,26649840.0000,3,0.068874,1,0.950100,0
2014-02-27,sh.601898,4.2300,4.2800,4.2300,4.2500,4.2500,6663988,28351403.0000,3,0.072815,1,0.000000,0
2014-02-28,sh.601898,4.2500,4.3200,4.2200,4.2700,4.2500,7284001,31165005.0000,3,0.079589,1,0.470600,0
2014-03-03,sh.601898,4.2700,4.3300,4.2500,4.3100,4.2700,6178412,26563655.0000,3,0.067509,1,0.936800,0
2014-03-04,sh.601898,4.2900,4.3000,4.1900,4.2600,4.3100,8587080,36465400.0000,3,0.093827,1,-1.160100,0
2014-03-05,sh.601898,4.2600,4.3400,4.2200,4.2700,4.2600,9356171,40079139.0000,3,0.102231,1,0.234700,0
2014-03-06,sh.601898,4.2600,4.2700,4.2100,4.2600,4.2700,6049436,25637251.0000,3,0.066100,1,-0.234200,0
2014-03-07,sh.601898,4.2600,4.3200,4.2200,4.2300,4.2600,6232868,26634613.0000,3,0.068104,1,-0.704200,0
2014-03-10,sh.601898,4.2100,4.2200,4.1000,4.1100,4.2300,8462826,35146013.0000,3,0.092470,1,-2.836900,0
2014-03-11,sh.601898,4.1000,4.1800,4.0800,4.1200,4.1100,5921881,24409786.0000,3,0.064706,1,0.243300,0
2014-03-12,sh.601898,4.1000,4.1700,4.0700,4.1400,4.1200,8430698,34839222.0000,3,0.092119,1,0.485400,0
2014-03-13,sh.601898,4.1400,4.2400,4.1400,4.2100,4.1400,8758636,36733188.0000,3,0.095702,1,1.690800,0
2014-03-14,sh.601898,4.1800,4.2300,4.1500,4.2000,4.2100,5558201,23376052.0000,3,0.060732,1,-0.237500,0
2014-03-17,sh.601898,4.2400,4.2500,4.2000,4.2300,4.2000,4252438,17970752.0000,3,0.046465,1,0.714300,0
2014-03-18,sh.601898,4.2400,4.2700,4.2100,4.2500,4.2300,6191607,26290058.0000,3,0.067653,1,0.472800,0
2014-03-19,sh.601898,4.2500,4.2800,4.2300,4.2800,4.2500,5282861,22503091.0000,3,0.057724,1,0.705900,0
2014-03-20,sh.601898,4.2800,4.3100,4.2000,4.2100,4.2800,6078801,25965914.0000,3,0.066420,1,-1.635500,0
2014-03-21,sh.601898,4.2000,4.3800,4.1900,4.3300,4.2100,16814337,72499738.0000,3,0.183723,1,2.850400,0
2014-03-24,sh.601898,4.3300,4.4100,4.3000,4.3800,4.3300,12857853,56308326.0000,3,0.140492,1,1.154700,0
2014-03-25,sh.601898,4.3900,4.5100,4.3900,4.4800,4.3800,17238869,76867658.0000,3,0.188362,1,2.283100,0
2014-03-26,sh.601898,4.4800,4.4900,4.4100,4.4300,4.4800,5852495,25987367.0000,3,0.063948,1,-1.116100,0
2014-03-27,sh.601898,4.4300,4.4500,4.3800,4.3800,4.4300,4300743,18982043.0000,3,0.046992,1,-1.128700,0
2014-03-28,sh.601898,4.3800,4.4300,4.3500,4.3800,4.3800,5429482,23885129.0000,3,0.059326,1,0.000000,0
2014-03-31,sh.601898,4.3800,4.4400,4.3600,4.4100,4.3800,5288422,23336845.0000,3,0.057784,1,0.684900,0
2014-04-01,sh.601898,4.4000,4.4500,4.4000,4.4300,4.4100,4977508,22016204.0000,3,0.054387,1,0.453500,0
2014-04-02,sh.601898,4.4100,4.4200,4.3500,4.4000,4.4300,17651981,77371975.0000,3,0.192876,1,-0.677200,0
2014-04-03,sh.601898,4.4000,4.4200,4.2400,4.2500,4.4000,22880608,98247389.0000,3,0.250007,1,-3.409100,0
2014-04-04,sh.601898,4.2300,4.2500,4.1900,4.2400,4.2500,15743779,66364935.0000,3,0.172026,1,-0.235300,0
2014-04-08,sh.601898,4.2300,4.3400,4.2100,4.3100,4.2400,16993547,72899681.0000,3,0.185681,1,1.650900,0
2014-04-09,sh.601898,4.3200,4.3300,4.2800,4.3000,4.3100,10085628,43416030.0000,3,0.110201,1,-0.232000,0
2014-04-10,sh.601898,4.3000,4.4000,4.2500,4.3600,4.3000,25830850,111910432.0000,3,0.282243,1,1.395300,0
2014-04-11,sh.601898,4.3300,4.3400,4.2800,4.3200,4.3600,15378175,66272810.0000,3,0.168031,1,-0.917400,0
2014-04-14,sh.601898,4.3100,4.3200,4.2800,4.3000,4.3200,8035771,34531190.0000,3,0.087803,1,-0.463000,0
2014-04-15,sh.601898,4.2900,4.3000,4.2100,4.2300,4.3000,9727350,41261837.0000,3,0.106287,1,-1.627900,0
2014-04-16,sh.601898,4.2200,4.2600,4.2100,4.2300,4.2300,6479873,27427137.0000,3,0.070803,1,0.000000,0
2014-04-17,sh.601898,4.2300,4.2400,4.1800,4.1900,4.2300,9400153,39469093.0000,3,0.102711,1,-0.945600,0
2014-04-18,sh.601898,4.1800,4.2000,4.1300,4.1700,4.1900,12823692,53263781.0000,3,0.140119,1,-0.477300,0
2014-04-21,sh.601898,4.1300,4.1700,4.1000,4.1100,4.1700,7382465,30548862.0000,3,0.080665,1,-1.438800,0
2014-04-22,sh.601898,4.1000,4.1300,4.0800,4.1300,4.1100,6281999,25791549.0000,3,0.068641,1,0.486600,0
2014-04-23,sh.601898,4.1100,4.1600,4.1000,4.1400,4.1300,6069770,25099924.0000,3,0.066322,1,0.242100,0
2014-04-24,sh.601898,4.1300,4.2500,4.1200,4.2200,4.1400,20001208,84317295.0000,3,0.218545,1,1.932400,0
2014-04-25,sh.601898,4.2400,4.2700,4.1400,4.1500,4.2200,11214898,47084609.0000,3,0.122540,1,-1.658800,0
2014-04-28,sh.601898,4.1200,4.1700,4.1000,4.1100,4.1500,8813446,36391374.0000,3,0.096301,1,-0.963900,0
2014-04-29,sh.601898,4.1300,4.2500,4.1200,4.2100,4.1100,17268881,72649256.0000,3,0.188690,1,2.433100,0
2014-04-30,sh.601898,4.2100,4.2400,4.1300,4.1700,4.2100,10663119,44577118.0000,3,0.116511,1,-0.950100,0
2014-05-05,sh.601898,4.1700,4.1900,4.1100,4.1800,4.1700,7088809,29351768.0000,3,0.077456,1,0.239800,0
2014-05-06,sh.601898,4.1600,4.1800,4.1300,4.1300,4.1800,8255355,34267864.0000,3,0.090203,1,-1.196200,0
2014-05-07,sh.601898,4.1300,4.1400,4.0900,4.1000,4.1300,7375038,30323403.0000,3,0.080584,1,-0.726400,0
2014-05-08,sh.601898,4.1000,4.2100,4.0900,4.1700,4.1000,17844131,74414417.0000,3,0.194975,1,1.707300,0
2014-05-09,sh.601898,4.1600,4.2100,4.1400,4.1800,4.1700,9402797,39263888.0000,3,0.102740,1,0.239800,0
2014-05-12,sh.601898,4.2100,4.6000,4.1600,4.5100,4.1800,100759356,449587648.0000,3,1.100954,1,7.894700,0
2014-05-13,sh.601898,4.4600,4.5000,4.3000,4.3300,4.5100,56805612,247899297.0000,3,0.620691,1,-3.991100,0
2014-05-14,sh.601898,4.3100,4.3400,4.2500,4.2800,4.3300,18557026,79797716.0000,3,0.202765,1,-1.154700,0
2014-05-15,sh.601898,4.2800,4.3200,4.1900,4.2200,4.2800,17650403,74812956.0000,3,0.192858,1,-1.401900,0
2014-05-16,sh.601898,4.2000,4.2200,4.1200,4.1600,4.2200,21499929,89467594.0000,3,0.234921,1,-1.421800,0
2014-05-19,sh.601898,4.1400,4.1400,4.1000,4.1400,4.1600,12243338,50394265.0000,3,0.133778,1,-0.480800,0
2014-05-20,sh.601898,4.1400,4.1700,4.1100,4.1300,4.1400,9213150,38076527.0000,3,0.100668,1,-0.241500,0
2014-05-21,sh.601898,4.1200,4.2200,4.1000,4.1900,4.1300,14618170,61032141.0000,3,0.159727,1,1.452800,0
2014-05-22,sh.601898,4.1700,4.2000,4.1300,4.1400,4.1900,10335162,43029535.0000,3,0.112928,1,-1.193300,0
2014-05-23,sh.601898,4.1000,4.1000,4.0400,4.0900,4.0600,10121036,41177581.0000,3,0.110588,1,0.738900,0
2014-05-26,sh.601898,4.0900,4.1200,4.0800,4.1000,4.0900,6755155,27714223.0000,3,0.073811,1,0.244500,0
2014-05-27,sh.601898,4.1000,4.1100,4.0800,4.1000,4.1000,6020397,24677558.0000,3,0.065782,1,0.000000,0
2014-05-28,sh.601898,4.1000,4.1400,4.0600,4.1100,4.1000,11691930,47901247.0000,3,0.127753,1,0.243900,0
2014-05-29,sh.601898,4.1100,4.1100,4.0700,4.0800,4.1100,8257082,33734467.0000,3,0.090222,1,-0.729900,0
2014-05-30,sh.601898,4.0800,4.1000,4.0600,4.0700,4.0800,6148372,25073984.0000,3,0.067181,1,-0.245100,0
2014-06-03,sh.601898,4.0700,4.1000,4.0500,4.0500,4.0700,9486504,38530246.0000,3,0.103655,1,-0.491400,0
2014-06-04,sh.601898,4.0500,4.0700,3.9700,4.0000,4.0500,19091870,76531112.0000,3,0.208609,1,-1.234600,0
2014-06-05,sh.601898,4.0000,4.0300,3.9800,4.0200,4.0000,6111713,24459738.0000,3,0.066780,1,0.500000,0
2014-06-06,sh.601898,4.0200,4.0300,3.9600,3.9700,4.0200,8091740,32226360.0000,3,0.088415,1,-1.243800,0
2014-06-09,sh.601898,3.9700,4.0000,3.9500,3.9700,3.9700,6328993,25159667.0000,3,0.069154,1,0.000000,0
2014-06-10,sh.601898,3.9800,4.0000,3.9600,3.9900,3.9700,9551179,38037523.0000,3,0.104362,1,0.503800,0
2014-06-11,sh.601898,3.9900,4.0000,3.9700,3.9900,3.9900,6409661,25559672.0000,3,0.070036,1,0.000000,0
2014-06-12,sh.601898,3.9900,4.0000,3.9600,3.9800,3.9900,6399908,25462788.0000,3,0.069929,1,-0.250600,0
2014-06-13,sh.601898,3.9800,4.0200,3.9700,4.0100,3.9800,9909300,39625453.0000,3,0.108275,1,0.753800,0
2014-06-16,sh.601898,4.0200,4.0300,4.0000,4.0200,4.0100,8982708,36047457.0000,3,0.098150,1,0.249400,0
2014-06-17,sh.601898,4.0100,4.0100,3.9800,3.9900,4.0200,6606397,26379938.0000,3,0.072185,1,-0.746300,0
2014-06-18,sh.601898,3.9900,4.0200,3.9700,3.9800,3.9900,9058896,36122316.0000,3,0.098983,1,-0.250600,0
2014-06-19,sh.601898,3.9800,3.9900,3.8900,3.9100,3.9800,9499248,37421824.0000,3,0.103794,1,-1.758800,0
2014-06-20,sh.601898,3.9200,3.9700,3.9000,3.9500,3.9100,9937119,39167992.0000,3,0.108579,1,1.023000,0
2014-06-23,sh.601898,3.9500,4.0100,3.9400,3.9900,3.9500,7701659,30694464.0000,3,0.084153,1,1.012700,0
2014-06-24,sh.601898,3.9900,4.0200,3.9600,4.0000,3.9900,6118872,24440647.0000,3,0.066858,1,0.250600,0
2014-06-25,sh.601898,4.0000,4.0500,3.9600,3.9700,4.0000,13361374,53523985.0000,3,0.145994,1,-0.750000,0
2014-06-26,sh.601898,3.9700,4.0100,3.9600,3.9900,3.9700,7610184,30351702.0000,3,0.083153,1,0.503800,0
2014-06-27,sh.601898,3.9900,4.0200,3.9800,4.0100,3.9900,5423137,21684361.0000,3,0.059256,1,0.501300,0
2014-06-30,sh.601898,4.0100,4.0400,4.0000,4.0300,4.0100,9537848,38393459.0000,3,0.104216,1,0.498800,0
2014-07-01,sh.601898,4.0300,4.0700,4.0100,4.0400,4.0300,7007111,28287494.0000,3,0.076564,1,0.248100,0
2014-07-02,sh.601898,4.0400,4.0800,4.0200,4.0600,4.0400,10847885,43948370.0000,3,0.118530,1,0.495000,0
2014-07-03,sh.601898,4.0600,4.0800,4.0400,4.0700,4.0600,7710073,31291926.0000,3,0.084245,1,0.246300,0
2014-07-04,sh.601898,4.0700,4.0700,4.0400,4.0500,4.0700,4672479,18916869.0000,3,0.051054,1,-0.491400,0
2014-07-07,sh.601898,4.0500,4.0600,4.0100,4.0200,4.0500,6032238,24322442.0000,3,0.065912,1,-0.740700,0
2014-07-08,sh.601898,4.0200,4.0400,4.0000,4.0200,4.0200,4494974,18071334.0000,3,0.049115,1,0.000000,0
2014-07-09,sh.601898,4.0200,4.0400,3.9700,3.9800,4.0200,6223529,24960530.0000,3,0.068002,1,-0.995000,0
2014-07-10,sh.601898,3.9800,4.0100,3.9600,3.9600,3.9800,10717766,42607120.0000,3,0.117108,1,-0.502500,0
2014-07-11,sh.601898,3.9700,4.0000,3.9600,3.9800,3.9600,19952165,79313990.0000,3,0.218009,1,0.505100,0
2014-07-14,sh.601898,3.9800,4.0100,3.9600,4.0000,3.9800,17136255,68352851.0000,3,0.187241,1,0.502500,0
2014-07-15,sh.601898,4.0100,4.0300,3.9900,4.0100,4.0000,17328934,69480227.0000,3,0.189346,1,0.250000,0
2014-07-16,sh.601898,4.0200,4.0700,4.0100,4.0700,4.0100,22024275,89076899.0000,3,0.240650,1,1.496300,0
2014-07-17,sh.601898,4.0600,4.0600,4.0100,4.0300,4.0700,12436000,50101160.0000,3,0.135883,1,-0.982800,0
2014-07-18,sh.601898,4.0300,4.0600,4.0200,4.0400,4.0300,12266319,49522536.0000,3,0.134029,1,0.248100,0
2014-07-21,sh.601898,4.0300,4.0400,3.9900,4.0000,4.0400,10693393,42835997.0000,3,0.116842,1,-0.990100,0
2014-07-22,sh.601898,3.9900,4.0700,3.9900,4.0500,4.0000,19269050,77964927.0000,3,0.210545,1,1.250000,0
2014-07-23,sh.601898,4.0400,4.1100,4.0400,4.0700,4.0500,19508557,79478187.0000,3,0.213162,1,0.493800,0
2014-07-24,sh.601898,4.0700,4.1700,4.0600,4.1400,4.0700,38501237,159020630.0000,3,0.420687,1,1.719900,0
2014-07-25,sh.601898,4.1400,4.2300,4.1000,4.2000,4.1400,36847280,154048933.0000,3,0.402614,1,1.449300,0
2014-07-28,sh.601898,4.2200,4.4000,4.2100,4.3700,4.2000,51104781,220911189.0000,3,0.558400,1,4.047600,0
2014-07-29,sh.601898,4.3400,4.3600,4.2900,4.3000,4.3700,35341794,152251069.0000,3,0.386165,1,-1.601800,0
2014-07-30,sh.601898,4.3000,4.4000,4.2700,4.3000,4.3000,25740623,111373965.0000,3,0.281257,1,0.000000,0
2014-07-31,sh.601898,4.2900,4.3600,4.2800,4.3600,4.3000,21316415,92228986.0000,3,0.232915,1,1.395300,0
2014-08-01,sh.601898,4.3500,4.4500,4.3200,4.3500,4.3600,54818611,239883293.0000,3,0.598980,1,-0.229400,0
2014-08-04,sh.601898,4.3400,4.4500,4.3100,4.4400,4.3500,43578424,191721410.0000,3,0.476163,1,2.069000,0
2014-08-05,sh.601898,4.4200,4.5800,4.4200,4.4900,4.4400,50355813,226504761.0000,3,0.550216,1,1.126100,0
2014-08-06,sh.601898,4.4400,4.5100,4.4100,4.5000,4.4900,23278290,103748201.0000,3,0.254352,1,0.222700,0
2014-08-07,sh.601898,4.4900,4.5900,4.4200,4.4200,4.5000,37565671,169449666.0000,3,0.410464,1,-1.777800,0
2014-08-08,sh.601898,4.4200,4.4600,4.3800,4.4000,4.4200,16991818,74984008.0000,3,0.185662,1,-0.452500,0
2014-08-11,sh.601898,4.4200,4.4700,4.4000,4.4500,4.4000,20218861,89785373.0000,3,0.220923,1,1.136400,0
2014-08-12,sh.601898,4.4500,4.4500,4.4000,4.4100,4.4500,13026962,57583184.0000,3,0.142340,1,-0.898900,0
2014-08-13,sh.601898,4.4100,4.4800,4.3600,4.4700,4.4100,32047731,141863883.0000,3,0.350172,1,1.360500,0
2014-08-14,sh.601898,4.4500,4.4600,4.3900,4.4000,4.4700,19191772,84780885.0000,3,0.209700,1,-1.566000,0
2014-08-15,sh.601898,4.4000,4.4500,4.3800,4.4200,4.4000,14264227,62964354.0000,3,0.155859,1,0.454500,0
2014-08-18,sh.601898,4.4100,4.4500,4.4000,4.4200,4.4200,16151631,71377129.0000,3,0.176482,1,0.000000,0
2014-08-19,sh.601898,4.4200,4.4900,4.4100,4.4300,4.4200,24056093,106891495.0000,3,0.262851,1,0.226200,0
2014-08-20,sh.601898,4.4200,4.4600,4.4000,4.4200,4.4300,15378506,68017522.0000,3,0.168034,1,-0.225700,0
2014-08-21,sh.601898,4.4100,4.4400,4.3600,4.3800,4.4200,16761188,73682293.0000,3,0.183142,1,-0.905000,0
2014-08-22,sh.601898,4.3700,4.4000,4.3600,4.3800,4.3800,13152830,57570562.0000,3,0.143715,1,0.000000,0
2014-08-25,sh.601898,4.3800,4.3900,4.2900,4.3000,4.3800,20925008,90430285.0000,3,0.228639,1,-1.826500,0
2014-08-26,sh.601898,4.2900,4.3300,4.2200,4.2400,4.3000,15763756,67336409.0000,3,0.172244,1,-1.395400,0
2014-08-27,sh.601898,4.2400,4.2500,4.2000,4.2300,4.2400,13908184,58740236.0000,3,0.151969,1,-0.235800,0
2014-08-28,sh.601898,4.2300,4.2800,4.2100,4.2400,4.2300,11478740,48744575.0000,3,0.125423,1,0.236400,0
2014-08-29,sh.601898,4.2500,4.2700,4.2100,4.2600,4.2400,20086793,85141294.0000,3,0.219480,1,0.471700,0
2014-09-01,sh.601898,4.2500,4.2800,4.2400,4.2700,4.2600,15293753,65240825.0000,3,0.167108,1,0.234700,0
2014-09-02,sh.601898,4.2800,4.3400,4.2600,4.3400,4.2700,16768785,72076148.0000,3,0.183225,1,1.639300,0
2014-09-03,sh.601898,4.3300,4.4000,4.3300,4.3700,4.3400,22893688,100124299.0000,3,0.250150,1,0.691200,0
2014-09-04,sh.601898,4.4600,4.4900,4.4000,4.4400,4.3700,36413900,161400937.0000,3,0.397879,1,1.601800,0
2014-09-05,sh.601898,4.4500,4.4900,4.4400,4.4800,4.4400,34608246,154692453.0000,3,0.378150,1,0.900900,0
2014-09-09,sh.601898,4.4600,4.5300,4.4500,4.4900,4.4800,27293055,122522631.0000,3,0.298220,1,0.223200,0
2014-09-10,sh.601898,4.4900,4.5100,4.4600,4.4900,4.4900,21911174,98138995.0000,3,0.239414,1,0.000000,0
2014-09-11,sh.601898,4.4900,4.5900,4.4800,4.5000,4.4900,41095377,186406838.0000,3,0.449032,1,0.222700,0
2014-09-12,sh.601898,4.4900,4.5200,4.4300,4.5200,4.5000,25290733,113169985.0000,3,0.276341,1,0.444400,0
2014-09-15,sh.601898,4.5000,4.5900,4.4800,4.5700,4.5200,29888463,136065542.0000,3,0.326578,1,1.106200,0
2014-09-16,sh.601898,4.5700,4.7700,4.5200,4.5800,4.5700,61605788,284750080.0000,3,0.673140,1,0.218800,0
2014-09-17,sh.601898,4.5900,4.7200,4.5500,4.7000,4.5800,47341567,220297326.0000,3,0.517281,1,2.620100,0
2014-09-18,sh.601898,4.6800,4.7400,4.6400,4.6600,4.7000,33295188,155950944.0000,3,0.363802,1,-0.851100,0
2014-09-19,sh.601898,4.6600,4.6800,4.5800,4.6400,4.6600,23173733,107120146.0000,3,0.253209,1,-0.429200,0
2014-09-22,sh.601898,4.6100,4.6200,4.4900,4.5100,4.6400,25157722,114277345.0000,3,0.274888,1,-2.801700,0
2014-09-23,sh.601898,4.5200,4.5500,4.5000,4.5200,4.5100,18641077,84384255.0000,3,0.203683,1,0.221700,0
2014-09-24,sh.601898,4.5200,4.6400,4.5000,4.6300,4.5200,29018809,132941773.0000,3,0.317076,1,2.433600,0
2014-09-25,sh.601898,4.6400,4.6700,4.5900,4.6200,4.6300,25108843,116353350.0000,3,0.274354,1,-0.216000,0
2014-09-26,sh.601898,4.6000,4.6300,4.5700,4.6000,4.6200,15805991,72711307.0000,3,0.172705,1,-0.432900,0
2014-09-29,sh.601898,4.6100,4.6700,4.6000,4.6600,4.6000,24707079,114460795.0000,3,0.269964,1,1.304300,0
2014-09-30,sh.601898,4.7300,4.7900,4.6800,4.6900,4.6600,55376862,261939690.0000,3,0.605079,1,0.643800,0
2014-10-08,sh.601898,4.6800,4.6900,4.6300,4.6900,4.6900,21717132,101371767.0000,3,0.237294,1,0.000000,0
2014-10-09,sh.601898,4.7100,4.7500,4.6600,4.7400,4.6900,37596582,177225818.0000,3,0.410802,1,1.066100,0
2014-10-10,sh.601898,4.7500,4.8800,4.7400,4.7800,4.7400,45958310,220567666.0000,3,0.502167,1,0.843900,0
2014-10-13,sh.601898,4.8000,4.8500,4.7400,4.8400,4.7800,34147622,163870626.0000,3,0.373116,1,1.255200,0
2014-10-14,sh.601898,4.8500,4.8600,4.7500,4.7800,4.8400,24298209,116323028.0000,3,0.265496,1,-1.239700,0
2014-10-15,sh.601898,4.7400,4.7800,4.6800,4.7500,4.7800,23425155,110806472.0000,3,0.255957,1,-0.627600,0
2014-10-16,sh.601898,4.7400,4.7900,4.6700,4.6800,4.7500,22243568,105417961.0000,3,0.243046,1,-1.473700,0
2014-10-17,sh.601898,4.6800,4.7200,4.5600,4.6300,4.6800,22016610,101931783.0000,3,0.240566,1,-1.068400,0
2014-10-20,sh.601898,4.6300,4.6600,4.6000,4.6500,4.6300,9680736,44925344.0000,3,0.105777,1,0.432000,0
2014-10-21,sh.601898,4.6500,4.6700,4.5900,4.6000,4.6500,11964173,55461154.0000,3,0.130727,1,-1.075300,0
2014-10-22,sh.601898,4.6000,4.6200,4.5300,4.5400,4.6000,12069268,55263749.0000,3,0.131876,1,-1.304300,0
2014-10-23,sh.601898,4.5300,4.5500,4.4700,4.5100,4.5400,15229493,68710519.0000,3,0.166406,1,-0.660800,0
2014-10-24,sh.601898,4.5100,4.5200,4.4800,4.5000,4.5100,8872546,39918621.0000,3,0.096947,1,-0.221700,0
2014-10-27,sh.601898,4.4900,4.4900,4.4100,4.4300,4.5000,10798213,47934457.0000,3,0.117987,1,-1.555600,0
2014-10-28,sh.601898,4.4300,4.5300,4.4300,4.5200,4.4300,14500986,65025873.0000,3,0.158446,1,2.031600,0
2014-10-29,sh.601898,4.5300,4.5900,4.5100,4.5800,4.5200,22681082,103369857.0000,3,0.247826,1,1.327400,0
2014-10-30,sh.601898,4.5800,4.8000,4.5500,4.7000,4.5800,52416319,245469448.0000,3,0.572731,1,2.620100,0
2014-10-31,sh.601898,4.6700,4.8400,4.6600,4.7700,4.7000,51578580,245458672.0000,3,0.563577,1,1.489400,0
2014-11-03,sh.601898,4.7800,4.8500,4.7400,4.7700,4.7700,50966777,243930608.0000,3,0.556892,1,0.000000,0
2014-11-04,sh.601898,4.7600,4.9400,4.7300,4.9000,4.7700,83390202,406299728.0000,3,0.911169,1,2.725400,0
2014-11-05,sh.601898,4.9000,4.9100,4.7500,4.7500,4.9000,45004783,216273073.0000,3,0.491748,1,-3.061200,0
2014-11-06,sh.601898,4.7500,4.7900,4.6800,4.7600,4.7500,30691429,145109430.0000,3,0.335352,1,0.210500,0
2014-11-07,sh.601898,4.7500,4.8000,4.6700,4.7100,4.7600,33306153,157950518.0000,3,0.363922,1,-1.050400,0
2014-11-10,sh.601898,4.7000,4.8100,4.6900,4.8000,4.7100,48268851,229375270.0000,3,0.527413,1,1.910800,0
2014-11-11,sh.601898,4.8100,5.0200,4.7400,4.9000,4.8000,106982926,521718032.0000,3,1.168957,1,2.083300,0
2014-11-12,sh.601898,4.8800,5.0300,4.8400,5.0000,4.9000,74644700,370930000.0000,3,0.815611,1,2.040800,0
2014-11-13,sh.601898,5.0200,5.0300,4.8600,4.9700,5.0000,57236417,283511328.0000,3,0.625398,1,-0.600000,0
2014-11-14,sh.601898,4.9800,5.0200,4.8800,4.9400,4.9700,42232021,209621556.0000,3,0.461451,1,-0.603600,0
2014-11-17,sh.601898,4.9600,5.0000,4.8800,4.8800,4.9400,23835128,116924439.0000,3,0.260436,1,-1.214600,0
2014-11-18,sh.601898,4.8700,4.9000,4.7600,4.8000,4.8800,26682394,128129684.0000,3,0.291547,1,-1.639300,0
2014-11-19,sh.601898,4.7900,4.8200,4.7300,4.7700,4.8000,20179015,96084660.0000,3,0.220487,1,-0.625000,0
2014-11-20,sh.601898,4.7500,4.7900,4.7300,4.7600,4.7700,23365928,111134448.0000,3,0.255310,1,-0.209600,0
2014-11-21,sh.601898,4.7400,4.8200,4.7100,4.8000,4.7600,25963925,123477243.0000,3,0.283697,1,0.840300,0
2014-11-24,sh.601898,4.8300,4.9300,4.8100,4.9100,4.8000,47942911,234367711.0000,3,0.523852,1,2.291700,0
2014-11-25,sh.601898,4.9100,4.9900,4.8900,4.9800,4.9100,62394899,308346544.0000,3,0.681762,1,1.425700,0
2014-11-26,sh.601898,4.9900,5.0200,4.9200,4.9800,4.9800,42340672,210202835.0000,3,0.462638,1,0.000000,0
2014-11-27,sh.601898,5.0200,5.1000,4.9600,5.0200,4.9800,73767812,370875632.0000,3,0.806029,1,0.803200,0
2014-11-28,sh.601898,5.0300,5.0900,4.9400,5.0800,5.0200,71488961,357754128.0000,3,0.781129,1,1.195200,0
2014-12-01,sh.601898,5.0600,5.5900,5.0600,5.5900,5.0800,200898520,1101459296.0000,3,2.195132,1,10.039400,0
2014-12-02,sh.601898,5.7000,5.7300,5.4200,5.7000,5.5900,175074976,975888624.0000,3,1.912969,1,1.967800,0
2014-12-03,sh.601898,5.6500,6.1900,5.6000,5.9400,5.7000,178844128,1063646528.0000,3,1.954153,1,4.210500,0
2014-12-04,sh.601898,5.9700,6.3500,5.9700,6.3500,5.9400,153119803,944605216.0000,3,1.673075,1,6.902400,0
2014-12-05,sh.601898,6.3500,6.3500,5.8100,6.0400,6.3500,136039385,833473840.0000,3,1.486444,1,-4.881900,0
2014-12-08,sh.601898,5.9800,6.2500,5.7400,6.2000,6.0400,118033786,716300672.0000,3,1.289705,1,2.649000,0
2014-12-09,sh.601898,6.1300,6.5100,5.8100,5.8500,6.2000,147327159,916677472.0000,3,1.609781,1,-5.645200,0
2014-12-10,sh.601898,5.8100,5.9800,5.6600,5.9600,5.8500,73310423,428178768.0000,3,0.801032,1,1.880300,0
2014-12-11,sh.601898,5.8700,6.0900,5.8100,5.9700,5.9600,66146732,393446240.0000,3,0.722757,1,0.167800,0
2014-12-12,sh.601898,5.9900,6.1100,5.9400,6.0500,5.9700,56904772,342855376.0000,3,0.621774,1,1.340000,0
2014-12-15,sh.601898,6.0300,6.0300,5.8400,5.9700,6.0500,42689438,252741811.0000,3,0.466449,1,-1.322300,0
2014-12-16,sh.601898,5.9400,6.1900,5.8300,6.1800,5.9700,96957184,587412176.0000,3,1.059410,1,3.517600,0
2014-12-17,sh.601898,6.1500,6.1700,5.9200,6.0200,6.1800,71885273,435765488.0000,3,0.785460,1,-2.589000,0
2014-12-18,sh.601898,6.0400,6.2500,6.0000,6.1000,6.0200,68759374,422438528.0000,3,0.751304,1,1.328900,0
2014-12-19,sh.601898,6.0700,6.7100,5.9900,6.7100,6.1000,211669688,1395759552.0000,3,2.312824,1,10.000000,0
2014-12-22,sh.601898,6.9000,7.3800,6.8000,7.3800,6.7100,281419664,2027836864.0000,3,3.074952,1,9.985100,0
2014-12-23,sh.601898,7.2300,7.2900,6.7800,6.8400,7.3800,134678846,945941536.0000,3,1.471578,1,-7.317100,0
2014-12-24,sh.601898,6.8400,7.0500,6.5000,6.7400,6.8400,92507117,628142720.0000,3,1.010786,1,-1.462000,0
2014-12-25,sh.601898,6.7600,7.0200,6.6000,7.0000,6.7400,100873377,683787008.0000,3,1.102200,1,3.857600,0
2014-12-26,sh.601898,6.9500,7.1500,6.8000,7.1300,7.0000,113160869,792667808.0000,3,1.236460,1,1.857100,0
2014-12-29,sh.601898,7.0800,7.3100,6.8500,6.9500,7.1300,109683364,776650400.0000,3,1.198463,1,-2.524500,0
2014-12-30,sh.601898,6.9300,6.9400,6.6700,6.7300,6.9500,73642005,498991136.0000,3,0.804655,1,-3.165500,0
2014-12-31,sh.601898,6.7400,7.0300,6.6600,6.9200,6.7300,71046325,487624688.0000,3,0.776293,1,2.823200,0
2015-01-05,sh.601898,6.9500,7.6100,6.8900,7.6100,6.9200,174526748,1296598032.0000,3,1.906979,1,9.971100,0
2015-01-06,sh.601898,7.9000,8.2000,7.4100,7.5400,7.6100,252698691,1969789584.0000,3,2.761131,1,-0.919800,0
2015-01-07,sh.601898,7.3900,7.7400,7.2500,7.7200,7.5400,118347096,883391120.0000,3,1.293128,1,2.387300,0
2015-01-08,sh.601898,7.5900,7.9500,7.3000,7.4400,7.7200,108038800,823732832.0000,3,1.180494,1,-3.626900,0
2015-01-09,sh.601898,7.3300,7.5800,7.2500,7.2700,7.4400,81280001,599631904.0000,3,0.888112,1,-2.284900,0
2015-01-12,sh.601898,7.1700,7.1700,6.9000,6.9400,7.2700,72136336,506046096.0000,3,0.788203,1,-4.539200,0
2015-01-13,sh.601898,6.9300,7.0400,6.8800,6.9100,6.9400,31876389,221282239.0000,3,0.348300,1,-0.432300,0
2015-01-14,sh.601898,6.9000,7.0100,6.6300,6.7500,6.9100,49812736,338748816.0000,3,0.544282,1,-2.315500,0
2015-01-15,sh.601898,6.7600,7.0000,6.6700,6.9900,6.7500,45846764,312927792.0000,3,0.500948,1,3.555600,0
2015-01-16,sh.601898,7.0000,7.1800,6.9300,7.0100,6.9900,57623154,406013264.0000,3,0.629624,1,0.286100,0
2015-01-19,sh.601898,6.6100,6.7500,6.3100,6.3100,7.0100,74230883,479058848.0000,3,0.811089,1,-9.985700,0
2015-01-20,sh.601898,6.2100,6.4000,6.2000,6.3300,6.3100,54131463,341559248.0000,3,0.591471,1,0.317000,0
2015-01-21,sh.601898,6.3100,6.6000,6.2000,6.5800,6.3300,85828213,550312480.0000,3,0.937808,1,3.949400,0
2015-01-22,sh.601898,6.5400,6.8400,6.4900,6.6500,6.5800,76437073,510038336.0000,3,0.835195,1,1.063800,0
2015-01-23,sh.601898,6.7100,6.7700,6.5600,6.6000,6.6500,48880137,324372960.0000,3,0.534092,1,-0.751900,0
2015-01-26,sh.601898,6.5500,6.6700,6.4500,6.6700,6.6000,44252372,291529728.0000,3,0.483527,1,1.060600,0
2015-01-27,sh.601898,6.6800,6.7500,6.4300,6.5700,6.6700,52343124,344894064.0000,3,0.571931,1,-1.499200,0
2015-01-28,sh.601898,6.5100,6.5400,6.4100,6.4300,6.5700,33955485,219830074.0000,3,0.371017,1,-2.130900,0
2015-01-29,sh.601898,6.3200,6.6600,6.2800,6.4900,6.4300,41455312,268825936.0000,3,0.452964,1,0.933100,0
2015-01-30,sh.601898,6.5000,6.5400,6.3200,6.3300,6.4900,29142784,187126131.0000,3,0.318431,1,-2.465300,0
2015-02-02,sh.601898,6.2800,6.2800,6.1000,6.1100,6.3300,32684199,202381093.0000,3,0.357126,1,-3.475500,0
2015-02-03,sh.601898,6.2000,6.2800,6.1600,6.2600,6.1100,25271820,156979985.0000,3,0.276134,1,2.455000,0
2015-02-04,sh.601898,6.3600,6.6000,6.2600,6.2700,6.2600,50441909,324725712.0000,3,0.551157,1,0.159700,0
2015-02-05,sh.601898,6.3900,6.3900,6.0400,6.0800,6.2700,37819042,235866766.0000,3,0.413233,1,-3.030300,0
2015-02-06,sh.601898,6.0400,6.1300,5.8700,5.9100,6.0800,32303983,194490718.0000,3,0.352972,1,-2.796100,0
2015-02-09,sh.601898,5.9000,5.9800,5.7900,5.9100,5.9100,28788478,169681459.0000,3,0.314559,1,0.000000,0
2015-02-10,sh.601898,5.9300,6.0400,5.9000,6.0300,5.9100,18002129,107956880.0000,3,0.196702,1,2.030500,0
2015-02-11,sh.601898,6.0400,6.1300,6.0200,6.0300,6.0300,18076602,109791041.0000,3,0.197515,1,0.000000,0
2015-02-12,sh.601898,6.0400,6.1200,5.9800,6.0900,6.0300,20322680,123248478.0000,3,0.222057,1,0.995000,0
2015-02-13,sh.601898,6.1600,6.2600,6.0900,6.1400,6.0900,33395860,206502525.0000,3,0.364902,1,0.821000,0
2015-02-16,sh.601898,6.1600,6.2400,6.1400,6.1600,6.1400,20569997,127015052.0000,3,0.224760,1,0.325700,0
2015-02-17,sh.601898,6.1900,6.2300,6.1400,6.1500,6.1600,16945352,104855017.0000,3,0.185155,1,-0.162300,0
2015-02-25,sh.601898,6.1800,6.2000,6.0400,6.0700,6.1500,24559123,149887408.0000,3,0.268347,1,-1.300800,0
2015-02-26,sh.601898,6.0800,6.3000,5.9500,6.2900,6.0700,57963569,357004704.0000,3,0.633343,1,3.624400,0
2015-02-27,sh.601898,6.2500,6.3500,6.2300,6.2700,6.2900,45846071,288386208.0000,3,0.500940,1,-0.318000,0
2015-03-02,sh.601898,6.3000,6.4300,6.2300,6.4000,6.2700,52001546,330717440.0000,3,0.568199,1,2.073400,0
2015-03-03,sh.601898,6.3600,6.3700,6.2000,6.2100,6.4000,42065688,264669423.0000,3,0.459634,1,-2.968800,0
2015-03-04,sh.601898,6.2100,6.3000,6.1800,6.2700,6.2100,37069823,231899779.0000,3,0.405046,1,0.966200,0
2015-03-05,sh.601898,6.2600,6.2600,6.0100,6.1100,6.2700,37717257,231618672.0000,3,0.412120,1,-2.551800,0
2015-03-06,sh.601898,6.1000,6.3200,6.0600,6.2000,6.1100,38379223,238381626.0000,3,0.419353,1,1.473000,0
2015-03-09,sh.601898,6.1500,6.2900,6.0700,6.2900,6.2000,36795326,226637871.0000,3,0.402047,1,1.451600,0
2015-03-10,sh.601898,6.2500,6.3700,6.2300,6.3100,6.2900,37136716,234130177.0000,3,0.405777,1,0.318000,0
2015-03-11,sh.601898,6.3100,6.3600,6.2000,6.2400,6.3100,30393031,190740172.0000,3,0.332092,1,-1.109400,0
2015-03-12,sh.601898,6.2500,6.3700,6.2200,6.3600,6.2400,44010113,277809856.0000,3,0.480880,1,1.923100,0
2015-03-13,sh.601898,6.3800,6.6300,6.3400,6.4700,6.3600,82839537,539135696.0000,3,0.905152,1,1.729600,0
2015-03-16,sh.601898,6.4600,6.5900,6.4000,6.5800,6.4700,60360214,392934848.0000,3,0.659530,1,1.700200,0
2015-03-17,sh.601898,6.5900,6.7500,6.5500,6.7300,6.5800,84515232,562666864.0000,3,0.923462,1,2.279600,0
2015-03-18,sh.601898,6.7400,6.9400,6.7100,6.8900,6.7300,79290255,542834512.0000,3,0.866371,1,2.377400,0
2015-03-19,sh.601898,6.9000,7.0000,6.7700,6.9000,6.8900,81538746,562657856.0000,3,0.890939,1,0.145100,0
2015-03-20,sh.601898,6.8600,6.9200,6.7500,6.8500,6.9000,71119777,486109632.0000,3,0.777095,1,-0.724600,0
2015-03-23,sh.601898,6.8800,7.0000,6.8700,6.9700,6.8500,82240294,570234912.0000,3,0.898605,1,1.751800,0
2015-03-24,sh.601898,6.9800,7.0300,6.7400,6.9200,6.9700,87588700,604757296.0000,3,0.957044,1,-0.717400,0
2015-03-25,sh.601898,6.8600,6.9000,6.7100,6.7500,6.9200,60126736,408442112.0000,3,0.656979,1,-2.456600,0
2015-03-26,sh.601898,6.7200,6.9200,6.6400,6.8900,6.7500,76047254,519269808.0000,3,0.830936,1,2.074100,0
2015-03-27,sh.601898,6.9100,7.0000,6.8600,6.8700,6.8900,67806907,469779824.0000,3,0.740897,1,-0.290300,0
2015-03-30,sh.601898,6.8800,7.1000,6.8000,7.0700,6.8700,114552421,800221728.0000,3,1.251665,1,2.911200,0
2015-03-31,sh.601898,7.1200,7.1800,6.8600,6.8800,7.0700,100389498,707295120.0000,3,1.096913,1,-2.687400,0
2015-04-01,sh.601898,6.8800,7.0500,6.8700,7.0000,6.8800,65977504,459608320.0000,3,0.720908,1,1.744200,0
2015-04-02,sh.601898,7.0200,7.1100,6.9300,7.1000,7.0000,93625075,658821056.0000,3,1.023001,1,1.428600,0
2015-04-03,sh.601898,7.0200,7.2400,7.0000,7.1900,7.1000,101560173,725796144.0000,3,1.109705,1,1.267600,0
2015-04-07,sh.601898,7.2500,7.4400,7.1600,7.4000,7.1900,114391237,839137440.0000,3,1.249904,1,2.920700,0
2015-04-08,sh.601898,7.4000,7.4200,7.1200,7.2600,7.4000,86518292,627589600.0000,3,0.945348,1,-1.891900,0
2015-04-09,sh.601898,7.2600,7.3000,6.9500,7.1400,7.2600,75918776,542150144.0000,3,0.829532,1,-1.652900,0
2015-04-10,sh.601898,7.0900,7.3200,7.0800,7.2900,7.1400,81193911,588653472.0000,3,0.887171,1,2.100800,0
2015-04-13,sh.601898,7.3100,7.4700,7.2900,7.4000,7.2900,93140293,687744976.0000,3,1.017704,1,1.508900,0
2015-04-14,sh.601898,7.3800,7.4800,7.2900,7.4600,7.4000,94414428,697002352.0000,3,1.031626,1,0.810800,0
2015-04-15,sh.601898,7.4600,7.6000,7.2400,7.2600,7.4600,99043937,736084912.0000,3,1.082211,1,-2.681000,0
2015-04-16,sh.601898,7.2000,7.5200,7.1500,7.5000,7.2600,99116488,731901552.0000,3,1.083004,1,3.305800,0
2015-04-17,sh.601898,7.5900,7.8900,7.5200,7.7900,7.5000,190804438,1479307808.0000,3,2.084839,1,3.866700,0
2015-04-20,sh.601898,7.8000,8.5700,7.6400,8.1100,7.7900,454708368,3762977824.0000,3,4.968404,1,4.107800,0
2015-04-21,sh.601898,8.1500,8.7700,7.9900,8.6500,8.1100,342908816,2845626256.0000,3,3.746818,1,6.658400,0
2015-04-22,sh.601898,8.6000,9.0700,8.4000,8.6900,8.6500,288423824,2519738160.0000,3,3.151484,1,0.462400,0
2015-04-23,sh.601898,8.6800,9.0600,8.5500,8.8800,8.6900,240911934,2118350336.0000,3,2.632342,1,2.186400,0
2015-04-24,sh.601898,8.7400,8.9800,8.5000,8.6300,8.8800,146810969,1278534992.0000,3,1.604141,1,-2.815300,0
2015-04-27,sh.601898,8.6500,9.4600,8.5000,9.3000,8.6300,278526528,2489180560.0000,3,3.043340,1,7.763600,0
2015-04-28,sh.601898,9.1900,10.2100,9.0600,9.8800,9.3000,352729408,3427750048.0000,3,3.854124,1,6.236600,0
2015-04-29,sh.601898,9.7100,9.8400,9.3100,9.6200,9.8800,174468511,1677075952.0000,3,1.906343,1,-2.631600,0
2015-04-30,sh.601898,9.6000,9.7600,9.0000,9.1300,9.6200,139521129,1317341760.0000,3,1.524488,1,-5.093600,0
2015-05-04,sh.601898,9.1700,9.7400,9.0200,9.4900,9.1300,126989429,1194284704.0000,3,1.387559,1,3.943000,0
2015-05-05,sh.601898,9.4900,9.5800,8.5400,8.6200,9.4900,144468573,1300127152.0000,3,1.578546,1,-9.167500,0
2015-05-06,sh.601898,8.6300,8.7600,8.0900,8.2700,8.6200,151653379,1279124752.0000,3,1.657052,1,-4.060300,0
2015-05-07,sh.601898,8.1200,8.2000,7.7300,7.7900,8.2700,98066299,781140480.0000,3,1.071529,1,-5.804100,0
2015-05-08,sh.601898,7.9200,7.9900,7.6500,7.9300,7.7900,104323714,817242896.0000,3,1.139901,1,1.797200,0
2015-05-11,sh.601898,8.0300,8.2900,7.8600,8.2000,7.9300,136573739,1101562896.0000,3,1.492283,1,3.404800,0
2015-05-12,sh.601898,8.2300,8.4000,8.1000,8.3600,8.2000,123909606,1018774144.0000,3,1.353907,1,1.951200,0
2015-05-13,sh.601898,8.3600,8.3600,8.0800,8.1300,8.3600,108063614,884661488.0000,3,1.180765,1,-2.751200,0
2015-05-14,sh.601898,8.1000,8.4000,7.9100,8.3100,8.1300,142967377,1165723568.0000,3,1.562143,1,2.214000,0
2015-05-15,sh.601898,8.2300,8.3100,7.9500,7.9700,8.3100,88471809,715946608.0000,3,0.966694,1,-4.091500,0
2015-05-18,sh.601898,7.8000,7.9300,7.6800,7.7800,7.9700,92478699,718877056.0000,3,1.010475,1,-2.383900,0
2015-05-19,sh.601898,7.7500,8.0500,7.7500,8.0400,7.7800,82659650,655701872.0000,3,0.903187,1,3.341900,0
2015-05-20,sh.601898,8.0500,8.2400,8.0000,8.0400,8.0400,98069985,796846416.0000,3,1.071569,1,0.000000,0
2015-05-21,sh.601898,8.0400,8.1600,7.9000,8.1500,8.0400,101222414,811457200.0000,3,1.106014,1,1.368200,0
2015-05-22,sh.601898,8.2000,8.5000,8.1500,8.4700,8.1500,153839927,1286282128.0000,3,1.680943,1,3.926400,0
2015-05-25,sh.601898,8.4200,8.9200,8.3700,8.8500,8.4700,150448063,1309151616.0000,3,1.643882,1,4.486400,0
2015-05-26,sh.601898,8.9000,9.0600,8.6300,9.0500,8.8500,169113861,1498247616.0000,3,1.847835,1,2.259900,0
2015-05-27,sh.601898,9.0000,9.4000,8.8000,9.3300,9.0500,186423281,1708133088.0000,3,2.036968,1,3.093900,0
2015-05-28,sh.601898,9.2400,9.4900,8.4000,8.4700,9.3300,192373447,1736625200.0000,3,2.101983,1,-9.217600,0
2015-05-29,sh.601898,8.3800,8.5800,8.0100,8.2400,8.4700,116258505,965519952.0000,3,1.270307,1,-2.715500,0
2015-06-01,sh.601898,8.2500,9.0600,8.2000,9.0600,8.2400,184900260,1634062080.0000,3,2.020326,1,9.951500,0
2015-06-02,sh.601898,9.2000,9.3700,8.8500,9.1200,9.0600,209090786,1901603456.0000,3,2.284646,1,0.662200,0
2015-06-03,sh.601898,9.0500,9.0800,8.7000,8.9100,9.1200,119534265,1065022320.0000,3,1.306100,1,-2.302600,0
2015-06-04,sh.601898,8.8800,9.6500,8.4200,9.6200,8.9100,208256634,1897498432.0000,3,2.275531,1,7.968600,0
2015-06-05,sh.601898,9.7000,10.0500,9.4100,9.6500,9.6200,251354404,2444810784.0000,3,2.746442,1,0.311800,0
2015-06-08,sh.601898,9.6500,10.3000,9.5200,10.2200,9.6500,248675662,2476523152.0000,3,2.717173,1,5.906700,0
2015-06-09,sh.601898,10.3400,11.2400,10.3000,11.2400,10.2200,284989616,3054841184.0000,3,3.113960,1,9.980400,0
2015-06-10,sh.601898,10.8100,12.3000,10.6000,11.4200,11.2400,416586000,4799439360.0000,3,4.551857,1,1.601400,0
2015-06-11,sh.601898,11.1000,11.3400,10.9000,11.2000,11.4200,229574165,2548006832.0000,3,2.508459,1,-1.926400,0
2015-06-12,sh.601898,11.1000,12.3200,11.0300,11.6900,11.2000,272703440,3193257552.0000,3,2.979714,1,4.375000,0
2015-06-15,sh.601898,11.6700,11.6700,11.0700,11.2000,11.6900,193104736,2185591968.0000,3,2.109973,1,-4.191600,0
2015-06-16,sh.601898,10.9100,12.1000,10.8100,11.4900,11.2000,264799177,3076084432.0000,3,2.893348,1,2.589300,0
2015-06-17,sh.601898,11.2500,12.6400,11.1000,12.4900,11.4900,381839216,4629602816.0000,3,4.172194,1,8.703200,0
2015-06-18,sh.601898,12.0800,12.4900,11.7900,11.8500,12.4900,275180208,3335365456.0000,3,3.006777,1,-5.124100,0
2015-06-19,sh.601898,11.5300,12.4300,10.7800,11.0000,11.8500,235124019,2790497216.0000,3,2.569100,1,-7.173000,0
2015-06-23,sh.601898,10.8000,11.8000,9.9800,11.7400,11.0000,222880397,2453011520.0000,3,2.435319,1,6.727300,0
2015-06-24,sh.601898,11.8800,12.9100,11.5000,12.9100,11.7400,406460544,5003452672.0000,3,4.441221,1,9.965900,0
2015-06-25,sh.601898,13.0300,13.5700,12.1100,12.5600,12.9100,428069040,5556988928.0000,3,4.677328,1,-2.711100,0
2015-06-26,sh.601898,11.8800,12.4200,11.3000,11.3000,12.5600,217422122,2558758064.0000,3,2.375679,1,-10.031800,0
2015-06-29,sh.601898,11.5900,11.8500,10.1700,11.0900,11.3000,267823494,2986602832.0000,3,2.926393,1,-1.858400,0
2015-06-30,sh.601898,10.9000,11.5900,10.0000,11.4200,11.0900,230071423,2516246240.0000,3,2.513892,1,2.975700,0
2015-07-01,sh.601898,11.0000,11.5300,10.2800,10.2800,11.4200,224811418,2469642240.0000,3,2.456418,1,-9.982500,0
2015-07-02,sh.601898,9.9800,10.1700,9.2500,9.2500,10.2800,151646118,1441117456.0000,3,1.656972,1,-10.019500,0
2015-07-03,sh.601898,8.5000,9.2500,8.3300,8.3300,9.2500,136241235,1154619680.0000,3,1.488650,1,-9.945900,0
2015-07-06,sh.601898,9.0500,9.0600,7.4800,7.4800,8.3100,211826079,1674214576.0000,3,2.314533,1,-9.988000,0
2015-07-07,sh.601898,7.0000,7.7400,6.7300,7.6500,7.4800,302888800,2115225296.0000,3,3.309537,1,2.272700,0
2015-07-08,sh.601898,6.8900,7.1000,6.8900,6.8900,7.6500,136320502,946029280.0000,3,1.489516,1,-9.934600,0
2015-07-09,sh.601898,6.8900,7.5800,6.2100,7.5800,6.8900,197641461,1419623360.0000,3,2.159544,1,10.014500,0
2015-07-10,sh.601898,7.6000,8.3400,7.4500,8.3400,7.5800,230416060,1882188896.0000,3,2.517658,1,10.026400,0
2015-07-13,sh.601898,8.4000,9.1400,8.1700,9.1200,8.3400,277163920,2408948176.0000,3,3.028452,1,9.352500,0
2015-07-14,sh.601898,8.7800,8.9900,8.2100,8.2200,9.1200,203423800,1752209376.0000,3,2.222725,1,-9.868400,0
2015-07-15,sh.601898,7.9000,8.0600,7.4000,7.4000,8.2200,126801589,971073360.0000,3,1.385507,1,-9.975700,0
2015-07-16,sh.601898,7.4000,7.8500,6.9100,7.4900,7.4000,89022231,666202320.0000,3,0.972708,1,1.216200,0
2015-07-17,sh.601898,7.5100,8.0200,7.5000,7.8800,7.4900,102796985,801839584.0000,3,1.123219,1,5.206900,0
2015-07-20,sh.601898,7.8400,8.3300,7.7000,8.0800,7.8800,129818739,1047820048.0000,3,1.418474,1,2.538100,0
2015-07-21,sh.601898,7.9300,8.6900,7.8100,8.3700,8.0800,156923358,1310383360.0000,3,1.714635,1,3.589100,0
2015-07-22,sh.601898,8.2800,8.9800,8.0300,8.7300,8.3700,205140819,1750787824.0000,3,2.241486,1,4.301100,0
2015-07-23,sh.601898,8.6200,9.0500,8.4600,8.8000,8.7300,186620985,1635183440.0000,3,2.039128,1,0.801800,0
2015-07-24,sh.601898,8.7000,9.6800,8.6600,9.2500,8.8000,296301824,2756294048.0000,3,3.237563,1,5.113600,0
2015-07-27,sh.601898,8.9900,9.3800,8.3300,8.3300,9.2500,212183787,1890648976.0000,3,2.318442,1,-9.945900,0
2015-07-28,sh.601898,7.6200,8.1900,7.5000,7.7900,8.3300,177470051,1379211792.0000,3,1.939139,1,-6.482600,0
2015-07-29,sh.601898,8.0600,8.3800,7.7000,8.3200,7.7900,119097388,948722048.0000,3,1.301326,1,6.803600,0
2015-07-30,sh.601898,8.2500,8.6400,7.8000,7.9500,8.3200,130531677,1086176432.0000,3,1.426264,1,-4.447100,0
2015-07-31,sh.601898,7.7900,8.0000,7.4700,7.9700,7.9500,112414253,875529872.0000,3,1.228303,1,0.251600,0
2015-08-03,sh.601898,7.8000,8.4400,7.7000,8.4100,7.9700,114234501,910709184.0000,3,1.248192,1,5.520700,0
2015-08-04,sh.601898,8.4000,8.7500,8.0500,8.6400,8.4100,100279324,852691888.0000,3,1.095709,1,2.734800,0
2015-08-05,sh.601898,8.5500,8.9800,8.3300,8.4600,8.6400,85764869,741942560.0000,3,0.937116,1,-2.083300,0
2015-08-06,sh.601898,8.2000,8.8000,8.1100,8.4000,8.4600,73040848,611444000.0000,3,0.798086,1,-0.709200,0
2015-08-07,sh.601898,8.4700,8.7500,8.3500,8.5600,8.4000,80309264,688210416.0000,3,0.877505,1,1.904800,0
2015-08-10,sh.601898,9.1000,9.4200,8.8700,9.4200,8.5600,169727424,1564025504.0000,3,1.854539,1,10.046700,0
2015-08-11,sh.601898,9.6100,10.1500,9.4200,9.6400,9.4200,214492534,2098287504.0000,3,2.343668,1,2.335500,0
2015-08-12,sh.601898,9.4500,10.6000,9.4000,10.4500,9.6400,248331579,2531640128.0000,3,2.713413,1,8.402500,0
2015-08-13,sh.601898,10.2000,10.7000,9.8800,10.5000,10.4500,197926244,2020352992.0000,3,2.162656,1,0.478500,0
2015-08-14,sh.601898,10.5400,10.7200,10.1200,10.4100,10.5000,154690216,1616447072.0000,3,1.690234,1,-0.857100,0
2015-08-17,sh.601898,10.1900,10.4500,9.9100,10.2900,10.4100,131373760,1335796752.0000,3,1.435465,1,-1.152700,0
2015-08-18,sh.601898,10.1800,10.2000,9.2600,9.2600,10.2900,147347498,1420115120.0000,3,1.610003,1,-10.009700,0
2015-08-19,sh.601898,8.7000,9.4600,8.3300,9.1900,9.2600,124964854,1103340864.0000,3,1.365438,1,-0.755900,0
2015-08-20,sh.601898,9.0100,9.2400,8.3000,8.3200,9.1900,94592791,833572032.0000,3,1.033575,1,-9.466800,0
2015-08-21,sh.601898,8.0900,8.5900,7.9000,8.1300,8.3200,91303390,755406256.0000,3,0.997633,1,-2.283600,0
2015-08-24,sh.601898,7.6000,7.8900,7.3200,7.3200,8.1300,63579251,470742064.0000,3,0.694703,1,-9.963100,0
2015-08-25,sh.601898,6.5900,6.8000,6.5900,6.5900,7.3200,58045293,384156864.0000,3,0.634236,1,-9.972700,0
2015-08-26,sh.601898,6.5000,6.9000,5.9300,5.9400,6.5900,110485366,698573824.0000,3,1.207226,1,-9.863400,0
2015-08-27,sh.601898,6.1000,6.3000,5.6800,6.2800,5.9400,81216462,493672288.0000,3,0.887418,1,5.723900,0
2015-08-28,sh.601898,6.3700,6.8200,6.3200,6.8000,6.2800,99817434,658462112.0000,3,1.090662,1,8.280300,0
2015-08-31,sh.601898,6.7500,6.9000,6.3600,6.8700,6.8000,85408152,565877264.0000,3,0.933218,1,1.029400,0
2015-09-01,sh.601898,6.7000,7.2800,6.2600,7.2100,6.8700,119847171,826341264.0000,3,1.309519,1,4.949100,0
2015-09-02,sh.601898,6.7900,7.1800,6.4900,6.4900,7.2100,71053790,483573168.0000,3,0.776374,1,-9.986100,0
2015-09-07,sh.601898,6.5500,6.8400,6.3500,6.4000,6.4900,49470183,326997024.0000,3,0.540540,1,-1.386700,0
2015-09-08,sh.601898,6.3200,6.6600,6.2200,6.6100,6.4000,40463134,260381930.0000,3,0.442123,1,3.281300,0
2015-09-09,sh.601898,6.6200,6.9500,6.6000,6.8900,6.6100,58519270,397592160.0000,3,0.639415,1,4.236000,0
2015-09-10,sh.601898,6.7400,7.2600,6.6400,6.9100,6.8900,74488792,519322144.0000,3,0.813907,1,0.290300,0
2015-09-11,sh.601898,6.8000,6.9700,6.6800,6.8000,6.9100,46937549,320456272.0000,3,0.512867,1,-1.591900,0
2015-09-14,sh.601898,6.9900,7.0500,6.2000,6.5100,6.8000,69177745,461473984.0000,3,0.755876,1,-4.264700,0
2015-09-15,sh.601898,6.3000,6.6800,5.8900,5.9600,6.5100,54193138,339716848.0000,3,0.592145,1,-8.448500,0
2015-09-16,sh.601898,6.0700,6.5600,5.9300,6.5200,5.9600,49939638,311166720.0000,3,0.545669,1,9.396000,0
2015-09-17,sh.601898,6.4300,6.7300,6.3000,6.3100,6.5200,60635669,394485872.0000,3,0.662540,1,-3.220900,0
2015-09-18,sh.601898,6.3300,6.4800,6.2500,6.3800,6.3100,27659423,176149060.0000,3,0.302223,1,1.109400,0
2015-09-21,sh.601898,6.3000,6.5800,6.2600,6.5200,6.3800,35677494,230686482.0000,3,0.389833,1,2.194400,0
2015-09-22,sh.601898,6.5700,6.7800,6.5000,6.6500,6.5200,55018770,365580656.0000,3,0.601167,1,1.993900,0
2015-09-23,sh.601898,6.4700,6.5600,6.3100,6.3600,6.6500,37559996,241620324.0000,3,0.410402,1,-4.360900,0
2015-09-24,sh.601898,6.3500,6.5300,6.3500,6.4600,6.3600,30392980,195450722.0000,3,0.332091,1,1.572300,0
2015-09-25,sh.601898,6.4500,6.4800,6.1000,6.2000,6.4600,36166106,226368648.0000,3,0.395172,1,-4.024800,0
2015-09-28,sh.601898,6.2000,6.2500,6.0100,6.2100,6.2000,18063186,110998320.0000,3,0.197369,1,0.161300,0
2015-09-29,sh.601898,6.1000,6.1100,5.8800,5.9500,6.2100,30048927,180131248.0000,3,0.328332,1,-4.186800,0
2015-09-30,sh.601898,6.0000,6.1000,5.9600,5.9900,5.9500,21284198,128370329.0000,3,0.232563,1,0.672300,0
2015-10-08,sh.601898,6.4000,6.5500,6.2800,6.3600,5.9900,45590465,291297472.0000,3,0.498148,1,6.177000,0
2015-10-09,sh.601898,6.3000,6.4900,6.2800,6.4100,6.3600,33956315,216969292.0000,3,0.371026,1,0.786200,0
2015-10-12,sh.601898,6.6400,6.8400,6.6200,6.7400,6.4100,59508758,399706656.0000,3,0.650227,1,5.148200,0
2015-10-13,sh.601898,6.6600,6.7400,6.5600,6.6800,6.7400,44085750,292979792.0000,3,0.481706,1,-0.890200,0
2015-10-14,sh.601898,6.6200,6.8500,6.6000,6.6200,6.6800,44469292,299022304.0000,3,0.485897,1,-0.898200,0
2015-10-15,sh.601898,6.6500,6.8900,6.6000,6.8400,6.6200,62540819,424285376.0000,3,0.683357,1,3.323300,0
2015-10-16,sh.601898,6.9500,7.1000,6.7800,7.0600,6.8400,93204268,646822752.0000,3,1.018403,1,3.216400,0
2015-10-19,sh.601898,7.0500,7.1700,6.9200,6.9900,7.0600,70805564,499023440.0000,3,0.773662,1,-0.991500,0
2015-10-20,sh.601898,7.0000,7.0400,6.6400,6.9300,6.9900,87545400,594633456.0000,3,0.956571,1,-0.858400,0
2015-10-21,sh.601898,6.8500,7.1500,6.3200,6.4100,6.9300,90507231,617082944.0000,3,0.988934,1,-7.503600,0
2015-10-22,sh.601898,6.4300,6.6300,6.3000,6.5700,6.4100,55496953,359118208.0000,3,0.606392,1,2.496100,0
2015-10-23,sh.601898,6.5500,6.7000,6.4700,6.6300,6.5700,53674822,353367408.0000,3,0.586482,1,0.913200,0
2015-10-26,sh.601898,6.7200,6.7600,6.5500,6.6300,6.6300,50205074,334934448.0000,3,0.548569,1,0.000000,0
2015-10-27,sh.601898,6.5600,6.6000,6.3000,6.5500,6.6300,46634708,300511456.0000,3,0.509558,1,-1.206600,0
2015-10-28,sh.601898,6.4800,6.5500,6.4000,6.4400,6.5500,37072773,239944977.0000,3,0.405078,1,-1.679400,0
2015-10-29,sh.601898,6.4400,6.5900,6.4400,6.4700,6.4400,35172123,228306180.0000,3,0.384311,1,0.465800,0
2015-10-30,sh.601898,6.4400,6.4600,6.2000,6.3000,6.4700,34125534,215815683.0000,3,0.372875,1,-2.627500,0
2015-11-02,sh.601898,6.2400,6.2800,6.1100,6.1400,6.3000,25592905,158745300.0000,3,0.279643,1,-2.539700,0
2015-11-03,sh.601898,6.1700,6.2200,6.1100,6.1500,6.1400,16422699,101272439.0000,3,0.179444,1,0.162900,0
2015-11-04,sh.601898,6.1600,6.4300,6.1500,6.4300,6.1500,42515633,268003105.0000,3,0.464550,1,4.552800,0
2015-11-05,sh.601898,6.4200,7.0700,6.3800,6.7100,6.4300,125340364,852950528.0000,3,1.369541,1,4.354600,0
2015-11-06,sh.601898,6.6800,6.8500,6.5900,6.7700,6.7100,78042432,524171744.0000,3,0.852736,1,0.894200,0
2015-11-09,sh.601898,6.6900,7.0400,6.6500,6.8900,6.7700,88605958,609298704.0000,3,0.968159,1,1.772500,0
2015-11-10,sh.601898,6.8500,7.0800,6.7500,6.9900,6.8900,75833478,522716016.0000,3,0.828600,1,1.451400,0
2015-11-11,sh.601898,6.9500,7.0700,6.8900,6.9600,6.9900,53272029,371037264.0000,3,0.582081,1,-0.429200,0
2015-11-12,sh.601898,6.9600,7.0300,6.7500,6.8100,6.9600,48234583,331278368.0000,3,0.527039,1,-2.155200,0
2015-11-13,sh.601898,6.7100,6.7600,6.5700,6.6100,6.8100,41596231,276849312.0000,3,0.454504,1,-2.936900,0
2015-11-16,sh.601898,6.5300,6.6000,6.4600,6.6000,6.6100,34216833,223705766.0000,3,0.373873,1,-0.151300,0
2015-11-17,sh.601898,6.6300,6.8600,6.6100,6.6400,6.6000,53009537,356515520.0000,3,0.579213,1,0.606100,0
2015-11-18,sh.601898,6.6300,6.8500,6.5600,6.6800,6.6400,39870738,267016201.0000,3,0.435651,1,0.602400,0
2015-11-19,sh.601898,6.6900,6.7900,6.6400,6.7800,6.6800,33603270,225985035.0000,3,0.367169,1,1.497000,0
2015-11-20,sh.601898,6.7800,6.8500,6.6900,6.7700,6.7800,44134967,299213552.0000,3,0.482244,1,-0.147500,0
2015-11-23,sh.601898,6.7600,6.7800,6.5700,6.6000,6.7700,37747399,251987237.0000,3,0.412450,1,-2.511100,0
2015-11-24,sh.601898,6.6000,6.6000,6.3500,6.4800,6.6000,44138838,283900800.0000,3,0.482286,1,-1.818200,0
2015-11-25,sh.601898,6.4500,6.5700,6.4200,6.5300,6.4800,29615070,192115829.0000,3,0.323591,1,0.771600,0
2015-11-26,sh.601898,6.5100,6.6700,6.5100,6.5600,6.5300,44969138,296342160.0000,3,0.491359,1,0.459400,0
2015-11-27,sh.601898,6.5200,6.5300,6.0000,6.0300,6.5600,45138113,283485840.0000,3,0.493205,1,-8.079300,0
2015-11-30,sh.601898,6.0700,6.1100,5.7800,6.0300,6.0300,30693152,183873167.0000,3,0.335371,1,0.000000,0
2015-12-01,sh.601898,6.0300,6.0800,5.9500,6.0700,6.0300,20306354,122188413.0000,3,0.221879,1,0.663300,0
2015-12-02,sh.601898,6.0700,6.4000,6.0100,6.3000,6.0700,36415826,224987655.0000,3,0.397900,1,3.789100,0
2015-12-03,sh.601898,6.2900,6.3900,6.1800,6.3000,6.3000,30942854,194271864.0000,3,0.338099,1,0.000000,0
2015-12-04,sh.601898,6.3400,6.4400,6.1800,6.2500,6.3000,31829034,200778679.0000,3,0.347782,1,-0.793700,0
2015-12-07,sh.601898,6.2500,6.2800,6.1600,6.2000,6.2500,15764157,97749448.0000,3,0.172248,1,-0.800000,0
2015-12-08,sh.601898,6.1400,6.1700,5.9500,5.9600,6.2000,24784117,149410993.0000,3,0.270805,1,-3.871000,0
2015-12-09,sh.601898,5.9600,6.0600,5.9300,6.0000,5.9600,15653367,94060668.0000,3,0.171038,1,0.671100,0
2015-12-10,sh.601898,5.9900,6.3000,5.9500,6.0800,6.0000,29899773,182786567.0000,3,0.326702,1,1.333300,0
2015-12-11,sh.601898,6.0400,6.1600,5.9600,6.0500,6.0800,19896262,119845016.0000,3,0.217398,1,-0.493400,0
2015-12-14,sh.601898,6.0600,6.2800,6.0200,6.2700,6.0500,39568331,245173358.0000,3,0.432346,1,3.636400,0
2015-12-15,sh.601898,6.1900,6.2700,6.1200,6.1500,6.2700,26669025,165047356.0000,3,0.291401,1,-1.913900,0
2015-12-16,sh.601898,6.2000,6.2300,6.1000,6.1400,6.1500,18159537,112059485.0000,3,0.198422,1,-0.162600,0
2015-12-17,sh.601898,6.1700,6.2900,6.1600,6.2600,6.1400,33705051,209954959.0000,3,0.368281,1,1.954400,0
2015-12-18,sh.601898,6.2100,6.2700,6.1600,6.2100,6.2600,25983496,161436554.0000,3,0.283911,1,-0.798700,0
2015-12-21,sh.601898,6.2000,6.4200,6.1600,6.3600,6.2100,48050688,304189504.0000,3,0.525029,1,2.415500,0
2015-12-22,sh.601898,6.3700,6.5400,6.3200,6.4100,6.3600,49136916,315750464.0000,3,0.536898,1,0.786200,0
2015-12-23,sh.601898,6.4100,6.5400,6.3000,6.3100,6.4100,38169482,244850980.0000,3,0.417062,1,-1.560100,0
2015-12-24,sh.601898,6.3300,6.3800,6.1200,6.2000,6.3100,23297716,145377426.0000,3,0.254564,1,-1.743300,0
2015-12-25,sh.601898,6.2100,6.2500,6.1000,6.2100,6.2000,27463742,169201813.0000,3,0.300085,1,0.161300,0
2015-12-28,sh.601898,6.2100,6.2100,6.0400,6.0400,6.2100,29817472,182721230.0000,3,0.325803,1,-2.737500,0
2015-12-29,sh.601898,6.0400,6.1200,6.0100,6.1000,6.0400,22867729,138601567.0000,3,0.249866,1,0.993400,0
2015-12-30,sh.601898,6.1100,6.1300,6.0600,6.1200,6.1000,15147159,92458708.0000,3,0.165507,1,0.327900,0
2015-12-31,sh.601898,6.1000,6.1500,6.0400,6.0500,6.1200,13243915,80725452.0000,3,0.144711,1,-1.143800,0
2016-01-04,sh.601898,6.0600,6.1000,5.5200,5.5400,6.0500,22518900,132482046.0000,3,0.246054,1,-8.429800,0
2016-01-05,sh.601898,5.4300,5.7100,5.3000,5.6400,5.5400,37080657,204923467.0000,3,0.405165,1,1.805100,0
2016-01-06,sh.601898,5.6200,6.2000,5.5800,6.2000,5.6400,74321840,447543216.0000,3,0.812083,1,9.929100,0
2016-01-07,sh.601898,6.0800,6.1800,5.5800,5.5900,6.2000,16516965,98139603.0000,3,0.180474,1,-9.838700,0
2016-01-08,sh.601898,5.7200,6.1500,5.6300,6.1500,5.5900,91491015,548872624.0000,3,0.999683,1,10.017900,0
2016-01-11,sh.601898,6.0500,6.0900,5.5500,5.6600,6.1500,71899154,419702912.0000,3,0.785611,1,-7.967500,0
2016-01-12,sh.601898,5.6500,5.6900,5.3600,5.5600,5.6600,26125179,144289193.0000,3,0.285459,1,-1.766800,0
2016-01-13,sh.601898,5.5900,5.9100,5.4500,5.4800,5.5600,29182029,166170962.0000,3,0.318860,1,-1.438800,0
2016-01-14,sh.601898,5.2500,5.7100,5.2000,5.5800,5.4800,27680711,151553990.0000,3,0.302455,1,1.824800,0
2016-01-15,sh.601898,5.5500,5.5600,5.1800,5.2000,5.5800,30361467,162677371.0000,3,0.331747,1,-6.810000,0
2016-01-18,sh.601898,5.0800,5.2700,5.0200,5.1500,5.2000,18366426,94466694.0000,3,0.200682,1,-0.961500,0
2016-01-19,sh.601898,5.1400,5.3600,5.1200,5.3100,5.1500,19998644,105401573.0000,3,0.218517,1,3.106800,0
2016-01-20,sh.601898,5.3000,5.3000,5.1300,5.1700,5.3100,22871406,119026391.0000,3,0.249906,1,-2.636500,0
2016-01-21,sh.601898,5.1400,5.3400,5.0500,5.1100,5.1700,25275742,131916044.0000,3,0.276177,1,-1.160500,0
2016-01-22,sh.601898,5.2700,5.3900,5.1800,5.2500,5.1100,29821585,157175951.0000,3,0.325848,1,2.739700,0
2016-01-25,sh.601898,5.3100,5.4900,5.2000,5.3300,5.2500,35001762,187328689.0000,3,0.382449,1,1.523800,0
2016-01-26,sh.601898,5.2400,5.2600,4.8200,4.8600,5.3300,31363090,158993405.0000,3,0.342691,1,-8.818000,0
2016-01-27,sh.601898,4.9000,4.9700,4.5600,4.8400,4.8600,29119757,139676980.0000,3,0.318179,1,-0.411500,0
2016-01-28,sh.601898,4.7800,5.0600,4.5900,4.6700,4.8400,31281383,152989666.0000,3,0.341798,1,-3.512400,0
2016-01-29,sh.601898,4.6500,4.8500,4.6400,4.8100,4.6700,18714441,89251785.0000,3,0.204485,1,2.997900,0
2016-02-01,sh.601898,4.8100,4.8500,4.4500,4.5800,4.8100,22541518,104519348.0000,3,0.246302,1,-4.781700,0
2016-02-02,sh.601898,4.5800,4.6900,4.5400,4.6800,4.5800,18297399,84825490.0000,3,0.199928,1,2.183400,0
2016-02-03,sh.601898,4.6000,4.6300,4.5000,4.6000,4.6800,15771676,72051789.0000,3,0.172330,1,-1.709400,0
2016-02-04,sh.601898,4.6300,4.7200,4.6100,4.6600,4.6000,17711111,82597471.0000,3,0.193522,1,1.304300,0
2016-02-05,sh.601898,4.6700,4.7200,4.5800,4.6100,4.6600,16605198,77287430.0000,3,0.181438,1,-1.073000,0
2016-02-15,sh.601898,4.4800,4.6900,4.4500,4.6300,4.6100,12462380,56875463.0000,3,0.136171,1,0.433800,0
2016-02-16,sh.601898,4.6100,4.8400,4.6100,4.7900,4.6300,22462922,106788552.0000,3,0.245443,1,3.455700,0
2016-02-17,sh.601898,4.7500,4.8600,4.7300,4.8400,4.7900,22556933,108323909.0000,3,0.246470,1,1.043800,0
2016-02-18,sh.601898,4.8600,5.0200,4.8100,4.8300,4.8400,26702343,130440005.0000,3,0.291765,1,-0.206600,0
2016-02-19,sh.601898,4.7800,4.8400,4.7700,4.8100,4.8300,13351354,64086699.0000,3,0.145885,1,-0.414100,0
2016-02-22,sh.601898,4.8400,5.1200,4.8200,4.9800,4.8100,35621260,177521211.0000,3,0.389218,1,3.534300,0
2016-02-23,sh.601898,4.9500,5.0600,4.9100,5.0400,4.9800,33578601,167502886.0000,3,0.366899,1,1.204800,0
2016-02-24,sh.601898,5.0000,5.2700,4.9900,5.2000,5.0400,46493305,240831339.0000,3,0.508012,1,3.174600,0
2016-02-25,sh.601898,5.1800,5.2000,4.6800,4.7200,5.2000,33732495,165936375.0000,3,0.368581,1,-9.230800,0
2016-02-26,sh.601898,4.7700,5.0700,4.6900,5.0000,4.7200,32433751,158968833.0000,3,0.354390,1,5.932200,0
2016-02-29,sh.601898,4.9500,5.1900,4.6900,4.9000,5.0000,27509402,134824628.0000,3,0.300583,1,-2.000000,0
2016-03-01,sh.601898,4.9200,5.1100,4.8100,5.0600,4.9000,28074395,140705908.0000,3,0.306757,1,3.265300,0
2016-03-02,sh.601898,5.0000,5.3900,5.0000,5.3500,5.0600,49506048,259038831.0000,3,0.540931,1,5.731200,0
2016-03-03,sh.601898,5.3600,5.5500,5.2900,5.3700,5.3500,53490229,288859984.0000,3,0.584465,1,0.373800,0
2016-03-04,sh.601898,5.3500,5.4800,5.1400,5.3700,5.3700,54106465,288216912.0000,3,0.591198,1,0.000000,0
2016-03-07,sh.601898,5.5000,5.5500,5.2700,5.4500,5.3700,51642542,278177264.0000,3,0.564276,1,1.489800,0
2016-03-08,sh.601898,5.5800,5.6000,5.2500,5.4100,5.4500,48632625,262059439.0000,3,0.531388,1,-0.733900,0
2016-03-09,sh.601898,5.1700,5.2400,5.0300,5.1200,5.4100,25192007,129613472.0000,3,0.275262,1,-5.360400,0
2016-03-10,sh.601898,5.1500,5.1800,4.9900,5.0100,5.1200,14393864,73084574.0000,3,0.157276,1,-2.148400,0
2016-03-11,sh.601898,5.0200,5.0900,4.9600,5.0600,5.0100,10394746,52432688.0000,3,0.113579,1,0.998000,0
2016-03-14,sh.601898,5.1000,5.2200,5.0700,5.1100,5.0600,18712068,96389107.0000,3,0.204459,1,0.988100,0
2016-03-15,sh.601898,5.1000,5.1200,5.0200,5.0600,5.1100,11951355,60506636.0000,3,0.130587,1,-0.978500,0
2016-03-16,sh.601898,5.0700,5.1000,5.0000,5.0100,5.0600,12972586,65383134.0000,3,0.141746,1,-0.988100,0
2016-03-17,sh.601898,5.0400,5.1500,5.0300,5.1000,5.0100,15385464,78305707.0000,3,0.168110,1,1.796400,0
2016-03-18,sh.601898,5.1100,5.2400,5.1000,5.2100,5.1000,22234610,115332454.0000,3,0.242948,1,2.156900,0
2016-03-21,sh.601898,5.2300,5.3200,5.1800,5.3100,5.2100,30415492,160030730.0000,3,0.332337,1,1.919400,0
2016-03-22,sh.601898,5.2600,5.2800,5.2000,5.2300,5.3100,18803513,98363999.0000,3,0.205458,1,-1.506600,0
2016-03-23,sh.601898,5.2000,5.3000,5.1900,5.2300,5.2300,13944157,73106436.0000,3,0.152362,1,0.000000,0
2016-03-24,sh.601898,5.1500,5.1600,5.0500,5.0800,5.2300,21003419,107154381.0000,3,0.229495,1,-2.868100,0
2016-03-25,sh.601898,5.0700,5.1100,5.0500,5.1100,5.0800,8156131,41459727.0000,3,0.089119,1,0.590600,0
2016-03-28,sh.601898,5.1000,5.1500,5.0600,5.0600,5.1100,11696094,59662348.0000,3,0.127798,1,-0.978500,0
2016-03-29,sh.601898,5.0400,5.0800,4.9600,4.9900,5.0600,13834961,69429298.0000,3,0.151169,1,-1.383400,0
2016-03-30,sh.601898,5.0200,5.1100,5.0200,5.1000,4.9900,13493089,68429230.0000,3,0.147433,1,2.204400,0
2016-03-31,sh.601898,5.1300,5.1500,5.0600,5.1200,5.1000,16659134,85174370.0000,3,0.182027,1,0.392200,0
2016-04-01,sh.601898,5.1200,5.2100,5.1000,5.1500,5.1200,17896019,92271865.0000,3,0.195542,1,0.585900,0
2016-04-05,sh.601898,5.1800,5.2800,5.1400,5.2500,5.1500,24286137,126518261.0000,3,0.265364,1,1.941700,0
2016-04-06,sh.601898,5.2000,5.2500,5.1600,5.1800,5.2500,15705750,81706667.0000,3,0.171610,1,-1.333300,0
2016-04-07,sh.601898,5.2100,5.2400,5.1200,5.1600,5.1800,17414591,90143787.0000,3,0.190282,1,-0.386100,0
2016-04-08,sh.601898,5.1100,5.2100,5.1000,5.2000,5.1600,17374546,89756111.0000,3,0.189844,1,0.775200,0
2016-04-11,sh.601898,5.2000,5.4200,5.2000,5.3200,5.2000,43323088,231699160.0000,3,0.473373,1,2.307700,0
2016-04-12,sh.601898,5.3200,5.5000,5.2300,5.4900,5.3200,53596861,289290400.0000,3,0.585630,1,3.195500,0
2016-04-13,sh.601898,5.6100,5.7700,5.5300,5.5600,5.4900,80832721,456812608.0000,3,0.883225,1,1.275000,0
2016-04-14,sh.601898,5.5500,5.5800,5.4500,5.4900,5.5600,31204227,171429477.0000,3,0.340955,1,-1.259000,0
2016-04-15,sh.601898,5.4500,5.5200,5.3400,5.3800,5.4900,24729579,133679892.0000,3,0.270210,1,-2.003600,0
2016-04-18,sh.601898,5.3600,5.4200,5.2700,5.3900,5.3800,17855355,94942496.0000,3,0.195098,1,0.185900,0
2016-04-19,sh.601898,5.4200,5.4400,5.2700,5.3100,5.3900,15966978,85296732.0000,3,0.174464,1,-1.484200,0
2016-04-20,sh.601898,5.3600,5.3900,5.0000,5.1300,5.3100,28731078,148171700.0000,3,0.313932,1,-3.389800,0
2016-04-21,sh.601898,5.1400,5.2800,5.1100,5.1700,5.1300,23305389,121445108.0000,3,0.254648,1,0.779700,0
2016-04-22,sh.601898,5.1400,5.2200,5.0700,5.2000,5.1700,14498699,74669766.0000,3,0.158421,1,0.580300,0
2016-04-25,sh.601898,5.1600,5.2300,5.1100,5.2300,5.2000,16845658,87251543.0000,3,0.184065,1,0.576900,0
2016-04-26,sh.601898,5.2500,5.2600,5.1200,5.2000,5.2300,12695595,65780173.0000,3,0.138719,1,-0.573600,0
2016-04-27,sh.601898,5.1900,5.2000,5.1200,5.1400,5.2000,11041194,56874050.0000,3,0.120642,1,-1.153800,0
2016-04-28,sh.601898,5.1200,5.2000,5.0500,5.1700,5.1400,14475120,74036829.0000,3,0.158163,1,0.583700,0
2016-04-29,sh.601898,5.1400,5.1800,5.1100,5.1500,5.1700,8030878,41377295.0000,3,0.087750,1,-0.386800,0
2016-05-03,sh.601898,5.1300,5.2500,5.1100,5.2300,5.1500,14630542,76099248.0000,3,0.159862,1,1.553400,0
2016-05-04,sh.601898,5.2100,5.2400,5.1800,5.2100,5.2300,10534256,54887543.0000,3,0.115103,1,-0.382400,0
2016-05-05,sh.601898,5.2200,5.2600,5.1800,5.2300,5.2100,8882908,46408369.0000,3,0.097060,1,0.383900,0
2016-05-06,sh.601898,5.2100,5.2300,5.0200,5.0400,5.2300,15399274,78862578.0000,3,0.168261,1,-3.632900,0
2016-05-09,sh.601898,5.0100,5.0400,4.7500,4.7800,5.0400,17738571,85961270.0000,3,0.193822,1,-5.158700,0
2016-05-10,sh.601898,4.7700,4.8600,4.7700,4.8200,4.7800,11397117,54718112.0000,3,0.124531,1,0.836800,0
2016-05-11,sh.601898,4.8500,4.8600,4.7300,4.8000,4.8200,7553890,36339095.0000,3,0.082538,1,-0.414900,0
2016-05-12,sh.601898,4.7800,4.8200,4.7100,4.8000,4.8000,6888016,32832190.0000,3,0.075262,1,0.000000,0
2016-05-13,sh.601898,4.7800,4.8300,4.7500,4.7800,4.8000,5884911,28205665.0000,3,0.064302,1,-0.416700,0
2016-05-16,sh.601898,4.7900,4.8100,4.7200,4.8000,4.7800,7750300,37002145.0000,3,0.084684,1,0.418400,0
2016-05-17,sh.601898,4.8100,4.8800,4.7300,4.7700,4.8000,13589559,65220155.0000,3,0.148487,1,-0.625000,0
2016-05-18,sh.601898,4.7300,4.7400,4.6100,4.6400,4.7700,11258358,52436562.0000,3,0.123015,1,-2.725400,0
2016-05-19,sh.601898,4.6600,4.7000,4.6300,4.6400,4.6400,6394694,29840460.0000,3,0.069872,1,0.000000,0
2016-05-20,sh.601898,4.6200,4.6600,4.5700,4.6500,4.6400,5535237,25611664.0000,3,0.060481,1,0.215500,0
2016-05-23,sh.601898,4.6500,4.6900,4.6300,4.6700,4.6500,5113129,23886901.0000,3,0.055869,1,0.430100,0
2016-05-24,sh.601898,4.6800,4.6900,4.6000,4.6200,4.6700,5424681,25091740.0000,3,0.059273,1,-1.070700,0
2016-05-25,sh.601898,4.6400,4.6800,4.6400,4.6500,4.6200,8827898,41159682.0000,3,0.096459,1,0.649400,0
2016-05-26,sh.601898,4.6600,4.7500,4.6200,4.7400,4.6500,12912314,60409272.0000,3,0.141087,1,1.935500,0
2016-05-27,sh.601898,4.7100,4.7200,4.6400,4.6800,4.7400,12397484,57966488.0000,3,0.135462,1,-1.265800,0
2016-05-30,sh.601898,4.6500,4.7000,4.6300,4.6600,4.6800,6111058,28492272.0000,3,0.066773,1,-0.427400,0
2016-05-31,sh.601898,4.6600,4.8100,4.6600,4.7900,4.6600,13358999,63605508.0000,3,0.145968,1,2.789700,0
2016-06-01,sh.601898,4.7900,4.8500,4.7800,4.8100,4.7900,13604774,65490755.0000,3,0.148654,1,0.417500,0
2016-06-02,sh.601898,4.8000,4.8300,4.7800,4.8100,4.8100,8654939,41561757.0000,3,0.094569,1,0.000000,0
2016-06-03,sh.601898,4.8100,4.8300,4.7600,4.8300,4.8100,9163592,44004203.0000,3,0.100127,1,0.415800,0
2016-06-06,sh.601898,4.8100,4.8300,4.7700,4.7800,4.8300,7692359,36842143.0000,3,0.084051,1,-1.035200,0
2016-06-07,sh.601898,4.8000,4.8300,4.7900,4.8100,4.7800,8098973,38946580.0000,3,0.088494,1,0.627600,0
2016-06-08,sh.601898,4.8000,4.8400,4.7900,4.8000,4.8100,8279984,39842088.0000,3,0.090472,1,-0.207900,0
2016-06-13,sh.601898,4.7400,4.7700,4.5300,4.5600,4.8000,10092462,47340277.0000,3,0.110276,1,-5.000000,0
2016-06-14,sh.601898,4.5600,4.6100,4.5500,4.5900,4.5600,4682451,21449663.0000,3,0.051163,1,0.657900,0
2016-06-15,sh.601898,4.5500,4.7500,4.5300,4.6900,4.5900,9305381,43329392.0000,3,0.101676,1,2.178600,0
2016-06-16,sh.601898,4.6900,4.7300,4.6500,4.6700,4.6900,6612233,30886242.0000,3,0.072249,1,-0.426400,0
2016-06-17,sh.601898,4.6600,4.8500,4.6600,4.8200,4.6700,19416924,92983014.0000,3,0.212160,1,3.212000,0
2016-06-20,sh.601898,4.7900,4.8100,4.7200,4.7300,4.8200,11941577,56730778.0000,3,0.130481,1,-1.867200,0
2016-06-21,sh.601898,4.7500,4.8300,4.7200,4.7300,4.7300,11864889,56675964.0000,3,0.129643,1,0.000000,0
2016-06-22,sh.601898,4.7300,4.9000,4.7100,4.8800,4.7300,20170740,97951414.0000,3,0.220397,1,3.171200,0
2016-06-23,sh.601898,4.8300,5.0100,4.8300,4.9000,4.8800,17273407,84997514.0000,3,0.188739,1,0.409800,0
2016-06-24,sh.601898,4.8800,4.9600,4.7300,4.8000,4.9000,12990515,62697732.0000,3,0.141942,1,-2.040800,0
2016-06-27,sh.601898,4.8600,5.2400,4.8400,5.1300,4.8000,42979724,219987862.0000,3,0.469621,1,6.875000,0
2016-06-28,sh.601898,5.0700,5.1300,5.0400,5.1000,5.1300,11684229,59355714.0000,3,0.127669,1,-0.584800,0
2016-06-29,sh.601898,5.1000,5.2700,5.0800,5.1800,5.1000,17911567,92972608.0000,3,0.195712,1,1.568600,0
2016-06-30,sh.601898,5.1800,5.2100,5.1200,5.1600,5.1800,8065998,41687466.0000,3,0.088134,1,-0.386100,0
2016-07-01,sh.601898,5.1600,5.2400,5.1300,5.1600,5.1600,9589753,49615160.0000,3,0.104783,1,0.000000,0
2016-07-04,sh.601898,5.1200,5.5700,5.1200,5.4900,5.1600,39764204,216173868.0000,3,0.434486,1,6.395300,0
2016-07-05,sh.601898,5.5400,5.7400,5.4500,5.4800,5.4900,36747775,205469325.0000,3,0.401527,1,-0.182100,0
2016-07-06,sh.601898,5.4800,5.5100,5.3400,5.5000,5.4800,16618619,89874057.0000,3,0.181585,1,0.365000,0
2016-07-07,sh.601898,5.4500,5.5700,5.4200,5.4500,5.5000,14936372,81895107.0000,3,0.163203,1,-0.909100,0
2016-07-08,sh.601898,5.4100,5.4500,5.2600,5.3300,5.4500,15624056,83241849.0000,3,0.170717,1,-2.201800,0
2016-07-11,sh.601898,5.3300,5.5600,5.3300,5.4300,5.3300,21238989,115960227.0000,3,0.232069,1,1.876200,0
2016-07-12,sh.601898,5.5500,5.9700,5.5500,5.7200,5.4300,73482461,424513952.0000,3,0.802911,1,5.340700,0
2016-07-13,sh.601898,5.6000,5.7700,5.6000,5.7500,5.7200,31922456,180880553.0000,3,0.348803,1,0.524500,0
2016-07-14,sh.601898,5.7400,5.7400,5.6000,5.6900,5.7500,16288978,92290569.0000,3,0.177983,1,-1.043500,0
2016-07-15,sh.601898,5.6400,5.9600,5.6400,5.7300,5.6900,40207602,234490603.0000,3,0.439331,1,0.703000,0
2016-07-18,sh.601898,5.7000,5.8200,5.6000,5.6500,5.7300,25965964,147026313.0000,3,0.283719,1,-1.396200,0
2016-07-19,sh.601898,5.6100,5.6800,5.5700,5.6400,5.6500,13519021,76074353.0000,3,0.147717,1,-0.177000,0
2016-07-20,sh.601898,5.6600,5.7400,5.5100,5.5300,5.6400,16575219,93142556.0000,3,0.181110,1,-1.950300,0
2016-07-21,sh.601898,5.5400,5.6200,5.4300,5.5400,5.5300,19083958,105466176.0000,3,0.208522,1,0.180800,0
2016-07-22,sh.601898,5.5900,5.5900,5.4300,5.4700,5.5400,14306885,78381173.0000,3,0.156325,1,-1.263500,0
2016-07-25,sh.601898,5.4900,5.5300,5.3900,5.4700,5.4700,9253985,50640895.0000,3,0.101114,1,0.000000,0
2016-07-26,sh.601898,5.5000,5.6500,5.4800,5.6300,5.4700,18180631,101485777.0000,3,0.198652,1,2.925100,0
2016-07-27,sh.601898,5.6600,5.6800,5.3200,5.4700,5.6300,17507731,96228409.0000,3,0.191299,1,-2.841900,0
2016-07-28,sh.601898,5.4200,5.5700,5.4200,5.4800,5.4700,17274505,95441928.0000,3,0.188751,1,0.182800,0
2016-07-29,sh.601898,5.5100,5.6200,5.5000,5.5300,5.4800,11036152,61388031.0000,3,0.120587,1,0.912400,0
2016-08-01,sh.601898,5.5800,5.6800,5.4600,5.6600,5.5300,12869490,71676190.0000,3,0.140619,1,2.350800,0
2016-08-02,sh.601898,5.7600,5.8500,5.6700,5.7200,5.6600,19701562,113245528.0000,3,0.215271,1,1.060100,0
2016-08-03,sh.601898,5.6100,5.7300,5.5700,5.6700,5.7200,11462864,64850022.0000,3,0.125250,1,-0.874100,0
2016-08-04,sh.601898,5.6600,5.7400,5.6100,5.6800,5.6700,9047342,51255260.0000,3,0.098856,1,0.176400,0
2016-08-05,sh.601898,5.6800,5.7000,5.5900,5.6800,5.6800,8716630,49182980.0000,3,0.095243,1,0.000000,0
2016-08-08,sh.601898,5.8300,5.9500,5.7500,5.9400,5.6800,45320881,265659201.0000,3,0.495202,1,4.577500,0
2016-08-09,sh.601898,5.8800,5.9600,5.8300,5.8700,5.9400,28296119,166418379.0000,3,0.309180,1,-1.178500,0
2016-08-10,sh.601898,5.8700,6.0700,5.8200,5.8900,5.8700,26071213,155581223.0000,3,0.284869,1,0.340700,0
2016-08-11,sh.601898,5.8700,5.8700,5.7000,5.7300,5.8900,16615714,95805424.0000,3,0.181553,1,-2.716500,0
2016-08-12,sh.601898,5.7200,5.9400,5.6700,5.8300,5.7300,12370740,71320320.0000,3,0.135170,1,1.745200,0
2016-08-15,sh.601898,5.8200,5.9300,5.7600,5.8700,5.8300,18890109,110720811.0000,3,0.206404,1,0.686100,0
2016-08-16,sh.601898,5.8600,6.0000,5.8400,5.9200,5.8700,24948239,148029437.0000,3,0.272599,1,0.851800,0
2016-08-17,sh.601898,5.9300,5.9400,5.7800,5.8700,5.9200,20702147,120946275.0000,3,0.226204,1,-0.844600,0
2016-08-18,sh.601898,5.8700,5.9500,5.7700,5.8300,5.8700,23114543,135442816.0000,3,0.252563,1,-0.681400,0
2016-08-19,sh.601898,5.8300,5.8300,5.5600,5.6700,5.8300,35519843,200913419.0000,3,0.388110,1,-2.744400,0
2016-08-22,sh.601898,5.6600,5.6900,5.6000,5.6100,5.6700,11824386,66527871.0000,3,0.129200,1,-1.058200,0
2016-08-23,sh.601898,5.6200,5.6400,5.5500,5.5800,5.6100,14020687,78285148.0000,3,0.153198,1,-0.534800,0
2016-08-24,sh.601898,5.5900,5.6200,5.5000,5.5400,5.5800,13500247,75020054.0000,3,0.147511,1,-0.716800,0
2016-08-25,sh.601898,5.5400,5.5800,5.4800,5.5600,5.5400,14253993,79006898.0000,3,0.155747,1,0.361000,0
2016-08-26,sh.601898,5.5800,5.6000,5.5300,5.5500,5.5600,10763443,59830603.0000,3,0.117608,1,-0.179900,0
2016-08-29,sh.601898,5.5500,5.5600,5.5000,5.5200,5.5500,9556190,52809971.0000,3,0.104416,1,-0.540500,0
2016-08-30,sh.601898,5.5200,5.5900,5.5200,5.5600,5.5200,8664267,48110921.0000,3,0.094671,1,0.724600,0
2016-08-31,sh.601898,5.5800,5.6000,5.5300,5.5900,5.5600,10395382,57865642.0000,3,0.113586,1,0.539600,0
2016-09-01,sh.601898,5.5700,5.6000,5.5300,5.5600,5.5900,9782546,54456245.0000,3,0.106890,1,-0.536700,0
2016-09-02,sh.601898,5.5600,5.5800,5.5200,5.5300,5.5600,7727821,42873709.0000,3,0.084439,1,-0.539600,0
2016-09-05,sh.601898,5.5500,5.7300,5.5500,5.6600,5.5300,21216237,120180279.0000,3,0.231821,1,2.350807,0
2016-09-06,sh.601898,5.6400,5.7000,5.6100,5.6800,5.6600,9530804,53933676.0000,3,0.104139,1,0.353357,0
2016-09-07,sh.601898,5.7000,5.7000,5.6100,5.6300,5.6800,9990889,56461117.0000,3,0.109166,1,-0.880277,0
2016-09-08,sh.601898,5.6200,5.6800,5.5900,5.6800,5.6300,9282426,52376071.0000,3,0.101425,1,0.888094,0
2016-09-09,sh.601898,5.6800,5.7100,5.6300,5.6600,5.6800,7420077,42086035.0000,3,0.081076,1,-0.352112,0
2016-09-12,sh.601898,5.5500,5.5800,5.4900,5.5600,5.6600,13581725,75222279.0000,3,0.148402,1,-1.766783,0
2016-09-13,sh.601898,5.5900,5.5900,5.5100,5.5400,5.5600,6737586,37328886.0000,3,0.073619,1,-0.359712,0
2016-09-14,sh.601898,5.5300,5.5300,5.4100,5.4400,5.5400,5989091,32808963.0000,3,0.065440,1,-1.805053,0
2016-09-19,sh.601898,5.4500,5.5800,5.4400,5.5300,5.4400,6364566,34966624.0000,3,0.069543,1,1.654414,0
2016-09-20,sh.601898,5.5200,5.5900,5.5100,5.5800,5.5300,10645105,59104046.0000,3,0.116315,1,0.904154,0
2016-09-21,sh.601898,5.5500,5.6300,5.5200,5.5900,5.5800,8549822,47847141.0000,3,0.093420,1,0.179216,0
2016-09-22,sh.601898,5.6000,5.6600,5.5900,5.6100,5.5900,10560831,59456769.0000,3,0.115394,1,0.357781,0
2016-09-23,sh.601898,5.6400,5.6500,5.5900,5.6200,5.6100,6832952,38395217.0000,3,0.074661,1,0.178249,0
2016-09-26,sh.601898,5.6000,5.7000,5.5700,5.5700,5.6200,14564526,82174853.0000,3,0.159140,1,-0.889675,0
2016-09-27,sh.601898,5.5200,5.6000,5.4900,5.5900,5.5700,9501946,52609472.0000,3,0.103824,1,0.359066,0
2016-09-28,sh.601898,5.6400,5.6500,5.5300,5.5500,5.5900,6713448,37431539.0000,3,0.073355,1,-0.715563,0
2016-09-29,sh.601898,5.6000,5.6900,5.6000,5.6300,5.5500,14392731,81202090.0000,3,0.157263,1,1.441440,0
2016-09-30,sh.601898,5.6300,5.6500,5.5700,5.6500,5.6300,6968469,39151607.0000,3,0.076141,1,0.355239,0
2016-10-10,sh.601898,5.7500,5.7800,5.6700,5.7000,5.6500,15550729,88698422.0000,3,0.169916,1,0.884951,0
2016-10-11,sh.601898,5.7200,5.8400,5.6900,5.8300,5.7000,22786757,131774592.0000,3,0.248981,1,2.280704,0
2016-10-12,sh.601898,5.8100,5.8300,5.7300,5.7800,5.8300,17498660,100970537.0000,3,0.191200,1,-0.857628,0
2016-10-13,sh.601898,5.7900,5.8800,5.7500,5.7800,5.7800,15511031,90065295.0000,3,0.169482,1,0.000000,0
2016-10-14,sh.601898,5.8000,5.8400,5.7200,5.8400,5.7800,12681927,73283265.0000,3,0.138570,1,1.038061,0
2016-10-17,sh.601898,5.8600,5.9200,5.7600,5.8100,5.8400,22242497,130288127.0000,3,0.243034,1,-0.513702,0
2016-10-18,sh.601898,5.7700,5.9800,5.7600,5.9600,5.8100,29576812,174391658.0000,3,0.323173,1,2.581757,0
2016-10-19,sh.601898,6.0100,6.1100,5.8700,5.9100,5.9600,28144091,168439998.0000,3,0.307518,1,-0.838929,0
2016-10-20,sh.601898,5.9100,5.9500,5.8100,5.8600,5.9100,14981683,87964593.0000,3,0.163698,1,-0.846019,0
2016-10-21,sh.601898,5.8700,6.1000,5.8500,5.9700,5.8600,34243698,204836466.0000,3,0.374166,1,1.877127,0
2016-10-24,sh.601898,6.0500,6.5700,6.0500,6.5700,5.9700,71438859,457129984.0000,3,0.780582,1,10.050260,0
2016-10-25,sh.601898,6.8800,7.1300,6.6900,7.0300,6.5700,163848141,1127422000.0000,3,1.790299,1,7.001522,0
2016-10-26,sh.601898,6.8500,6.8800,6.7200,6.7500,7.0300,71220194,483813888.0000,3,0.778193,1,-3.982933,0
2016-10-27,sh.601898,6.6800,6.8700,6.5800,6.6400,6.7500,59135568,396898256.0000,3,0.646149,1,-1.629632,0
2016-10-28,sh.601898,6.6000,6.7800,6.5600,6.6800,6.6400,54865629,365044064.0000,3,0.599493,1,0.602409,0
2016-10-31,sh.601898,6.6100,6.6700,6.4900,6.6500,6.6800,33969353,223108466.0000,3,0.371169,1,-0.449098,0
2016-11-01,sh.601898,6.6300,6.6900,6.5100,6.6100,6.6500,44248277,292266448.0000,3,0.483482,1,-0.601503,0
2016-11-02,sh.601898,6.6100,6.7700,6.3300,6.4200,6.6100,57465211,376391328.0000,3,0.627898,1,-2.874434,0
2016-11-03,sh.601898,6.4100,6.5900,6.2500,6.5500,6.4200,68712427,441623552.0000,3,0.750791,1,2.024924,0
2016-11-04,sh.601898,6.5400,6.7300,6.5000,6.5700,6.5500,58153974,383960512.0000,3,0.635424,1,0.305343,0
2016-11-07,sh.601898,6.6200,6.8700,6.5900,6.6800,6.5700,76868484,516737904.0000,3,0.839909,1,1.674272,0
2016-11-08,sh.601898,6.6400,6.6700,6.5000,6.5300,6.6800,48149722,315834832.0000,3,0.526111,1,-2.245503,0
2016-11-09,sh.601898,6.5000,6.6400,6.3200,6.6000,6.5300,56615209,370066112.0000,3,0.618610,1,1.071971,0
2016-11-10,sh.601898,6.6000,6.8400,6.5800,6.7400,6.6000,63646142,429877456.0000,3,0.695434,1,2.121210,0
2016-11-11,sh.601898,6.7500,7.0500,6.6200,6.8400,6.7400,65872706,451156720.0000,3,0.719763,1,1.483685,0
2016-11-14,sh.601898,6.6700,7.1300,6.6700,6.9700,6.8400,69813489,488141712.0000,3,0.762822,1,1.900579,0
2016-11-15,sh.601898,6.9100,7.0500,6.6100,6.7300,6.9700,51715399,351122000.0000,3,0.565072,1,-3.443325,0
2016-11-16,sh.601898,6.7100,6.7400,6.5400,6.6500,6.7300,33948411,225108088.0000,3,0.370940,1,-1.188706,0
2016-11-17,sh.601898,6.5800,6.8500,6.4000,6.7600,6.6500,35578360,239922113.0000,3,0.388750,1,1.654137,0
2016-11-18,sh.601898,6.7000,6.7400,6.5600,6.6400,6.7600,24658272,163449266.0000,3,0.269430,1,-1.775153,0
2016-11-21,sh.601898,6.5900,6.6900,6.5500,6.5900,6.6400,20775643,137306909.0000,3,0.227007,1,-0.753008,0
2016-11-22,sh.601898,6.6700,6.7400,6.6300,6.7100,6.5900,31281402,209318369.0000,3,0.341799,1,1.820939,0
2016-11-23,sh.601898,6.7300,6.7400,6.5500,6.5800,6.7100,26531714,175297264.0000,3,0.289901,1,-1.937409,0
2016-11-24,sh.601898,6.6700,6.7200,6.5400,6.5700,6.5800,22700135,150413459.0000,3,0.248035,1,-0.151972,0
2016-11-25,sh.601898,6.5500,6.5800,6.3700,6.5500,6.5700,20856086,134939770.0000,3,0.227886,1,-0.304414,0
2016-11-28,sh.601898,6.5500,6.6600,6.5000,6.6400,6.5500,26142382,172605632.0000,3,0.285647,1,1.374041,0
2016-11-29,sh.601898,6.6000,6.6000,6.4300,6.4800,6.6400,31186196,202666239.0000,3,0.340758,1,-2.409636,0
2016-11-30,sh.601898,6.4200,6.4200,6.1300,6.2300,6.4800,42370154,264970786.0000,3,0.462961,1,-3.858025,0
2016-12-01,sh.601898,6.2600,6.2700,6.2100,6.2500,6.2300,25451789,158827455.0000,3,0.278101,1,0.321027,0
2016-12-02,sh.601898,6.2500,6.3600,6.1700,6.1800,6.2500,25972360,162491756.0000,3,0.283789,1,-1.120003,0
2016-12-05,sh.601898,6.1400,6.2500,6.0700,6.1700,6.1800,18547425,114339421.0000,3,0.202660,1,-0.161808,0
2016-12-06,sh.601898,6.1800,6.2200,6.0900,6.1000,6.1700,17225336,105724655.0000,3,0.188214,1,-1.134525,0
2016-12-07,sh.601898,6.1000,6.2000,6.0400,6.1900,6.1000,24178487,148457777.0000,3,0.264188,1,1.475412,0
2016-12-08,sh.601898,6.1800,6.1900,6.1000,6.1300,6.1900,21208280,130171275.0000,3,0.231734,1,-0.969304,0
2016-12-09,sh.601898,6.1000,6.1400,6.0300,6.0800,6.1300,35855204,217703554.0000,3,0.391775,1,-0.815664,0
2016-12-12,sh.601898,6.0900,6.1600,5.9000,5.9200,6.0800,33819674,203679129.0000,3,0.369533,1,-2.631577,0
2016-12-13,sh.601898,5.9800,5.9800,5.8600,5.9400,5.9200,22292104,131692883.0000,3,0.243576,1,0.337838,0
2016-12-14,sh.601898,5.9000,5.9700,5.8700,5.8800,5.9400,19512032,115383442.0000,3,0.213200,1,-1.010100,0
2016-12-15,sh.601898,5.8800,5.9300,5.8300,5.8700,5.8800,18776494,110313424.0000,3,0.205163,1,-0.170072,0
2016-12-16,sh.601898,5.8700,5.8700,5.7300,5.8500,5.8700,19965722,116083030.0000,3,0.218157,1,-0.340715,0
2016-12-19,sh.601898,5.7900,5.8500,5.7700,5.8000,5.8500,13857408,80483686.0000,3,0.151414,1,-0.854696,0
2016-12-20,sh.601898,5.7400,5.8000,5.6400,5.7000,5.8000,19134305,109138997.0000,3,0.209072,1,-1.724144,0
2016-12-21,sh.601898,5.7000,5.8100,5.7000,5.8000,5.7000,18821800,108395613.0000,3,0.205658,1,1.754393,0
2016-12-22,sh.601898,5.7800,5.8500,5.7600,5.8100,5.8000,17662914,102541562.0000,3,0.192995,1,0.172409,0
2016-12-23,sh.601898,5.7900,5.8200,5.7200,5.7300,5.8100,10752814,62074361.0000,3,0.117491,1,-1.376935,0
2016-12-26,sh.601898,5.7200,5.7600,5.5600,5.7400,5.7300,14536011,82093131.0000,3,0.158829,1,0.174516,0
2016-12-27,sh.601898,5.7400,5.8000,5.7000,5.7700,5.7400,8618520,49642180.0000,3,0.094171,1,0.522652,0
2016-12-28,sh.601898,5.8000,5.8200,5.7400,5.7500,5.7700,9027936,52201735.0000,3,0.098644,1,-0.346620,0
2016-12-29,sh.601898,5.7500,5.8400,5.7200,5.8100,5.7500,12806392,74169877.0000,3,0.139930,1,1.043477,0
2016-12-30,sh.601898,5.8300,5.8500,5.7700,5.8100,5.8100,12569780,73127311.0000,3,0.137345,1,0.000000,0
2017-01-03,sh.601898,5.8400,5.8700,5.8000,5.8500,5.8100,13505618,78948405.0000,3,0.147570,1,0.688468,0
2017-01-04,sh.601898,5.8400,5.8700,5.8200,5.8600,5.8500,9717428,56783803.0000,3,0.106178,1,0.170944,0
2017-01-05,sh.601898,5.8700,5.9300,5.8500,5.8800,5.8600,16494173,97068304.0000,3,0.180225,1,0.341297,0
2017-01-06,sh.601898,5.8600,5.8800,5.8300,5.8400,5.8800,12560614,73573021.0000,3,0.137244,1,-0.680271,0
2017-01-09,sh.601898,5.8400,5.8800,5.8200,5.8600,5.8400,13077912,76476818.0000,3,0.142897,1,0.342465,0
2017-01-10,sh.601898,5.8600,6.0100,5.8100,5.9400,5.8600,24562421,145211518.0000,3,0.268383,1,1.365186,0
2017-01-11,sh.601898,5.9200,6.0000,5.8500,5.8800,5.9400,19632106,116380284.0000,3,0.214512,1,-1.010100,0
2017-01-12,sh.601898,5.8500,5.9100,5.7400,5.7400,5.8800,14088512,81956217.0000,3,0.153939,1,-2.380958,0
2017-01-13,sh.601898,5.7400,5.7800,5.6700,5.7200,5.7400,12549926,71799024.0000,3,0.137128,1,-0.348432,0
2017-01-16,sh.601898,5.7000,5.7800,5.5300,5.6900,5.7200,19900654,113476035.0000,3,0.217446,1,-0.524471,0
2017-01-17,sh.601898,5.6600,5.7500,5.6300,5.7400,5.6900,10773679,61370041.0000,3,0.117719,1,0.878730,0
2017-01-18,sh.601898,5.7200,5.8500,5.7000,5.8000,5.7400,16645074,96581559.0000,3,0.181874,1,1.045303,0
2017-01-19,sh.601898,5.7700,5.8400,5.7500,5.8000,5.8000,9140269,53066514.0000,3,0.099872,1,0.000000,0
2017-01-20,sh.601898,5.7900,5.8600,5.7800,5.8400,5.8000,9068765,52910208.0000,3,0.099091,1,0.689654,0
2017-01-23,sh.601898,5.8600,5.9200,5.8400,5.8900,5.8400,14970978,88082560.0000,3,0.163581,1,0.856159,0
2017-01-24,sh.601898,5.8900,6.0200,5.8700,5.9600,5.8900,24057536,143319674.0000,3,0.262866,1,1.188458,0
2017-01-25,sh.601898,5.9600,5.9900,5.8900,5.9200,5.9600,13130824,77966011.0000,3,0.143475,1,-0.671140,0
2017-01-26,sh.601898,5.9400,6.0200,5.9200,6.0000,5.9200,14001855,83713660.0000,3,0.152992,1,1.351350,0
2017-02-03,sh.601898,6.0000,6.0100,5.8800,5.9000,6.0000,10227136,60677309.0000,3,0.111748,1,-1.666665,0
2017-02-06,sh.601898,5.9000,5.9200,5.8300,5.8900,5.9000,10828400,63574439.0000,3,0.118317,1,-0.169495,0
2017-02-07,sh.601898,5.8500,5.9000,5.8500,5.8700,5.8900,10572795,62049945.0000,3,0.115524,1,-0.339558,0
2017-02-08,sh.601898,5.8700,5.9900,5.8400,5.9700,5.8700,18368811,108478132.0000,3,0.200708,1,1.703576,0
2017-02-09,sh.601898,5.9500,6.0900,5.9400,6.0100,5.9700,22065507,132885822.0000,3,0.241100,1,0.670024,0
2017-02-10,sh.601898,6.0000,6.1700,5.9700,6.1300,6.0100,26543821,161287681.0000,3,0.290033,1,1.996670,0
2017-02-13,sh.601898,6.1500,6.3100,6.1200,6.1600,6.1300,35581091,221287777.0000,3,0.388779,1,0.489392,0
2017-02-14,sh.601898,6.1600,6.2600,6.1200,6.2300,6.1600,22992187,142367950.0000,3,0.251226,1,1.136366,0
2017-02-15,sh.601898,6.2100,6.2100,6.0800,6.0900,6.2300,20450183,125894391.0000,3,0.223450,1,-2.247189,0
2017-02-16,sh.601898,6.1200,6.3600,6.1200,6.3300,6.0900,61180710,383875232.0000,3,0.668495,1,3.940883,0
2017-02-17,sh.601898,6.2900,6.2900,6.1300,6.1700,6.3300,30756470,190477641.0000,3,0.336063,1,-2.527644,0
2017-02-20,sh.601898,6.1700,6.2900,6.1300,6.2800,6.1700,27403827,170030379.0000,3,0.299430,1,1.782822,0
2017-02-21,sh.601898,6.2700,6.3100,6.1800,6.2400,6.2800,27527925,172030163.0000,3,0.300786,1,-0.636950,0
2017-02-22,sh.601898,6.2200,6.2200,6.1600,6.2200,6.2400,15988553,99003550.0000,3,0.174700,1,-0.320512,0
2017-02-23,sh.601898,6.2400,6.2400,6.0900,6.1500,6.2200,19955856,123201471.0000,3,0.218049,1,-1.125397,0
2017-02-24,sh.601898,6.1400,6.1400,6.0500,6.1000,6.1500,17027011,103516263.0000,3,0.186047,1,-0.813011,0
2017-02-27,sh.601898,6.1100,6.1100,6.0100,6.0400,6.1000,18364313,111276339.0000,3,0.200659,1,-0.983606,0
2017-02-28,sh.601898,6.0500,6.0800,6.0200,6.0800,6.0400,13070886,79168832.0000,3,0.142820,1,0.662251,0
2017-03-01,sh.601898,6.0700,6.1400,6.0500,6.1000,6.0800,19161326,116942699.0000,3,0.209368,1,0.328947,0
2017-03-02,sh.601898,6.1500,6.1700,6.0500,6.0600,6.1000,13258680,80988738.0000,3,0.144872,1,-0.655737,0
2017-03-03,sh.601898,6.0200,6.0700,5.9900,6.0200,6.0600,12623059,75921861.0000,3,0.137927,1,-0.660065,0
2017-03-06,sh.601898,6.0400,6.1200,6.0200,6.1000,6.0200,18332900,111277637.0000,3,0.200316,1,1.328902,0
2017-03-07,sh.601898,6.0800,6.1800,6.0200,6.1100,6.1000,20221136,123067155.0000,3,0.220948,1,0.163938,0
2017-03-08,sh.601898,6.1000,6.1000,6.0200,6.0400,6.1100,14066494,85194080.0000,3,0.153699,1,-1.145666,0
2017-03-09,sh.601898,6.0200,6.0300,5.7900,5.8500,6.0400,32778859,192824500.0000,3,0.358161,1,-3.145696,0
2017-03-10,sh.601898,5.8600,5.8800,5.8000,5.8200,5.8500,11877416,69350274.0000,3,0.129779,1,-0.512816,0
2017-03-13,sh.601898,5.8300,5.8900,5.7600,5.8800,5.8200,16512691,96543708.0000,3,0.180427,1,1.030927,0
2017-03-14,sh.601898,5.8600,5.9200,5.8200,5.8400,5.8800,16964660,99502936.0000,3,0.185366,1,-0.680271,0
2017-03-15,sh.601898,5.8500,5.9000,5.8400,5.8800,5.8400,14048859,82549784.0000,3,0.153506,1,0.684931,0
2017-03-16,sh.601898,5.8900,5.9700,5.8900,5.9200,5.8800,16945619,100457508.0000,3,0.185158,1,0.680271,0
2017-03-17,sh.601898,5.9200,5.9400,5.7900,5.8200,5.9200,19657260,115411460.0000,3,0.214786,1,-1.689188,0
2017-03-20,sh.601898,6.0200,6.1300,5.9400,6.0000,5.8200,43958930,264098073.0000,3,0.480320,1,3.092781,0
2017-03-21,sh.601898,6.0200,6.1200,5.9400,6.0000,6.0000,36119843,217434879.0000,3,0.394666,1,0.000000,0
2017-03-22,sh.601898,5.9500,6.0000,5.8600,5.9900,6.0000,26985023,159777657.0000,3,0.294854,1,-0.166670,0
2017-03-23,sh.601898,5.9500,5.9700,5.8700,5.9300,5.9900,22326837,132254805.0000,3,0.243956,1,-1.001669,0
2017-03-24,sh.601898,5.9300,5.9700,5.8600,5.9400,5.9300,19839033,117217617.0000,3,0.216773,1,0.168638,0
2017-03-27,sh.601898,5.9300,5.9500,5.8700,5.8800,5.9400,18593521,110023182.0000,3,0.203163,1,-1.010100,0
2017-03-28,sh.601898,5.8800,5.9000,5.8500,5.8600,5.8800,11118088,65256656.0000,3,0.121483,1,-0.340136,0
2017-03-29,sh.601898,5.9100,6.0500,5.8700,6.0300,5.8600,36783875,219511316.0000,3,0.401922,1,2.901025,0
2017-03-30,sh.601898,6.0000,6.0900,5.9800,6.0400,6.0300,40347528,243868152.0000,3,0.440860,1,0.165833,0
2017-03-31,sh.601898,6.0300,6.1400,5.9800,6.1100,6.0400,33663933,204696791.0000,3,0.367831,1,1.158943,0
2017-04-05,sh.601898,6.1500,6.1900,6.0800,6.1700,6.1100,37799754,231906825.0000,3,0.413022,1,0.981996,0
2017-04-06,sh.601898,6.1600,6.1700,6.1000,6.1400,6.1700,24543753,150343300.0000,3,0.268179,1,-0.486227,0
2017-04-07,sh.601898,6.1400,6.1500,6.0600,6.1100,6.1400,23851025,145751161.0000,3,0.260610,1,-0.488595,0
2017-04-10,sh.601898,6.1100,6.2200,6.0600,6.1300,6.1100,29460582,181270039.0000,3,0.321903,1,0.327332,0
2017-04-11,sh.601898,6.1800,6.1800,6.0500,6.1400,6.1300,22641062,138317163.0000,3,0.247389,1,0.163128,0
2017-04-12,sh.601898,6.1200,6.1300,6.0600,6.0800,6.1400,18038605,109939819.0000,3,0.197100,1,-0.977198,0
2017-04-13,sh.601898,6.0800,6.2000,6.0500,6.1700,6.0800,32082328,197529550.0000,3,0.350550,1,1.480266,0
2017-04-14,sh.601898,6.1700,6.2300,6.0600,6.1000,6.1700,34588048,211977026.0000,3,0.377929,1,-1.134525,0
2017-04-17,sh.601898,6.0600,6.1000,5.9900,6.0200,6.1000,23275506,140692273.0000,3,0.254322,1,-1.311474,0
2017-04-18,sh.601898,6.0200,6.0700,5.9100,5.9200,6.0200,17520861,105271869.0000,3,0.191443,1,-1.661128,0
2017-04-19,sh.601898,5.8500,5.8900,5.7300,5.7800,5.9200,20033270,116014491.0000,3,0.218895,1,-2.364862,0
2017-04-20,sh.601898,5.7700,5.8200,5.6800,5.7300,5.7800,14161686,81291334.0000,3,0.154739,1,-0.865055,0
2017-04-21,sh.601898,5.7500,5.7900,5.7400,5.7600,5.7300,10558667,60844474.0000,3,0.115370,1,0.523564,0
2017-04-24,sh.601898,5.7600,5.7600,5.6300,5.7200,5.7600,13373772,75993076.0000,3,0.146129,1,-0.694452,0
2017-04-25,sh.601898,5.7000,5.8300,5.6600,5.7900,5.7200,14252689,81780202.0000,3,0.155733,1,1.223779,0
2017-04-26,sh.601898,5.7700,5.8000,5.7500,5.7800,5.7900,8519352,49164724.0000,3,0.093087,1,-0.172707,0
2017-04-27,sh.601898,5.7700,5.8000,5.6600,5.7900,5.7800,11964328,68677164.0000,3,0.130729,1,0.173006,0
2017-04-28,sh.601898,5.7800,5.8500,5.7700,5.8200,5.7900,12829691,74630049.0000,3,0.140185,1,0.518138,0
2017-05-02,sh.601898,5.8400,5.8700,5.8000,5.8000,5.8200,13181570,76952032.0000,3,0.144029,1,-0.343642,0
2017-05-03,sh.601898,5.8100,5.8200,5.7000,5.7400,5.8000,10513113,60312611.0000,3,0.114872,1,-1.034490,0
2017-05-04,sh.601898,5.7300,5.7300,5.5900,5.6200,5.7400,14868379,84011530.0000,3,0.162460,1,-2.090590,0
2017-05-05,sh.601898,5.6000,5.6100,5.3800,5.4100,5.6200,19499941,106924284.0000,3,0.213068,1,-3.736655,0
2017-05-08,sh.601898,5.4000,5.4200,5.3300,5.3900,5.4100,11255769,60525196.0000,3,0.122987,1,-0.369685,0
2017-05-09,sh.601898,5.4000,5.4300,5.3300,5.4100,5.3900,8746989,47196492.0000,3,0.095575,1,0.371057,0
2017-05-10,sh.601898,5.4200,5.4500,5.3300,5.3300,5.4100,9574645,51714578.0000,3,0.104618,1,-1.478742,0
2017-05-11,sh.601898,5.3200,5.3300,5.1600,5.2500,5.3300,17771656,93018812.0000,3,0.194183,1,-1.500937,0
2017-05-12,sh.601898,5.2500,5.2800,5.2100,5.2500,5.2500,9277839,48702726.0000,3,0.101375,1,0.000000,0
2017-05-15,sh.601898,5.2600,5.3000,5.2500,5.2800,5.2500,8252651,43536193.0000,3,0.090173,1,0.571433,0
2017-05-16,sh.601898,5.2700,5.3500,5.2000,5.3500,5.2800,10968620,57752976.0000,3,0.119849,1,1.325752,0
2017-05-17,sh.601898,5.3400,5.4200,5.3100,5.3500,5.3500,10921160,58622836.0000,3,0.119331,1,0.000000,0
2017-05-18,sh.601898,5.3100,5.3600,5.2900,5.3100,5.3500,10547204,56078576.0000,3,0.115245,1,-0.747663,0
2017-05-19,sh.601898,5.3300,5.3700,5.3100,5.3500,5.3100,8687695,46377916.0000,3,0.094927,1,0.753295,0
2017-05-22,sh.601898,5.3500,5.4100,5.2800,5.3100,5.3500,9298299,49809100.0000,3,0.101599,1,-0.747663,0
2017-05-23,sh.601898,5.3000,5.4100,5.1800,5.2600,5.3100,14594363,77350985.0000,3,0.159466,1,-0.941614,0
2017-05-24,sh.601898,5.2200,5.2600,5.1600,5.2400,5.2600,10447547,54530045.0000,3,0.114156,1,-0.380237,0
2017-05-25,sh.601898,5.2500,5.4000,5.2300,5.4000,5.2400,20169753,107629848.0000,3,0.220386,1,3.053442,0
2017-05-26,sh.601898,5.3700,5.4300,5.3500,5.3700,5.4000,12071781,64948217.0000,3,0.131903,1,-0.555559,0
2017-05-31,sh.601898,5.4100,5.4300,5.3100,5.3100,5.3700,12721063,68258556.0000,3,0.138998,1,-1.117317,0
2017-06-01,sh.601898,5.2900,5.3300,5.2600,5.2800,5.3100,9311451,49272142.0000,3,0.101742,1,-0.564967,0
2017-06-02,sh.601898,5.2400,5.3500,5.2400,5.3500,5.2800,9853189,52287897.0000,3,0.107662,1,1.325752,0
2017-06-05,sh.601898,5.4000,5.4500,5.3800,5.3900,5.3500,15251843,82647586.0000,3,0.166650,1,0.747663,0
2017-06-06,sh.601898,5.3800,5.4200,5.3700,5.4200,5.3900,10762877,58073617.0000,3,0.117601,1,0.556590,0
2017-06-07,sh.601898,5.4100,5.5100,5.4000,5.5100,5.4200,18728391,102182522.0000,3,0.204637,1,1.660519,0
2017-06-08,sh.601898,5.4500,5.5100,5.4500,5.4800,5.5100,13628927,74737441.0000,3,0.148917,1,-0.544468,0
2017-06-09,sh.601898,5.4900,5.5400,5.4700,5.5200,5.4800,16530963,91140155.0000,3,0.180627,1,0.729926,0
2017-06-12,sh.601898,5.5100,5.5200,5.4200,5.4300,5.5200,14375770,78520068.0000,3,0.157078,1,-1.630438,0
2017-06-13,sh.601898,5.4100,5.5800,5.4100,5.5500,5.4300,20895411,115509475.0000,3,0.228315,1,2.209952,0
2017-06-14,sh.601898,5.5500,5.6300,5.5300,5.5600,5.5500,24601887,137410238.0000,3,0.268814,1,0.180176,0
2017-06-15,sh.601898,5.5500,5.6300,5.5500,5.5800,5.5600,10388224,58132353.0000,3,0.113508,1,0.359712,0
2017-06-16,sh.601898,5.5700,5.6200,5.5500,5.5700,5.5800,8911291,49811740.0000,3,0.097370,1,-0.179207,0
2017-06-19,sh.601898,5.5800,5.7700,5.5500,5.7100,5.5700,25271090,143594444.0000,3,0.276126,1,2.513463,0
2017-06-20,sh.601898,5.7100,5.8100,5.7000,5.7300,5.7100,15583147,89591279.0000,3,0.170270,1,0.350262,0
2017-06-21,sh.601898,5.7500,5.7700,5.6600,5.7100,5.7300,12130548,69329208.0000,3,0.132545,1,-0.349040,0
2017-06-22,sh.601898,5.7100,5.8100,5.7100,5.7300,5.7100,17897236,103089217.0000,3,0.195555,1,0.350262,0
2017-06-23,sh.601898,5.7300,5.7300,5.5500,5.6800,5.7300,13119346,74062727.0000,3,0.143349,1,-0.872604,0
2017-06-26,sh.601898,5.6700,5.8100,5.6600,5.8000,5.6800,16087976,92640849.0000,3,0.175786,1,2.112683,0
2017-06-27,sh.601898,5.8000,5.8800,5.7100,5.8300,5.8000,22344513,129932384.0000,3,0.244149,1,0.517237,0
2017-06-28,sh.601898,5.8100,5.9000,5.7900,5.8400,5.8300,15117924,88437595.0000,3,0.165187,1,0.171531,0
2017-06-29,sh.601898,5.8500,5.9800,5.8100,5.8900,5.8400,19827128,117298290.0000,3,0.216643,1,0.856159,0
2017-06-30,sh.601898,5.8700,5.9300,5.8500,5.8800,5.8900,14824960,87257740.0000,3,0.161986,1,-0.169775,0
2017-07-03,sh.601898,5.8900,5.9800,5.8700,5.9800,5.8800,15831896,94067292.0000,3,0.172988,1,1.700679,0
2017-07-04,sh.601898,5.9700,5.9700,5.7900,5.8300,5.9800,21372992,125217977.0000,3,0.233534,1,-2.508363,0
2017-07-05,sh.601898,5.8600,5.9300,5.8500,5.9100,5.8300,16485487,97117363.0000,3,0.180130,1,1.372211,0
2017-07-06,sh.601898,5.9200,6.0400,5.8800,5.9800,5.9100,27488459,164315158.0000,3,0.300355,1,1.184436,0
2017-07-07,sh.601898,5.9600,6.0100,5.9000,6.0100,5.9800,27689056,164716649.0000,3,0.302546,1,0.501676,0
2017-07-10,sh.601898,6.0000,6.1000,5.9600,6.0500,6.0100,23399778,141444222.0000,3,0.255679,1,0.665557,0
2017-07-11,sh.601898,6.0400,6.0700,5.9500,5.9600,6.0500,17551017,105149178.0000,3,0.191772,1,-1.487606,0
2017-07-12,sh.601898,5.9500,6.0000,5.8300,5.9500,5.9600,21731293,128276757.0000,3,0.237449,1,-0.167789,0
2017-07-13,sh.601898,5.9500,6.0800,5.9100,6.0000,5.9500,26809628,160873499.0000,3,0.292937,1,0.840339,0
2017-07-14,sh.601898,6.0000,6.0200,5.9300,6.0000,6.0000,13496401,80694497.0000,3,0.147469,1,0.000000,0
2017-07-17,sh.601898,6.0000,6.2000,5.8300,6.0300,6.0000,66293479,402893696.0000,3,0.724361,1,0.500004,0
2017-07-18,sh.601898,6.0000,6.2400,6.0000,6.2300,6.0300,58862456,362299648.0000,3,0.643165,1,3.316746,0
2017-07-19,sh.601898,6.2200,6.6200,6.1800,6.6000,6.2300,92667294,597664400.0000,3,1.012536,1,5.939003,0
2017-07-20,sh.601898,6.5600,6.5600,6.3900,6.4500,6.6000,52516340,338917808.0000,3,0.573824,1,-2.272729,0
2017-07-21,sh.601898,6.4300,6.6400,6.4000,6.4800,6.4500,45951666,298784160.0000,3,0.502094,1,0.465120,0
2017-07-24,sh.601898,6.4300,6.5400,6.3300,6.3500,6.4400,40459240,259657115.0000,3,0.442081,1,-1.397518,0
2017-07-25,sh.601898,6.3500,6.3500,6.2300,6.2900,6.3500,35988403,226073008.0000,3,0.393230,1,-0.944881,0
2017-07-26,sh.601898,6.3100,6.3400,6.2500,6.2800,6.2900,30219384,190174056.0000,3,0.330194,1,-0.158979,0
2017-07-27,sh.601898,6.2800,6.2800,6.0100,6.1000,6.2800,45217637,277119360.0000,3,0.494074,1,-2.866247,0
2017-07-28,sh.601898,6.1000,6.1600,6.0500,6.1400,6.1000,25928540,158526013.0000,3,0.283310,1,0.655737,0
2017-07-31,sh.601898,6.1500,6.3500,6.1200,6.3300,6.1400,50817849,317876048.0000,3,0.555265,1,3.094464,0
2017-08-01,sh.601898,6.3200,6.3200,6.1800,6.2200,6.3300,37621232,234118525.0000,3,0.411071,1,-1.737759,0
2017-08-02,sh.601898,6.2500,6.4700,6.2100,6.3000,6.2200,59213226,374874832.0000,3,0.646998,1,1.286180,0
2017-08-03,sh.601898,6.3100,6.4000,6.2800,6.3900,6.3000,37804262,239781385.0000,3,0.413071,1,1.428566,0
2017-08-04,sh.601898,6.3900,6.7300,6.3800,6.4100,6.3900,76785446,502198624.0000,3,0.839002,1,0.312989,0
2017-08-07,sh.601898,6.3800,6.7200,6.2600,6.6900,6.4100,70076389,456020816.0000,3,0.765695,1,4.368178,0
2017-08-08,sh.601898,6.6800,6.8800,6.5500,6.6300,6.6900,79150187,531947824.0000,3,0.864840,1,-0.896860,0
2017-08-09,sh.601898,6.6400,6.9000,6.4700,6.8800,6.6300,95027017,639889744.0000,3,1.038320,1,3.770739,0
2017-08-10,sh.601898,6.7900,6.7900,6.5600,6.6300,6.8800,58951147,393332112.0000,3,0.644134,1,-3.633721,0
2017-08-11,sh.601898,6.5800,6.5900,6.0500,6.1300,6.6300,65753112,416039072.0000,3,0.718456,1,-7.541478,0
2017-08-14,sh.601898,6.1500,6.2300,6.1100,6.1800,6.1300,29805096,184088268.0000,3,0.325668,1,0.815656,0
2017-08-15,sh.601898,6.1400,6.2000,6.0800,6.1400,6.1800,22501571,138239309.0000,3,0.245865,1,-0.647249,0
2017-08-16,sh.601898,6.1400,6.2100,6.0600,6.1200,6.1400,26818865,164127903.0000,3,0.293038,1,-0.325733,0
2017-08-17,sh.601898,6.2000,6.4000,6.2000,6.3700,6.1200,49512922,311674592.0000,3,0.541007,1,4.084968,0
2017-08-18,sh.601898,6.3000,6.4300,6.2700,6.3500,6.3700,29126878,184890517.0000,3,0.318257,1,-0.313972,0
2017-08-21,sh.601898,6.4200,6.4700,6.3400,6.4100,6.3500,25185569,160985897.0000,3,0.275192,1,0.944881,0
2017-08-22,sh.601898,6.4100,6.4400,6.3300,6.4000,6.4100,23444679,149593962.0000,3,0.256170,1,-0.156002,0
2017-08-23,sh.601898,6.3100,6.3700,6.2000,6.2400,6.4000,22824695,142972120.0000,3,0.249396,1,-2.500005,0
2017-08-24,sh.601898,6.2600,6.3100,6.1900,6.2100,6.2400,14922806,93425432.0000,3,0.163055,1,-0.480765,0
2017-08-25,sh.601898,6.2800,6.4600,6.2600,6.4100,6.2100,37583377,240126677.0000,3,0.410658,1,3.220609,0
2017-08-28,sh.601898,6.3800,6.4600,6.3600,6.4400,6.4100,31688407,203598418.0000,3,0.346246,1,0.468022,0
2017-08-29,sh.601898,6.4600,6.6000,6.4400,6.5000,6.4400,35320750,230435856.0000,3,0.385935,1,0.931676,0
2017-08-30,sh.601898,6.4600,6.6400,6.4400,6.5800,6.5000,41254230,271009328.0000,3,0.450767,1,1.230768,0
2017-08-31,sh.601898,6.5900,6.6200,6.5300,6.5700,6.5800,31195203,204847806.0000,3,0.340857,1,-0.151972,0
2017-09-01,sh.601898,6.6700,6.9500,6.6300,6.7600,6.5700,95363229,645870960.0000,3,1.041993,1,2.891934,0
2017-09-04,sh.601898,6.7700,6.8800,6.6000,6.6600,6.7600,50374936,336382944.0000,3,0.550425,1,-1.479295,0
2017-09-05,sh.601898,6.6300,6.6700,6.4900,6.5900,6.6600,32281684,212210183.0000,3,0.352728,1,-1.051046,0
2017-09-06,sh.601898,6.5500,6.7500,6.5100,6.6100,6.5900,35895953,238058392.0000,3,0.392220,1,0.303490,0
2017-09-07,sh.601898,6.5700,6.6300,6.4300,6.4500,6.6100,28635245,186336223.0000,3,0.312885,1,-2.420580,0
2017-09-08,sh.601898,6.4700,6.5400,6.3800,6.4400,6.4500,23327233,150979293.0000,3,0.254887,1,-0.155035,0
2017-09-11,sh.601898,6.4100,6.5600,6.3600,6.5500,6.4400,21214569,136990128.0000,3,0.231803,1,1.708076,0
2017-09-12,sh.601898,6.6700,6.6900,6.5200,6.5500,6.5500,40890103,269993802.0000,3,0.446789,1,0.000000,0
2017-09-13,sh.601898,6.5600,6.6700,6.5000,6.6100,6.5500,22548119,148773433.0000,3,0.246374,1,0.916030,0
2017-09-14,sh.601898,6.5800,6.6400,6.4300,6.5000,6.6100,20976932,136900792.0000,3,0.229206,1,-1.664147,0
2017-09-15,sh.601898,6.4800,6.4800,6.3100,6.3300,6.5000,26071832,165766672.0000,3,0.284876,1,-2.615386,0
2017-09-18,sh.601898,6.2800,6.3900,6.2600,6.3600,6.3300,12684967,80333293.0000,3,0.138603,1,0.473937,0
2017-09-19,sh.601898,6.3700,6.3900,6.3000,6.3400,6.3600,16144115,102393420.0000,3,0.176400,1,-0.314465,0
2017-09-20,sh.601898,6.3200,6.4200,6.3200,6.4000,6.3400,12323016,78654809.0000,3,0.134648,1,0.946371,0
2017-09-21,sh.601898,6.4000,6.4100,6.3300,6.3400,6.4000,13610900,86552630.0000,3,0.148720,1,-0.937499,0
2017-09-22,sh.601898,6.3300,6.3300,6.1500,6.3000,6.3400,17708785,110669452.0000,3,0.193496,1,-0.630914,0
2017-09-25,sh.601898,6.2700,6.2900,6.1800,6.2000,6.3000,10968621,68345513.0000,3,0.119849,1,-1.587308,0
2017-09-26,sh.601898,6.2100,6.2700,6.2000,6.2300,6.2000,7414098,46244456.0000,3,0.081011,1,0.483874,0
2017-09-27,sh.601898,6.2300,6.2900,6.2200,6.2500,6.2300,8490439,53158330.0000,3,0.092771,1,0.321027,0
2017-09-28,sh.601898,6.2400,6.2700,6.1900,6.2000,6.2500,7770988,48324325.0000,3,0.084910,1,-0.800003,0
2017-09-29,sh.601898,6.1900,6.2500,6.1600,6.1800,6.2000,8724820,54059730.0000,3,0.095332,1,-0.322580,0
2017-10-09,sh.601898,6.2600,6.2800,6.2100,6.2300,6.1800,10066672,62787253.0000,3,0.109994,1,0.809065,0
2017-10-10,sh.601898,6.2500,6.2600,6.1900,6.2100,6.2300,8538954,53038098.0000,3,0.093302,1,-0.321027,0
2017-10-11,sh.601898,6.2300,6.3400,6.2300,6.3100,6.2100,18329838,115621939.0000,3,0.200282,1,1.610304,0
2017-10-12,sh.601898,6.3100,6.3200,6.1300,6.2100,6.3100,22781636,141710863.0000,3,0.248925,1,-1.584785,0
2017-10-13,sh.601898,6.2200,6.2500,6.1700,6.2400,6.2100,8611193,53551009.0000,3,0.094091,1,0.483088,0
2017-10-16,sh.601898,6.2600,6.2700,6.1900,6.2400,6.2400,10161076,63345781.0000,3,0.111026,1,0.000000,0
2017-10-17,sh.601898,6.2000,6.2300,6.1700,6.1800,6.2400,7087300,43902252.0000,3,0.077440,1,-0.961538,0
2017-10-18,sh.601898,6.1800,6.2100,6.0600,6.0600,6.1800,16286490,99676901.0000,3,0.177956,1,-1.941746,0
2017-10-19,sh.601898,6.0500,6.0600,5.9000,5.9100,6.0600,17806179,106046854.0000,3,0.194561,1,-2.475249,0
2017-10-20,sh.601898,5.9100,5.9900,5.8900,5.9700,5.9100,7633243,45337735.0000,3,0.083405,1,1.015227,0
2017-10-23,sh.601898,5.9600,6.0000,5.9300,5.9700,5.9700,5942743,35451962.0000,3,0.064934,1,0.000000,0
2017-10-24,sh.601898,5.9700,6.0000,5.9400,5.9700,5.9700,5410674,32295680.0000,3,0.059120,1,0.000000,0
2017-10-25,sh.601898,5.9800,6.0000,5.9500,6.0000,5.9700,5945205,35567558.0000,3,0.064961,1,0.502516,0
2017-10-26,sh.601898,6.0000,6.0500,5.9400,6.0400,6.0000,11195324,67180253.0000,3,0.122327,1,0.666666,0
2017-10-27,sh.601898,6.0300,6.0400,5.9400,5.9500,6.0400,11508173,68736015.0000,3,0.125745,1,-1.490069,0
2017-10-30,sh.601898,5.9300,5.9800,5.8100,5.8500,5.9500,12216581,71761889.0000,3,0.133485,1,-1.680671,0
2017-10-31,sh.601898,5.8500,5.9200,5.8400,5.9000,5.8500,6649869,39072555.0000,3,0.072660,1,0.854704,0
2017-11-01,sh.601898,5.9100,5.9200,5.8600,5.8700,5.9000,5057292,29802248.0000,3,0.055259,1,-0.508478,0
2017-11-02,sh.601898,5.8700,5.9200,5.8300,5.8600,5.8700,9925501,58313954.0000,3,0.108452,1,-0.170353,0
2017-11-03,sh.601898,5.8400,5.8500,5.6800,5.7500,5.8600,11787866,67953438.0000,3,0.128801,1,-1.877135,0
2017-11-06,sh.601898,5.7600,5.7700,5.6500,5.7500,5.7500,10119000,57732772.0000,3,0.110566,1,0.000000,0
2017-11-07,sh.601898,5.7500,5.8900,5.7200,5.8500,5.7500,12129760,70444605.0000,3,0.132537,1,1.739129,0
2017-11-08,sh.601898,5.8500,5.8800,5.8100,5.8600,5.8500,6375701,37320992.0000,3,0.069665,1,0.170944,0
2017-11-09,sh.601898,5.8700,5.9900,5.8700,5.9100,5.8600,20212092,119905979.0000,3,0.220849,1,0.853237,0
2017-11-10,sh.601898,5.8900,5.8900,5.7900,5.8300,5.9100,13624145,79490473.0000,3,0.148865,1,-1.353637,0
2017-11-13,sh.601898,5.8000,5.8800,5.7700,5.8600,5.8300,14730961,85883522.0000,3,0.160959,1,0.514583,0
2017-11-14,sh.601898,5.8600,5.9900,5.8600,5.9200,5.8600,28993822,172217025.0000,3,0.316803,1,1.023890,0
2017-11-15,sh.601898,5.8800,5.8800,5.8100,5.8300,5.9200,11440654,66834023.0000,3,0.125007,1,-1.520273,0
2017-11-16,sh.601898,5.8100,5.8500,5.7000,5.7300,5.8300,16232720,93795861.0000,3,0.177368,1,-1.715264,0
2017-11-17,sh.601898,5.7500,5.7600,5.5700,5.5900,5.7300,16288972,91745893.0000,3,0.177983,1,-2.443279,0
2017-11-20,sh.601898,5.6200,5.6500,5.4800,5.6500,5.5900,11866116,66026110.0000,3,0.129656,1,1.073344,0
2017-11-21,sh.601898,5.6300,5.6800,5.6000,5.6600,5.6500,9122510,51520991.0000,3,0.099678,1,0.176987,0
2017-11-22,sh.601898,5.6700,5.7900,5.6700,5.7300,5.6600,11183452,63920928.0000,3,0.122197,1,1.236752,0
2017-11-23,sh.601898,5.7600,5.8300,5.6300,5.6400,5.7300,16594201,95513125.0000,3,0.181318,1,-1.570683,0
2017-11-24,sh.601898,5.6100,5.7600,5.5500,5.7400,5.6400,10735776,61004673.0000,3,0.117305,1,1.773048,0
2017-11-27,sh.601898,5.7300,5.8100,5.7100,5.7500,5.7400,12338893,71175320.0000,3,0.134822,1,0.174220,0
2017-11-28,sh.601898,5.7300,5.8800,5.7100,5.8600,5.7500,16895497,98090492.0000,3,0.184610,1,1.913046,0
2017-11-29,sh.601898,5.8500,5.9200,5.8200,5.8800,5.8600,15107675,88820218.0000,3,0.165075,1,0.341297,0
2017-11-30,sh.601898,5.9100,5.9600,5.8400,5.8500,5.8800,13139800,77329727.0000,3,0.143573,1,-0.510208,0
2017-12-01,sh.601898,5.8800,5.8800,5.8000,5.8600,5.8500,8467874,49447870.0000,3,0.092525,1,0.170944,0
2017-12-04,sh.601898,5.8700,5.9500,5.8600,5.8800,5.8600,12141501,71545281.0000,3,0.132665,1,0.341297,0
2017-12-05,sh.601898,5.8700,5.8800,5.7300,5.7400,5.8800,10801823,62757019.0000,3,0.118027,1,-2.380958,0
2017-12-06,sh.601898,5.7800,5.8500,5.6700,5.8400,5.7400,14074315,80758194.0000,3,0.153784,1,1.742167,0
2017-12-07,sh.601898,5.8200,5.9300,5.7900,5.8400,5.8400,15774736,92614994.0000,3,0.172364,1,0.000000,0
2017-12-08,sh.601898,5.8300,5.8900,5.7700,5.8500,5.8400,18398618,107470137.0000,3,0.201034,1,0.171229,0
2017-12-11,sh.601898,5.8500,5.8600,5.8000,5.8400,5.8500,10707720,62389122.0000,3,0.116999,1,-0.170936,0
2017-12-12,sh.601898,5.8500,5.8600,5.7200,5.7300,5.8400,10351510,59866983.0000,3,0.113107,1,-1.883564,0
2017-12-13,sh.601898,5.7300,5.7500,5.6600,5.7100,5.7300,10702799,61024746.0000,3,0.116945,1,-0.349040,0
2017-12-14,sh.601898,5.6600,5.7400,5.6600,5.7100,5.7100,8107206,46169380.0000,3,0.088584,1,0.000000,0
2017-12-15,sh.601898,5.7100,5.7200,5.6200,5.6300,5.7100,7407300,41831690.0000,3,0.080936,1,-1.401049,0
2017-12-18,sh.601898,5.6600,5.7700,5.6500,5.7600,5.6300,14033058,80219465.0000,3,0.153333,1,2.309061,0
2017-12-19,sh.601898,5.7600,5.7700,5.7100,5.7500,5.7600,8059969,46269131.0000,3,0.088068,1,-0.173615,0
2017-12-20,sh.601898,5.7500,5.7800,5.6800,5.7100,5.7500,9676401,55522535.0000,3,0.105730,1,-0.695651,0
2017-12-21,sh.601898,5.7100,5.7100,5.5900,5.6600,5.7100,8558819,48445254.0000,3,0.093519,1,-0.875660,0
2017-12-22,sh.601898,5.6600,5.7100,5.6500,5.6600,5.6600,7694256,43673380.0000,3,0.084072,1,0.000000,0
2017-12-25,sh.601898,5.6600,5.6800,5.5700,5.5800,5.6600,8765104,49377635.0000,3,0.095773,1,-1.413426,0
2017-12-26,sh.601898,5.5800,5.6200,5.5300,5.6200,5.5800,9983737,55583550.0000,3,0.109088,1,0.716845,0
2017-12-27,sh.601898,5.5900,5.7500,5.5800,5.6400,5.6200,13249091,75217979.0000,3,0.144767,1,0.355872,0
2017-12-28,sh.601898,5.6400,5.7600,5.6200,5.7100,5.6400,15098025,86261325.0000,3,0.164970,1,1.241138,0
2017-12-29,sh.601898,5.7400,5.7600,5.6800,5.7200,5.7100,9923918,56633721.0000,3,0.108434,1,0.175127,0
2018-01-02,sh.601898,5.7200,5.8300,5.7100,5.8300,5.7200,19142477,110840799.0000,3,0.209162,1,1.923079,0
2018-01-03,sh.601898,5.8100,5.8800,5.7900,5.8100,5.8300,20665105,120547576.0000,3,0.225799,1,-0.343053,0
2018-01-04,sh.601898,5.7900,5.9200,5.7900,5.9100,5.8100,24745294,145136633.0000,3,0.270381,1,1.721169,0
2018-01-05,sh.601898,5.9000,5.9900,5.8400,5.9600,5.9100,23067210,136298177.0000,3,0.252046,1,0.846027,0
2018-01-08,sh.601898,5.9800,6.2100,5.9800,6.1200,5.9600,43012638,262747046.0000,3,0.469981,1,2.684561,0
2018-01-09,sh.601898,6.1600,6.2500,6.0700,6.1500,6.1200,28992061,178307896.0000,3,0.316784,1,0.490200,0
2018-01-10,sh.601898,6.1500,6.1900,6.0500,6.1000,6.1500,22847785,139835299.0000,3,0.249648,1,-0.813011,0
2018-01-11,sh.601898,6.1000,6.1300,5.9900,6.0100,6.1000,21670724,130746184.0000,3,0.236787,1,-1.475405,0
2018-01-12,sh.601898,6.0100,6.1200,5.9900,6.0400,6.0100,18040000,109346790.0000,3,0.197115,1,0.499164,0
2018-01-15,sh.601898,6.0400,6.0500,5.8900,5.9000,6.0400,23292194,139264130.0000,3,0.254504,1,-2.317879,0
2018-01-16,sh.601898,5.9400,6.0400,5.9100,6.0200,5.9000,15742565,94282599.0000,3,0.172012,1,2.033896,0
2018-01-17,sh.601898,6.0500,6.1300,5.9600,6.1200,6.0200,22686871,137980188.0000,3,0.247890,1,1.661128,0
2018-01-18,sh.601898,6.1200,6.1900,6.0700,6.1400,6.1200,18407811,112660152.0000,3,0.201134,1,0.326797,0
2018-01-19,sh.601898,6.1200,6.1600,6.0800,6.1300,6.1400,17050008,104466886.0000,3,0.186298,1,-0.162862,0
2018-01-22,sh.601898,6.1300,6.2400,6.1200,6.1500,6.1300,21937964,135372168.0000,3,0.239707,1,0.326264,0
2018-01-23,sh.601898,6.1600,6.1700,6.1000,6.1600,6.1500,15642326,95861436.0000,3,0.170917,1,0.162598,0
2018-01-24,sh.601898,6.1600,6.1700,6.0900,6.1500,6.1600,16048385,98465260.0000,3,0.175354,1,-0.162334,0
2018-01-25,sh.601898,6.1700,6.3800,6.1700,6.2600,6.1500,28614418,179429522.0000,3,0.312658,1,1.788620,0
2018-01-26,sh.601898,6.2500,6.2900,6.1700,6.2300,6.2600,14993875,93220841.0000,3,0.163832,1,-0.479237,0
2018-01-29,sh.601898,6.2800,6.4500,6.2600,6.3400,6.2300,39786546,252133408.0000,3,0.434731,1,1.765652,0
2018-01-30,sh.601898,6.3000,6.4100,6.2400,6.2700,6.3400,28925917,182593434.0000,3,0.316061,1,-1.104104,0
2018-01-31,sh.601898,6.2300,6.2300,6.1100,6.1500,6.2700,17712542,109046573.0000,3,0.193537,1,-1.913874,0
2018-02-01,sh.601898,6.1600,6.2400,5.8900,5.9000,6.1500,28071721,169837094.0000,3,0.306728,1,-4.065041,0
2018-02-02,sh.601898,5.8900,6.1900,5.8200,6.1500,5.9000,40924756,246282025.0000,3,0.447167,1,4.237288,0
2018-02-05,sh.601898,6.0800,6.4200,6.0600,6.3300,6.1500,48526648,303944689.0000,3,0.530230,1,2.926826,0
2018-02-06,sh.601898,6.1900,6.3500,6.0500,6.0600,6.3300,39241062,244028584.0000,3,0.428770,1,-4.265403,0
2018-02-07,sh.601898,6.2000,6.3500,6.0900,6.1000,6.0600,45738916,284444302.0000,3,0.499770,1,0.660065,0
2018-02-08,sh.601898,6.0200,6.0900,5.7600,5.8600,6.1000,36910741,218946859.0000,3,0.403308,1,-3.934422,0
2018-02-09,sh.601898,5.6800,5.7500,5.2700,5.3500,5.8600,44920393,244580766.0000,3,0.490826,1,-8.703075,0
2018-02-12,sh.601898,5.4000,5.4300,5.3300,5.4000,5.3500,20606630,111156603.0000,3,0.225160,1,0.934583,0
2018-02-13,sh.601898,5.4600,5.4900,5.4000,5.4100,5.4000,18807609,102384654.0000,3,0.205503,1,0.185181,0
2018-02-14,sh.601898,5.4200,5.4500,5.3800,5.4400,5.4100,11090785,60122645.0000,3,0.121184,1,0.554532,0
2018-02-22,sh.601898,5.4800,5.5400,5.4800,5.5300,5.4400,13146374,72440755.0000,3,0.143645,1,1.654414,0
2018-02-23,sh.601898,5.5400,5.6600,5.5400,5.6300,5.5300,17313540,96901794.0000,3,0.189178,1,1.808316,0
2018-02-26,sh.601898,5.7300,5.7300,5.6000,5.7000,5.6300,17706286,100490062.0000,3,0.193469,1,1.243334,0
2018-02-27,sh.601898,5.7000,5.7000,5.5700,5.5800,5.7000,15329435,86037355.0000,3,0.167498,1,-2.105261,0
2018-02-28,sh.601898,5.5500,5.6800,5.5200,5.6300,5.5800,14268704,80036452.0000,3,0.155908,1,0.896061,0
2018-03-01,sh.601898,5.5700,5.6600,5.5600,5.6100,5.6300,10152977,57047700.0000,3,0.110937,1,-0.355239,0
2018-03-02,sh.601898,5.6000,5.6200,5.5500,5.5700,5.6100,7191625,40144886.0000,3,0.078580,1,-0.713012,0
2018-03-05,sh.601898,5.6400,5.6600,5.5300,5.5400,5.5700,8166241,45597717.0000,3,0.089229,1,-0.538603,0
2018-03-06,sh.601898,5.5600,5.7700,5.5500,5.7600,5.5400,19458160,110361359.0000,3,0.212611,1,3.971124,0
2018-03-07,sh.601898,5.7200,5.7500,5.6300,5.6300,5.7600,10626340,60444665.0000,3,0.116109,1,-2.256946,0
2018-03-08,sh.601898,5.6200,5.7100,5.6100,5.6600,5.6300,6697646,37867748.0000,3,0.073182,1,0.532855,0
2018-03-09,sh.601898,5.6700,5.6900,5.6100,5.6800,5.6600,7660263,43262238.0000,3,0.083700,1,0.353357,0
2018-03-12,sh.601898,5.6900,5.7500,5.6600,5.7400,5.6800,13285688,75800946.0000,3,0.145167,1,1.056337,0
2018-03-13,sh.601898,5.7300,5.7400,5.6500,5.6600,5.7400,9640088,54867379.0000,3,0.105333,1,-1.393727,0
2018-03-14,sh.601898,5.6500,5.7000,5.6200,5.6600,5.6600,6358400,35931431.0000,3,0.069476,1,0.000000,0
2018-03-15,sh.601898,5.6600,5.6600,5.6000,5.6500,5.6600,7083728,39848172.0000,3,0.077401,1,-0.176674,0
2018-03-16,sh.601898,5.6400,5.6500,5.5900,5.6000,5.6500,4964292,27918129.0000,3,0.054243,1,-0.884959,0
2018-03-19,sh.601898,5.5800,5.5800,5.4100,5.4600,5.6000,12107703,66580434.0000,3,0.132296,1,-2.499998,0
2018-03-20,sh.601898,5.4300,5.5100,5.3900,5.5000,5.4600,6140455,33510009.0000,3,0.067094,1,0.732600,0
2018-03-21,sh.601898,5.4800,5.4900,5.4100,5.4200,5.5000,13425713,73142364.0000,3,0.146697,1,-1.454544,0
2018-03-22,sh.601898,5.4200,5.4600,5.3400,5.3600,5.4200,10481922,56588634.0000,3,0.114531,1,-1.107010,0
2018-03-23,sh.601898,5.2600,5.2800,5.0000,5.1400,5.3600,22650927,116810138.0000,3,0.247497,1,-4.104482,0
2018-03-26,sh.601898,5.0900,5.0900,4.9500,5.0800,5.1400,13756300,69183807.0000,3,0.150309,1,-1.167314,0
2018-03-27,sh.601898,5.1300,5.1600,5.0900,5.1300,5.0800,10505961,53805215.0000,3,0.114794,1,0.984256,0
2018-03-28,sh.601898,5.0900,5.1100,5.0200,5.0400,5.1300,9087483,46034460.0000,3,0.099295,1,-1.754389,0
2018-03-29,sh.601898,5.0500,5.1400,5.0000,5.1300,5.0400,10426837,52927342.0000,3,0.113930,1,1.785717,0
2018-03-30,sh.601898,5.1400,5.1400,5.0800,5.1100,5.1300,7977881,40722767.0000,3,0.087171,1,-0.389863,0
2018-04-02,sh.601898,5.1200,5.1600,5.1000,5.1100,5.1100,7465541,38289386.0000,3,0.081573,1,0.000000,0
2018-04-03,sh.601898,5.0700,5.0700,5.0000,5.0200,5.1100,8763506,44003849.0000,3,0.095755,1,-1.761255,0
2018-04-04,sh.601898,5.0400,5.0600,5.0000,5.0000,5.0200,6087323,30639088.0000,3,0.066514,1,-0.398406,0
2018-04-09,sh.601898,5.0000,5.0400,4.9600,5.0400,5.0000,6509663,32602951.0000,3,0.071128,1,0.799999,0
2018-04-10,sh.601898,5.0300,5.1200,5.0300,5.1200,5.0400,8000820,40662864.0000,3,0.087422,1,1.587300,0
2018-04-11,sh.601898,5.1300,5.1700,5.1000,5.1100,5.1200,9771998,50107580.0000,3,0.106774,1,-0.195308,0
2018-04-12,sh.601898,5.1000,5.1100,5.0200,5.0400,5.1100,8983648,45436055.0000,3,0.098160,1,-1.369866,0
2018-04-13,sh.601898,5.0600,5.1200,5.0400,5.0600,5.0400,7592364,38562525.0000,3,0.082959,1,0.396825,0
2018-04-16,sh.601898,5.0500,5.0900,4.9700,4.9800,5.0600,9471433,47369343.0000,3,0.103490,1,-1.581026,0
2018-04-17,sh.601898,4.9800,5.0200,4.9600,4.9600,4.9800,8412474,41917775.0000,3,0.091920,1,-0.401606,0
2018-04-18,sh.601898,4.9900,5.0100,4.9100,4.9800,4.9600,10787796,53608850.0000,3,0.117874,1,0.403225,0
2018-04-19,sh.601898,4.9800,5.0300,4.9800,5.0200,4.9800,9445648,47334006.0000,3,0.103209,1,0.803212,0
2018-04-20,sh.601898,5.0000,5.0100,4.9200,4.9300,5.0200,8169891,40462049.0000,3,0.089269,1,-1.792832,0
2018-04-23,sh.601898,4.9200,4.9500,4.9000,4.9400,4.9300,5701058,28073255.0000,3,0.062293,1,0.202844,0
2018-04-24,sh.601898,4.9400,5.0400,4.9400,5.0200,4.9400,9111976,45697395.0000,3,0.099563,1,1.619432,0
2018-04-25,sh.601898,5.0100,5.0300,4.9800,5.0200,5.0200,5765910,28856374.0000,3,0.063002,1,0.000000,0
2018-04-26,sh.601898,5.0200,5.0300,4.9200,4.9400,5.0200,5903386,29366963.0000,3,0.064504,1,-1.593624,0
2018-04-27,sh.601898,4.9500,5.0100,4.9400,4.9900,4.9400,6764286,33680750.0000,3,0.073910,1,1.012140,0
2018-05-02,sh.601898,5.0000,5.0600,4.9600,5.0300,4.9900,8487534,42486227.0000,3,0.092740,1,0.801612,0
2018-05-03,sh.601898,5.0300,5.0600,4.9800,5.0500,5.0300,8872203,44564062.0000,3,0.096943,1,0.397614,0
2018-05-04,sh.601898,5.0400,5.1000,5.0200,5.0900,5.0500,10719892,54415367.0000,3,0.117132,1,0.792078,0
2018-05-07,sh.601898,5.1000,5.1700,5.0900,5.1600,5.0900,15822639,81196847.0000,3,0.172887,1,1.375239,0
2018-05-08,sh.601898,5.1800,5.1900,5.1400,5.1800,5.1600,12051447,62120239.0000,3,0.131681,1,0.387597,0
2018-05-09,sh.601898,5.1800,5.2000,5.1500,5.1800,5.1800,9465980,48991135.0000,3,0.103431,1,0.000000,0
2018-05-10,sh.601898,5.1900,5.2400,5.1700,5.2200,5.1800,12242496,63740008.0000,3,0.133769,1,0.772200,0
2018-05-11,sh.601898,5.2200,5.2500,5.1700,5.2200,5.2200,8589054,44757569.0000,3,0.093849,1,0.000000,0
2018-05-14,sh.601898,5.2200,5.2400,5.1300,5.1600,5.2200,9766073,50516532.0000,3,0.106710,1,-1.149424,0
2018-05-15,sh.601898,5.1700,5.2000,5.1200,5.1700,5.1600,9080802,46865244.0000,3,0.099222,1,0.193803,0
2018-05-16,sh.601898,5.1600,5.2600,5.1500,5.1900,5.1700,9566017,49698917.0000,3,0.104524,1,0.386847,0
2018-05-17,sh.601898,5.1800,5.2000,5.1200,5.1300,5.1900,9076772,46820950.0000,3,0.099178,1,-1.156068,0
2018-05-18,sh.601898,5.1300,5.3100,5.1200,5.3000,5.1300,20962084,109985688.0000,3,0.229044,1,3.313842,0
2018-05-21,sh.601898,5.3000,5.3100,5.2500,5.2900,5.3000,11956119,63123388.0000,3,0.130639,1,-0.188684,0
2018-05-22,sh.601898,5.3000,5.3000,5.2400,5.2700,5.2900,9695150,51057594.0000,3,0.105935,1,-0.378072,0
2018-05-23,sh.601898,5.2500,5.2500,5.1200,5.1300,5.2700,14631049,75606269.0000,3,0.159867,1,-2.656544,0
2018-05-24,sh.601898,5.1300,5.1400,5.0600,5.0700,5.1300,9049254,46119190.0000,3,0.098877,1,-1.169590,0
2018-05-25,sh.601898,5.0800,5.1000,5.0000,5.0300,5.0700,8669300,43771156.0000,3,0.094726,1,-0.788954,0
2018-05-28,sh.601898,5.0300,5.0900,5.0100,5.0600,5.0300,7002620,35407701.0000,3,0.076515,1,0.596416,0
2018-05-29,sh.601898,5.0600,5.1100,5.0200,5.0400,5.0600,7320553,37035250.0000,3,0.079989,1,-0.395257,0
2018-05-30,sh.601898,5.0000,5.0000,4.8600,4.8700,5.0400,14037553,69276330.0000,3,0.153382,1,-3.373018,0
2018-05-31,sh.601898,4.9200,4.9400,4.8800,4.9200,4.8700,8202332,40320136.0000,3,0.089623,1,1.026698,0
2018-06-01,sh.601898,4.9000,5.0200,4.9000,4.9400,4.9200,10386469,51625646.0000,3,0.113489,1,0.406504,0
2018-06-04,sh.601898,4.9700,4.9900,4.9500,4.9700,4.9400,8355956,41518862.0000,3,0.091302,1,0.607282,0
2018-06-05,sh.601898,4.9700,4.9900,4.9300,4.9700,4.9700,7703291,38155816.0000,3,0.084171,1,0.000000,0
2018-06-06,sh.601898,4.9700,5.0400,4.9400,5.0200,4.9700,13126509,65451120.0000,3,0.143428,1,1.006040,0
2018-06-07,sh.601898,5.0300,5.0900,5.0100,5.0500,5.0200,12422682,62794130.0000,3,0.135737,1,0.597614,0
2018-06-08,sh.601898,5.0400,5.0500,4.8900,4.9100,5.0500,15108214,74607630.0000,3,0.165081,1,-2.772284,0
2018-06-11,sh.601898,4.8900,4.9300,4.8700,4.8900,4.9100,11978555,58650237.0000,3,0.130885,1,-0.407332,0
2018-06-12,sh.601898,4.9100,5.0100,4.8800,4.9700,4.8900,13145446,64711875.0000,3,0.143635,1,1.635990,0
2018-06-13,sh.601898,4.9500,4.9700,4.8900,4.9500,4.9700,9916900,48959929.0000,3,0.108358,1,-0.402414,0
2018-06-14,sh.601898,4.9300,4.9800,4.9200,4.9600,4.9500,8537584,42295993.0000,3,0.093287,1,0.202025,0
2018-06-15,sh.601898,4.9600,5.0500,4.9400,5.0300,4.9600,16518849,82632751.0000,3,0.180494,1,1.411294,0
2018-06-19,sh.601898,4.9800,4.9900,4.6100,4.7500,5.0300,21173645,102569976.0000,3,0.231355,1,-5.566605,0
2018-06-20,sh.601898,4.6800,4.8200,4.6800,4.8000,4.7500,13116942,62384848.0000,3,0.143323,1,1.052636,0
2018-06-21,sh.601898,4.8100,4.9500,4.7800,4.8100,4.8000,18312175,89292304.0000,3,0.200089,1,0.208328,0
2018-06-22,sh.601898,4.7300,4.9300,4.7100,4.9100,4.8100,10794168,52478151.0000,3,0.117943,1,2.079000,0
2018-06-25,sh.601898,4.9600,4.9800,4.8800,4.9100,4.9100,10014512,49457464.0000,3,0.109424,1,0.000000,0
2018-06-26,sh.601898,4.8800,4.9200,4.7000,4.8600,4.9100,9034347,43673484.0000,3,0.098714,1,-1.018324,0
2018-06-27,sh.601898,4.8700,4.9100,4.7600,4.8000,4.8600,8642846,41826313.0000,3,0.094437,1,-1.234567,0
2018-06-28,sh.601898,4.8300,4.8500,4.7200,4.7600,4.8000,9860400,47232647.0000,3,0.107740,1,-0.833333,0
2018-06-29,sh.601898,4.7700,4.8400,4.7000,4.8300,4.7600,10516575,50294171.0000,3,0.114910,1,1.470582,0
2018-07-02,sh.601898,4.8100,4.8300,4.7000,4.7000,4.8300,10677600,50748936.0000,3,0.116670,1,-2.691514,0
2018-07-03,sh.601898,4.6900,4.7500,4.6400,4.7300,4.7000,9808657,46095929.0000,3,0.107175,1,0.638302,0
2018-07-04,sh.601898,4.7100,4.7700,4.7100,4.7500,4.7300,8870767,42053169.0000,3,0.096927,1,0.422833,0
2018-07-05,sh.601898,4.7400,4.7400,4.5500,4.5600,4.7500,12844266,59389400.0000,3,0.140344,1,-4.000001,0
2018-07-06,sh.601898,4.5700,4.6100,4.4000,4.5500,4.5600,9977320,45273715.0000,3,0.109018,1,-0.219293,0
2018-07-09,sh.601898,4.5300,4.6400,4.5300,4.6300,4.5500,7773742,35767935.0000,3,0.084940,1,1.758240,0
2018-07-10,sh.601898,4.6300,4.6800,4.6100,4.6500,4.6300,7201598,33378134.0000,3,0.078689,1,0.431965,0
2018-07-11,sh.601898,4.5800,4.6100,4.5300,4.5900,4.6500,7123287,32599733.0000,3,0.077833,1,-1.290321,0
2018-07-12,sh.601898,4.5900,4.6900,4.5900,4.6700,4.5900,7867492,36654328.0000,3,0.085965,1,1.742918,0
2018-07-13,sh.601898,4.6600,4.6800,4.6200,4.6600,4.6700,5938326,27612310.0000,3,0.064886,1,-0.214138,0
2018-07-16,sh.601898,4.6900,4.7300,4.6600,4.6900,4.6600,6532856,30677251.0000,3,0.071382,1,0.643781,0
2018-07-17,sh.601898,4.7000,4.7100,4.6400,4.6900,4.6900,5653309,26355885.0000,3,0.061771,1,0.000000,0
2018-07-18,sh.601898,4.6500,4.6500,4.5800,4.5900,4.6400,7080143,32655840.0000,3,0.077362,1,-1.077580,0
2018-07-19,sh.601898,4.5900,4.6300,4.5800,4.6000,4.5900,4580605,21079634.0000,3,0.050050,1,0.217860,0
2018-07-20,sh.601898,4.6100,4.6700,4.5400,4.6600,4.6000,7181342,33177899.0000,3,0.078467,1,1.304347,0
2018-07-23,sh.601898,4.7000,4.8100,4.6700,4.8000,4.6600,11559400,54942286.0000,3,0.126305,1,3.004299,0
2018-07-24,sh.601898,4.8100,4.9600,4.8100,4.9200,4.8000,15976072,78438193.0000,3,0.174564,1,2.499997,0
2018-07-25,sh.601898,4.9200,4.9500,4.8900,4.9400,4.9200,11951110,58840868.0000,3,0.130585,1,0.406504,0
2018-07-26,sh.601898,4.9400,4.9700,4.8900,4.9200,4.9400,8872665,43681487.0000,3,0.096948,1,-0.404858,0
2018-07-27,sh.601898,4.9100,5.0100,4.9100,4.9300,4.9200,9490702,47078946.0000,3,0.103701,1,0.203247,0
2018-07-30,sh.601898,4.9700,5.0200,4.9300,4.9800,4.9300,11259415,56183399.0000,3,0.123027,1,1.014203,0
2018-07-31,sh.601898,4.9800,5.0000,4.9000,4.9800,4.9800,8795961,43619042.0000,3,0.096110,1,0.000000,0
2018-08-01,sh.601898,4.9700,5.0300,4.8600,4.8700,4.9800,10074977,49859742.0000,3,0.110085,1,-2.208838,0
2018-08-02,sh.601898,4.8500,4.8700,4.7000,4.7500,4.8700,12226113,58439901.0000,3,0.133590,1,-2.464063,0
2018-08-03,sh.601898,4.7800,5.2300,4.7700,5.0100,4.7500,42049089,212530218.0000,3,0.459452,1,5.473689,0
2018-08-06,sh.601898,5.0000,5.0700,4.9100,4.9800,5.0100,21026582,105015304.0000,3,0.229748,1,-0.598807,0
2018-08-07,sh.601898,4.9500,5.1000,4.9400,5.0900,4.9800,26108301,131313186.0000,3,0.285274,1,2.208838,0
2018-08-08,sh.601898,5.0400,5.0800,4.9800,5.0000,5.0900,15867095,79654935.0000,3,0.173373,1,-1.768176,0
2018-08-09,sh.601898,4.9700,5.0600,4.9300,5.0200,5.0000,13020232,65210945.0000,3,0.142267,1,0.400000,0
2018-08-10,sh.601898,5.0400,5.0400,4.9500,5.0000,5.0200,10499705,52415025.0000,3,0.114726,1,-0.398406,0
2018-08-13,sh.601898,4.9700,4.9800,4.8800,4.9600,5.0000,13953199,68732240.0000,3,0.152461,1,-0.799999,0
2018-08-14,sh.601898,4.9500,5.0600,4.9400,5.0500,4.9600,13751919,69114549.0000,3,0.150261,1,1.814519,0
2018-08-15,sh.601898,5.0400,5.0600,4.9200,4.9200,5.0500,11254855,56181076.0000,3,0.122977,1,-2.574260,0
2018-08-16,sh.601898,4.9000,4.9400,4.8200,4.8700,4.9200,7996002,39105370.0000,3,0.087369,1,-1.016264,0
2018-08-17,sh.601898,4.9100,4.9500,4.8400,4.8700,4.8700,9963334,48741661.0000,3,0.108865,1,0.000000,0
2018-08-20,sh.601898,4.8600,4.9200,4.8100,4.9000,4.8700,7574339,36896601.0000,3,0.082762,1,0.616021,0
2018-08-21,sh.601898,4.8900,4.9600,4.8700,4.9500,4.9000,8023080,39556210.0000,3,0.087665,1,1.020402,0
2018-08-22,sh.601898,4.9600,5.0300,4.9200,4.9700,4.9500,9594664,47812848.0000,3,0.104837,1,0.404040,0
2018-08-23,sh.601898,4.9800,4.9900,4.9000,4.9500,4.9700,7616301,37653929.0000,3,0.083220,1,-0.402414,0
2018-08-24,sh.601898,4.9500,5.0300,4.9300,5.0100,4.9500,8236833,41137471.0000,3,0.090000,1,1.212130,0
2018-08-27,sh.601898,5.0100,5.0700,5.0000,5.0700,5.0100,14954981,75413444.0000,3,0.163407,1,1.197604,0
2018-08-28,sh.601898,5.0700,5.1200,5.0400,5.0900,5.0700,14427730,73403660.0000,3,0.157646,1,0.394477,0
2018-08-29,sh.601898,5.0900,5.1500,5.0500,5.0900,5.0900,10978255,56084214.0000,3,0.119955,1,0.000000,0
2018-08-30,sh.601898,5.1400,5.1800,5.0600,5.0700,5.0900,8175766,41753899.0000,3,0.089333,1,-0.392927,0
2018-08-31,sh.601898,5.0700,5.0700,4.9900,5.0100,5.0700,8289090,41710181.0000,3,0.090571,1,-1.183431,0
2018-09-03,sh.601898,5.0300,5.1600,5.0100,5.1400,5.0100,15631600,79515629.0000,3,0.170800,1,2.594803,0
2018-09-04,sh.601898,5.1300,5.1600,5.0900,5.1300,5.1400,10898922,55871911.0000,3,0.119088,1,-0.194548,0
2018-09-05,sh.601898,5.1300,5.1400,4.9800,4.9900,5.1300,9944945,50217176.0000,3,0.108664,1,-2.729051,0
2018-09-06,sh.601898,4.9700,5.0600,4.9600,4.9900,4.9900,8117898,40771736.0000,3,0.088701,1,0.000000,0
2018-09-07,sh.601898,5.0500,5.1400,5.0300,5.0900,4.9900,14068308,71686537.0000,3,0.153718,1,2.004016,0
2018-09-10,sh.601898,5.1400,5.1600,5.0200,5.0400,5.0900,11471010,58280712.0000,3,0.125339,1,-0.982322,0
2018-09-11,sh.601898,5.0200,5.0600,4.9500,4.9800,5.0400,7542256,37647663.0000,3,0.082411,1,-1.190475,0
2018-09-12,sh.601898,4.9800,5.0300,4.9500,5.0000,4.9800,4617027,23053469.0000,3,0.050448,1,0.401606,0
2018-09-13,sh.601898,5.0100,5.0500,4.9700,5.0500,5.0000,5829580,29243641.0000,3,0.063697,1,1.000004,0
2018-09-14,sh.601898,5.0400,5.0500,5.0000,5.0200,5.0500,6199699,31116488.0000,3,0.067741,1,-0.594063,0
2018-09-17,sh.601898,5.0100,5.0500,4.9500,5.0300,5.0200,9878054,49506012.0000,3,0.107933,1,0.199208,0
2018-09-18,sh.601898,5.0000,5.0800,4.9600,5.0600,5.0300,10414588,52272944.0000,3,0.113796,1,0.596416,0
2018-09-19,sh.601898,5.0400,5.1300,5.0300,5.1100,5.0600,11216387,57093065.0000,3,0.122557,1,0.988146,0
2018-09-20,sh.601898,5.1200,5.1200,5.0300,5.0500,5.1100,10970892,55646921.0000,3,0.119874,1,-1.174167,0
2018-09-21,sh.601898,5.0500,5.1800,5.0200,5.1700,5.0500,14721224,75463749.0000,3,0.160853,1,2.376235,0
2018-09-25,sh.601898,5.1600,5.2500,5.1400,5.2000,5.1700,13350476,69416959.0000,3,0.145875,1,0.580266,0
2018-09-26,sh.601898,5.2100,5.2900,5.1700,5.2300,5.2000,14747646,77300982.0000,3,0.161141,1,0.576927,0
2018-09-27,sh.601898,5.2400,5.2800,5.2100,5.2600,5.2300,13381329,70303082.0000,3,0.146212,1,0.573618,0
2018-09-28,sh.601898,5.2500,5.3300,5.2400,5.2800,5.2600,15001463,79286458.0000,3,0.163915,1,0.380228,0
2018-10-08,sh.601898,5.2000,5.3400,5.1900,5.2400,5.2800,15535056,81723693.0000,3,0.169745,1,-0.757584,0
2018-10-09,sh.601898,5.2400,5.3400,5.2100,5.2800,5.2400,15999199,84406340.0000,3,0.174816,1,0.763367,0
2018-10-10,sh.601898,5.2900,5.3400,5.2300,5.3100,5.2800,10969180,58019609.0000,3,0.119856,1,0.568177,0
2018-10-11,sh.601898,5.1600,5.2300,4.9800,5.0300,5.3100,19342319,98515664.0000,3,0.211345,1,-5.273065,0
2018-10-12,sh.601898,4.9700,5.1100,4.9400,5.1000,5.0300,12916788,64989065.0000,3,0.141136,1,1.391644,0
2018-10-15,sh.601898,5.0900,5.1000,4.9700,4.9800,5.1000,12728905,63909953.0000,3,0.139083,1,-2.352939,0
2018-10-16,sh.601898,5.0300,5.0900,4.9900,5.0500,4.9800,14612158,73772732.0000,3,0.159661,1,1.405626,0
2018-10-17,sh.601898,5.0900,5.1000,5.0200,5.1000,5.0500,10987185,55681251.0000,3,0.120052,1,0.990093,0
2018-10-18,sh.601898,5.0900,5.0900,4.6900,4.7200,5.1000,21306326,102776030.0000,3,0.232805,1,-7.450983,0
2018-10-19,sh.601898,4.7000,4.8100,4.5800,4.7800,4.7200,13199948,62163059.0000,3,0.144230,1,1.271195,0
2018-10-22,sh.601898,4.8000,5.0500,4.7700,5.0300,4.7800,14749283,73267933.0000,3,0.161159,1,5.230125,0
2018-10-23,sh.601898,5.0800,5.0800,4.9000,5.0100,5.0300,10733409,53852980.0000,3,0.117279,1,-0.397614,0
2018-10-24,sh.601898,4.9800,5.1600,4.9700,5.1500,5.0100,15196587,77617979.0000,3,0.166047,1,2.794408,0
2018-10-25,sh.601898,5.0700,5.2300,5.0300,5.2200,5.1500,14972336,77217778.0000,3,0.163596,1,1.359217,0
2018-10-26,sh.601898,5.2200,5.4500,5.1800,5.3300,5.2200,26551466,141644013.0000,3,0.290117,1,2.107282,0
2018-10-29,sh.601898,5.3300,5.3600,5.2000,5.2600,5.3300,14399597,75956508.0000,3,0.157338,1,-1.313315,0
2018-10-30,sh.601898,5.2300,5.3500,5.1200,5.2700,5.2600,19634638,102991880.0000,3,0.214539,1,0.190109,0
2018-10-31,sh.601898,5.1900,5.3100,5.1900,5.2500,5.2700,11665239,61416368.0000,3,0.127461,1,-0.379506,0
2018-11-01,sh.601898,5.2700,5.3500,5.2000,5.2500,5.2500,14434336,76272827.0000,3,0.157718,1,0.000000,0
2018-11-02,sh.601898,5.3600,5.3600,5.2400,5.3100,5.2500,15898924,84119709.0000,3,0.173721,1,1.142856,0
2018-11-05,sh.601898,5.3000,5.3700,5.2800,5.3500,5.3100,14069582,74983163.0000,3,0.153732,1,0.753295,0
2018-11-06,sh.601898,5.3500,5.3600,5.2200,5.2600,5.3500,9673188,50987785.0000,3,0.105695,1,-1.682237,0
2018-11-07,sh.601898,5.2600,5.3000,5.2100,5.2200,5.2600,8303513,43669570.0000,3,0.090729,1,-0.760465,0
2018-11-08,sh.601898,5.2400,5.2900,5.1800,5.2000,5.2200,8440220,44211657.0000,3,0.092223,1,-0.383141,0
2018-11-09,sh.601898,5.1600,5.2500,5.1400,5.1700,5.2000,9558825,49576042.0000,3,0.104445,1,-0.576918,0
2018-11-12,sh.601898,5.1600,5.2400,5.1500,5.2400,5.1700,9229026,48010980.0000,3,0.100842,1,1.353959,0
2018-11-13,sh.601898,5.2100,5.2400,5.1500,5.2400,5.2400,14238344,73972741.0000,3,0.155576,1,0.000000,0
2018-11-14,sh.601898,5.2000,5.2300,5.1500,5.1600,5.2400,13535661,70128174.0000,3,0.147898,1,-1.526716,0
2018-11-15,sh.601898,5.1700,5.2300,5.1500,5.2200,5.1600,13552001,70175252.0000,3,0.148077,1,1.162790,0
2018-11-16,sh.601898,5.2300,5.2700,5.1900,5.2100,5.2200,13973718,72981697.0000,3,0.152685,1,-0.191566,0
2018-11-19,sh.601898,5.2200,5.2700,5.1900,5.2700,5.2100,14822232,77501249.0000,3,0.161956,1,1.151630,0
2018-11-20,sh.601898,5.2300,5.2400,5.1400,5.1600,5.2700,12788585,66242290.0000,3,0.139735,1,-2.087289,0
2018-11-21,sh.601898,5.0700,5.1200,5.0100,5.1000,5.1600,10938228,55473998.0000,3,0.119517,1,-1.162790,0
2018-11-22,sh.601898,5.1000,5.1400,5.0700,5.0900,5.1000,5300148,26997085.0000,3,0.057912,1,-0.196074,0
2018-11-23,sh.601898,5.0800,5.0900,4.9300,4.9300,5.0900,12483476,62605508.0000,3,0.136402,1,-3.143425,0
2018-11-26,sh.601898,4.9200,5.0100,4.9100,4.9300,4.9300,6758520,33507541.0000,3,0.073847,1,0.000000,0
2018-11-27,sh.601898,4.9700,4.9800,4.9000,4.9200,4.9300,7003346,34550234.0000,3,0.076523,1,-0.202835,0
2018-11-28,sh.601898,4.9300,4.9500,4.8700,4.9400,4.9200,6114933,30068490.0000,3,0.066815,1,0.406504,0
2018-11-29,sh.601898,4.9500,5.0000,4.8800,4.9000,4.9400,7155844,35410871.0000,3,0.078189,1,-0.809716,0
2018-11-30,sh.601898,4.9000,4.9500,4.8500,4.9100,4.9000,6550158,32117429.0000,3,0.071571,1,0.204077,0
2018-12-03,sh.601898,5.0100,5.0500,4.9700,4.9900,4.9100,10609649,53061131.0000,3,0.115927,1,1.629326,0
2018-12-04,sh.601898,4.9900,5.0300,4.9600,5.0200,4.9900,8223038,41065556.0000,3,0.089850,1,0.601207,0
2018-12-05,sh.601898,4.9500,4.9900,4.9100,4.9400,5.0200,6783361,33593864.0000,3,0.074119,1,-1.593624,0
2018-12-06,sh.601898,4.9200,4.9400,4.8800,4.8800,4.9400,6270131,30700889.0000,3,0.068511,1,-1.214574,0
2018-12-07,sh.601898,4.8900,4.9300,4.8600,4.9300,4.8800,7388682,36184015.0000,3,0.080733,1,1.024584,0
2018-12-10,sh.601898,4.8800,4.9300,4.8700,4.8900,4.9300,5899302,28895095.0000,3,0.064459,1,-0.811358,0
2018-12-11,sh.601898,4.9100,4.9300,4.8800,4.8900,4.8900,3278442,16057526.0000,3,0.035822,1,0.000000,0
2018-12-12,sh.601898,4.9200,4.9200,4.8800,4.9000,4.8900,2996582,14673861.0000,3,0.032742,1,0.204504,0
2018-12-13,sh.601898,4.9100,4.9600,4.8700,4.9200,4.9000,5795868,28550702.0000,3,0.063329,1,0.408163,0
2018-12-14,sh.601898,4.9200,4.9400,4.9000,4.9000,4.9200,5952782,29306636.0000,3,0.065044,1,-0.406504,0
2018-12-17,sh.601898,4.9000,4.9000,4.8200,4.8500,4.9000,8089121,39263242.0000,3,0.088386,1,-1.020412,0
2018-12-18,sh.601898,4.8400,4.8600,4.7800,4.8000,4.8500,8522305,41033081.0000,3,0.093120,1,-1.030922,0
2018-12-19,sh.601898,4.7900,4.8100,4.7700,4.7700,4.8000,4591904,22007622.0000,3,0.050174,1,-0.625004,0
2018-12-20,sh.601898,4.7700,4.7900,4.7400,4.7700,4.7700,7550676,35995954.0000,3,0.082503,1,0.000000,0
2018-12-21,sh.601898,4.7400,4.7800,4.7400,4.7700,4.7700,5052840,24048445.0000,3,0.055210,1,0.000000,0
2018-12-24,sh.601898,4.7500,4.7800,4.7300,4.7600,4.7700,6407466,30482816.0000,3,0.070012,1,-0.209638,0
2018-12-25,sh.601898,4.7400,4.7400,4.5800,4.6500,4.7600,9894555,45954622.0000,3,0.108114,1,-2.310927,0
2018-12-26,sh.601898,4.6200,4.6900,4.5600,4.5800,4.6500,9953772,45936768.0000,3,0.108761,1,-1.505380,0
2018-12-27,sh.601898,4.6300,4.7100,4.6200,4.6200,4.5800,10726544,49905351.0000,3,0.117204,1,0.873362,0
2018-12-28,sh.601898,4.6200,4.6900,4.6200,4.6500,4.6200,7343512,34203272.0000,3,0.080239,1,0.649355,0
2019-01-02,sh.601898,4.6600,4.6900,4.6000,4.6300,4.6500,6667209,30923614.0000,3,0.072850,1,-0.430107,0
2019-01-03,sh.601898,4.6100,4.7000,4.6000,4.6700,4.6300,7298159,34070535.0000,3,0.079744,1,0.863930,0
2019-01-04,sh.601898,4.6500,4.7500,4.6400,4.7400,4.6700,6410332,30215815.0000,3,0.070043,1,1.498923,0
2019-01-07,sh.601898,4.7500,4.8100,4.7400,4.7900,4.7400,8877121,42447175.0000,3,0.096997,1,1.054856,0
2019-01-08,sh.601898,4.7900,4.8100,4.7600,4.7800,4.7900,7239718,34670320.0000,3,0.079105,1,-0.208763,0
2019-01-09,sh.601898,4.8100,4.8600,4.8000,4.8000,4.7800,7459571,36060848.0000,3,0.081508,1,0.418410,0
2019-01-10,sh.601898,4.8100,4.8400,4.7500,4.7800,4.8000,7029193,33702952.0000,3,0.076805,1,-0.416666,0
2019-01-11,sh.601898,4.7700,4.8200,4.7500,4.7900,4.7800,6004281,28720423.0000,3,0.065606,1,0.209200,0
2019-01-14,sh.601898,4.7800,4.8800,4.7300,4.7600,4.7900,11497076,55294949.0000,3,0.125624,1,-0.626299,0
2019-01-15,sh.601898,4.7700,4.8000,4.7400,4.7900,4.7600,7488249,35698576.0000,3,0.081821,1,0.630247,0
2019-01-16,sh.601898,4.7900,4.8200,4.7500,4.7900,4.7900,7698595,36842665.0000,3,0.084119,1,0.000000,0
2019-01-17,sh.601898,4.7800,4.8600,4.7600,4.8000,4.7900,11695678,56363229.0000,3,0.127794,1,0.208773,0
2019-01-18,sh.601898,4.8200,4.8800,4.8000,4.8400,4.8000,12931780,62511351.0000,3,0.141300,1,0.833333,0
2019-01-21,sh.601898,4.8500,4.8800,4.8100,4.8400,4.8400,10964357,53039941.0000,3,0.119803,1,0.000000,0
2019-01-22,sh.601898,4.8500,4.8600,4.7700,4.7900,4.8400,10424133,50204143.0000,3,0.113900,1,-1.033062,0
2019-01-23,sh.601898,4.7800,4.8000,4.7400,4.7500,4.7900,7790255,37122223.0000,3,0.085121,1,-0.835072,0
2019-01-24,sh.601898,4.7400,4.7800,4.7100,4.7400,4.7500,7724880,36615767.0000,3,0.084406,1,-0.210531,0
2019-01-25,sh.601898,4.7300,4.7600,4.7100,4.7100,4.7400,9112561,43138206.0000,3,0.099569,1,-0.632906,0
2019-01-28,sh.601898,4.7200,4.7500,4.6800,4.6900,4.7100,13715698,64661342.0000,3,0.149866,1,-0.424628,0
2019-01-29,sh.601898,4.7000,4.7100,4.6000,4.6300,4.6900,12007477,55650939.0000,3,0.131201,1,-1.279316,0
2019-01-30,sh.601898,4.6300,4.6600,4.5900,4.6000,4.6300,9036305,41859577.0000,3,0.098736,1,-0.647953,0
2019-01-31,sh.601898,4.5900,4.6600,4.5900,4.6100,4.6000,10045353,46354931.0000,3,0.109761,1,0.217396,0
2019-02-01,sh.601898,4.6100,4.6500,4.6000,4.6500,4.6100,14585817,67411818.0000,3,0.159373,1,0.867678,0
2019-02-11,sh.601898,4.6400,4.7000,4.6300,4.6900,4.6500,15255293,71218579.0000,3,0.166688,1,0.860214,0
2019-02-12,sh.601898,4.6900,4.7300,4.6700,4.7300,4.6900,13520271,63552198.0000,3,0.147730,1,0.852878,0
2019-02-13,sh.601898,4.7300,4.8000,4.7000,4.7900,4.7300,17294860,82131289.0000,3,0.188974,1,1.268498,0
2019-02-14,sh.601898,4.7900,4.7900,4.7500,4.7600,4.7900,10260419,48876210.0000,3,0.112111,1,-0.626299,0
2019-02-15,sh.601898,4.7600,4.7700,4.7000,4.7100,4.7600,13305800,63029151.0000,3,0.145387,1,-1.050424,0
2019-02-18,sh.601898,4.7300,4.8100,4.7200,4.8100,4.7100,17507003,83569286.0000,3,0.191292,1,2.123140,0
2019-02-19,sh.601898,4.8000,4.8300,4.7500,4.8000,4.8100,17754129,85147036.0000,3,0.193992,1,-0.207895,0
2019-02-20,sh.601898,4.8000,4.8800,4.7800,4.8700,4.8000,22681381,109831050.0000,3,0.247830,1,1.458327,0
2019-02-21,sh.601898,4.8700,4.8700,4.8000,4.8100,4.8700,21957193,106134170.0000,3,0.239917,1,-1.232032,0
2019-02-22,sh.601898,4.8000,4.8500,4.7700,4.8500,4.8100,15562382,74771771.0000,3,0.170044,1,0.831600,0
2019-02-25,sh.601898,4.8600,5.0500,4.8500,5.0400,4.8500,53408939,266167591.0000,3,0.583577,1,3.917527,0
2019-02-26,sh.601898,5.0600,5.3200,5.0200,5.1800,5.0400,62930746,325092418.0000,3,0.687617,1,2.777775,0
2019-02-27,sh.601898,5.1400,5.3300,5.1100,5.1900,5.1800,41547642,216463726.0000,3,0.453973,1,0.193055,0
2019-02-28,sh.601898,5.1800,5.2200,5.1200,5.1400,5.1900,18413670,95040327.0000,3,0.201198,1,-0.963395,0
2019-03-01,sh.601898,5.1700,5.2000,5.0900,5.1900,5.1400,18260634,93873095.0000,3,0.199526,1,0.972766,0
2019-03-04,sh.601898,5.2000,5.3100,5.1800,5.2200,5.1900,35684560,187212181.0000,3,0.389910,1,0.578030,0
2019-03-05,sh.601898,5.2200,5.2500,5.1500,5.2500,5.2200,28101568,146649557.0000,3,0.307054,1,0.574717,0
2019-03-06,sh.601898,5.2400,5.3400,5.2200,5.3400,5.2500,37090174,196339314.0000,3,0.405268,1,1.714289,0
2019-03-07,sh.601898,5.3700,5.4500,5.3000,5.4000,5.3400,47750248,257231822.0000,3,0.521747,1,1.123594,0
2019-03-08,sh.601898,5.3000,5.3100,5.1100,5.1200,5.4000,36579215,190954055.0000,3,0.399685,1,-5.185189,0
2019-03-11,sh.601898,5.1300,5.2400,5.1300,5.2400,5.1200,22992818,119479691.0000,3,0.251233,1,2.343748,0
2019-03-12,sh.601898,5.2700,5.3600,5.2600,5.3100,5.2400,30467583,161782853.0000,3,0.332906,1,1.335881,0
2019-03-13,sh.601898,5.2900,5.3100,5.1800,5.2100,5.3100,19806251,104013226.0000,3,0.216414,1,-1.883237,0
2019-03-14,sh.601898,5.1800,5.3200,5.1500,5.2000,5.2100,16993823,88827582.0000,3,0.185684,1,-0.191943,0
2019-03-15,sh.601898,5.1900,5.2700,5.1900,5.2600,5.2000,15319723,80178031.0000,3,0.167392,1,1.153854,0
2019-03-18,sh.601898,5.2400,5.3500,5.1900,5.3400,5.2600,32129270,169187231.0000,3,0.351063,1,1.520911,0
2019-03-19,sh.601898,5.3300,5.3400,5.2300,5.2600,5.3400,27492989,144934467.0000,3,0.300404,1,-1.498126,0
2019-03-20,sh.601898,5.2800,5.3200,5.2000,5.2600,5.2600,22322371,117330753.0000,3,0.243907,1,0.000000,0
2019-03-21,sh.601898,5.2400,5.2900,5.2400,5.2500,5.2600,18733370,98561792.0000,3,0.204692,1,-0.190118,0
2019-03-22,sh.601898,5.2600,5.2700,5.1900,5.2500,5.2500,21452508,112120854.0000,3,0.234402,1,0.000000,0
2019-03-25,sh.601898,5.1700,5.1900,5.1000,5.1100,5.2500,31734448,163101498.0000,3,0.346749,1,-2.666664,0
2019-03-26,sh.601898,5.1200,5.1400,5.0000,5.0100,5.1100,16773964,84923813.0000,3,0.183282,1,-1.956945,0
2019-03-27,sh.601898,5.0300,5.0400,4.9800,5.0300,5.0100,16784449,84122037.0000,3,0.183397,1,0.399201,0
2019-03-28,sh.601898,5.0300,5.0500,4.9700,4.9700,5.0300,16647820,83368487.0000,3,0.181904,1,-1.192851,0
2019-03-29,sh.601898,4.9800,5.1300,4.9700,5.1200,4.9700,23637088,119829832.0000,3,0.258272,1,3.018111,0
2019-04-01,sh.601898,5.2100,5.2600,5.1500,5.2500,5.1200,36905570,192539210.0000,3,0.403251,1,2.539065,0
2019-04-02,sh.601898,5.2500,5.2800,5.2000,5.2200,5.2500,27747554,145204168.0000,3,0.303186,1,-0.571433,0
2019-04-03,sh.601898,5.2200,5.2800,5.1900,5.2800,5.2200,32077226,168537249.0000,3,0.350494,1,1.149433,0
2019-04-04,sh.601898,5.3000,5.3800,5.2600,5.3100,5.2800,49691829,264339052.0000,3,0.542961,1,0.568177,0
2019-04-08,sh.601898,5.3500,5.4000,5.2400,5.3200,5.3100,46421599,247437158.0000,3,0.507229,1,0.188328,0
2019-04-09,sh.601898,5.3200,5.3200,5.2300,5.2700,5.3200,32337723,170285249.0000,3,0.353340,1,-0.939853,0
2019-04-10,sh.601898,5.2400,5.2700,5.1800,5.2200,5.2700,25206534,131492849.0000,3,0.275421,1,-0.948770,0
2019-04-11,sh.601898,5.2200,5.2800,5.1900,5.1900,5.2200,23694182,124106379.0000,3,0.258896,1,-0.574708,0
2019-04-12,sh.601898,5.1800,5.2200,5.1500,5.1900,5.1900,19113700,98996510.0000,3,0.208847,1,0.000000,0
2019-04-15,sh.601898,5.2400,5.2900,5.1800,5.1800,5.1900,25013146,130886488.0000,3,0.273308,1,-0.192683,0
2019-04-16,sh.601898,5.1800,5.3100,5.1300,5.2900,5.1800,31728721,166427636.0000,3,0.346686,1,2.123555,0
2019-04-17,sh.601898,5.2900,5.3800,5.2700,5.3400,5.2900,41790082,223014312.0000,3,0.456622,1,0.945183,0
2019-04-18,sh.601898,5.3300,5.4100,5.3000,5.3400,5.3400,30572652,163797696.0000,3,0.334054,1,0.000000,0
2019-04-19,sh.601898,5.3300,5.5100,5.3100,5.5000,5.3400,57285736,310457975.0000,3,0.625937,1,2.996252,0
2019-04-22,sh.601898,5.5100,5.5100,5.2900,5.3100,5.5000,44177724,238221557.0000,3,0.482711,1,-3.454547,0
2019-04-23,sh.601898,5.3100,5.3900,5.2700,5.3000,5.3100,28678468,152671286.0000,3,0.313357,1,-0.188319,0
2019-04-24,sh.601898,5.3000,5.3600,5.2700,5.3300,5.3000,28457810,151200630.0000,3,0.310946,1,0.566033,0
2019-04-25,sh.601898,5.3200,5.3400,5.1500,5.2000,5.3300,31119234,163968222.0000,3,0.340027,1,-2.439027,0
2019-04-26,sh.601898,5.2000,5.2000,5.0800,5.0900,5.2000,24767915,127503587.0000,3,0.270628,1,-2.115378,0
2019-04-29,sh.601898,5.0900,5.1100,5.0100,5.0600,5.0900,18645910,94446751.0000,3,0.203736,1,-0.589395,0
2019-04-30,sh.601898,5.0300,5.1300,5.0300,5.1000,5.0600,15163874,77198550.0000,3,0.165689,1,0.790513,0
2019-05-06,sh.601898,5.0300,5.0400,4.7200,4.8300,5.1000,33344893,162664250.0000,3,0.364345,1,-5.294117,0
2019-05-07,sh.601898,4.8300,4.8900,4.8100,4.8700,4.8300,15813650,76697252.0000,3,0.172789,1,0.828156,0
2019-05-08,sh.601898,4.7800,4.8800,4.7400,4.8200,4.8700,12237247,58993811.0000,3,0.133711,1,-1.026688,0
2019-05-09,sh.601898,4.7900,4.8300,4.7600,4.7900,4.8200,10571724,50687728.0000,3,0.115513,1,-0.622411,0
2019-05-10,sh.601898,4.8200,4.8900,4.7800,4.8800,4.7900,16193965,78487034.0000,3,0.176945,1,1.878918,0
2019-05-13,sh.601898,4.8400,4.9200,4.8400,4.8600,4.8800,13622784,66433233.0000,3,0.148850,1,-0.409836,0
2019-05-14,sh.601898,4.8200,4.8700,4.7600,4.8300,4.8600,13303564,64063268.0000,3,0.145362,1,-0.617288,0
2019-05-15,sh.601898,4.8300,4.8800,4.8300,4.8600,4.8300,13954351,67737590.0000,3,0.152473,1,0.621122,0
2019-05-16,sh.601898,4.8500,4.9100,4.8300,4.8900,4.8600,17016912,83128469.0000,3,0.185937,1,0.617278,0
2019-05-17,sh.601898,4.8700,4.9400,4.7600,4.7900,4.8900,17468584,84498588.0000,3,0.190872,1,-2.044988,0
2019-05-20,sh.601898,4.7600,4.8000,4.7100,4.7600,4.7900,10781027,51230934.0000,3,0.117800,1,-0.626299,0
2019-05-21,sh.601898,4.7600,4.8400,4.7500,4.8300,4.7600,11335534,54441883.0000,3,0.123859,1,1.470582,0
2019-05-22,sh.601898,4.8400,4.8400,4.7700,4.8000,4.8300,8226920,39596919.0000,3,0.089892,1,-0.621112,0
2019-05-23,sh.601898,4.7700,4.8500,4.7300,4.7700,4.8000,13355334,63937133.0000,3,0.145928,1,-0.625004,0
2019-05-24,sh.601898,4.7400,4.7900,4.7400,4.7700,4.7700,7828422,37282388.0000,3,0.085538,1,0.000000,0
2019-05-27,sh.601898,4.7700,4.8300,4.7400,4.8200,4.7700,9584545,45865598.0000,3,0.104726,1,1.048222,0
2019-05-28,sh.601898,4.8000,4.8300,4.7600,4.7800,4.8200,10477298,50275925.0000,3,0.114481,1,-0.829875,0
2019-05-29,sh.601898,4.7700,4.8100,4.7600,4.7800,4.7800,7953931,38020720.0000,3,0.086909,1,0.000000,0
2019-05-30,sh.601898,4.7800,4.8100,4.7400,4.8000,4.7800,9829063,46914697.0000,3,0.107398,1,0.418410,0
2019-05-31,sh.601898,4.8000,4.8100,4.7500,4.7700,4.8000,7760206,37115296.0000,3,0.084792,1,-0.625004,0
2019-06-03,sh.601898,4.7800,4.7900,4.6900,4.7100,4.7700,15676515,74092028.0000,3,0.171291,1,-1.257860,0
2019-06-04,sh.601898,4.6900,4.7100,4.6500,4.6700,4.7100,9276944,43362571.0000,3,0.101365,1,-0.849256,0
2019-06-05,sh.601898,4.6900,4.7100,4.6600,4.6700,4.6700,9249577,43378458.0000,3,0.101066,1,0.000000,0
2019-06-06,sh.601898,4.6600,4.6700,4.6000,4.6000,4.6700,11732810,54277737.0000,3,0.128199,1,-1.498933,0
2019-06-10,sh.601898,4.6000,4.6800,4.6000,4.6700,4.6000,11262874,52415283.0000,3,0.123065,1,1.521743,0
2019-06-11,sh.601898,4.6600,4.7600,4.6500,4.7600,4.6700,14685550,69416366.0000,3,0.160463,1,1.927198,0
2019-06-12,sh.601898,4.7500,4.8000,4.7300,4.7700,4.7600,13888321,66314156.0000,3,0.151752,1,0.210079,0
2019-06-13,sh.601898,4.7700,4.7900,4.7300,4.7700,4.7700,10233521,48761584.0000,3,0.111817,1,0.000000,0
2019-06-14,sh.601898,4.7800,4.7900,4.7100,4.7300,4.7700,7760998,36890610.0000,3,0.084801,1,-0.838574,0
2019-06-17,sh.601898,4.7400,4.8000,4.7200,4.7800,4.7300,10243163,48919625.0000,3,0.111923,1,1.057086,0
2019-06-18,sh.601898,4.7700,4.8200,4.7600,4.8200,4.7800,8805082,42231589.0000,3,0.096209,1,0.836819,0
2019-06-19,sh.601898,4.8600,4.8900,4.7800,4.7900,4.8200,13863527,66942185.0000,3,0.151481,1,-0.622411,0
2019-06-20,sh.601898,4.8000,4.8700,4.7800,4.8600,4.7900,13556250,65568747.0000,3,0.148123,1,1.461381,0
2019-06-21,sh.601898,4.8600,4.9000,4.8500,4.8700,4.8600,11884386,57966714.0000,3,0.129856,1,0.205756,0
2019-06-24,sh.601898,4.8800,4.9200,4.8500,4.9000,4.8700,10587607,51733048.0000,3,0.115686,1,0.616021,0
2019-06-25,sh.601898,4.9000,4.9000,4.8000,4.8400,4.9000,10048439,48615148.0000,3,0.109795,1,-1.224489,0
2019-06-26,sh.601898,4.8400,4.8700,4.8300,4.8500,4.8400,7068372,34267491.0000,3,0.077233,1,0.206606,0
2019-06-27,sh.601898,4.8500,4.8900,4.8200,4.8500,4.8500,8315974,40368496.0000,3,0.090865,1,0.000000,0
2019-06-28,sh.601898,4.8500,4.8500,4.7900,4.8000,4.8500,6064019,29161681.0000,3,0.066259,1,-1.030922,0
2019-07-01,sh.601898,4.8500,4.8900,4.8400,4.8800,4.8000,10350540,50343082.0000,3,0.113096,1,1.666665,0
2019-07-02,sh.601898,4.8800,4.8800,4.8500,4.8600,4.8800,7627731,37111619.0000,3,0.083345,1,-0.409836,0
2019-07-03,sh.601898,4.8700,4.8700,4.8300,4.8400,4.8600,7321231,35503626.0000,3,0.079996,1,-0.411522,0
2019-07-04,sh.601898,4.8400,4.8600,4.8000,4.8300,4.8400,11269018,54394035.0000,3,0.123132,1,-0.206616,0
2019-07-05,sh.601898,4.8300,4.8400,4.7900,4.8100,4.8300,5098162,24566472.0000,3,0.055705,1,-0.414078,0
2019-07-08,sh.601898,4.8200,4.8200,4.7000,4.7300,4.8100,10421434,49412800.0000,3,0.113871,1,-1.663200,0
2019-07-09,sh.601898,4.7100,4.7600,4.7100,4.7200,4.7300,6810665,32170751.0000,3,0.074417,1,-0.211421,0
2019-07-10,sh.601898,4.7200,4.7300,4.6800,4.6900,4.7200,6219940,29276243.0000,3,0.067963,1,-0.635588,0
2019-07-11,sh.601898,4.7000,4.7600,4.6800,4.6900,4.6900,6830016,32187357.0000,3,0.074629,1,0.000000,0
2019-07-12,sh.601898,4.7200,4.7300,4.6800,4.7100,4.6900,6287355,29616491.0000,3,0.068699,1,0.426439,0
2019-07-15,sh.601898,4.6900,4.7500,4.6700,4.7400,4.7100,9997030,47218526.0000,3,0.109233,1,0.636937,0
2019-07-16,sh.601898,4.6700,4.7000,4.6600,4.6800,4.6600,7741288,36216180.0000,3,0.084586,1,0.429184,0
2019-07-17,sh.601898,4.6800,4.7200,4.6600,4.6800,4.6800,8154553,38237610.0000,3,0.089101,1,0.000000,0
2019-07-18,sh.601898,4.6800,4.6800,4.6300,4.6400,4.6800,6136953,28518175.0000,3,0.067056,1,-0.854700,0
2019-07-19,sh.601898,4.6400,4.7200,4.6300,4.6800,4.6400,7131959,33435615.0000,3,0.077928,1,0.862068,0
2019-07-22,sh.601898,4.7100,4.7100,4.6300,4.6400,4.6800,8979252,41815674.0000,3,0.098112,1,-0.854700,0
2019-07-23,sh.601898,4.6300,4.7100,4.6300,4.6900,4.6400,7268810,33989243.0000,3,0.079423,1,1.077590,0
2019-07-24,sh.601898,4.7100,4.7400,4.6700,4.6900,4.6900,8699832,40941369.0000,3,0.095059,1,0.000000,0
2019-07-25,sh.601898,4.6900,4.7100,4.6700,4.6900,4.6900,7172417,33598665.0000,3,0.078370,1,0.000000,0
2019-07-26,sh.601898,4.6800,4.7000,4.6600,4.7000,4.6900,5233862,24494895.0000,3,0.057200,1,0.213200,0
2019-07-29,sh.601898,4.6900,4.7100,4.6700,4.6800,4.7000,5502643,25785110.0000,3,0.060125,1,-0.425532,0
2019-07-30,sh.601898,4.6800,4.7300,4.6700,4.7000,4.6800,7073100,33288814.0000,3,0.077300,1,0.427400,0
2019-07-31,sh.601898,4.6900,4.7000,4.6500,4.6600,4.7000,8840909,41249468.0000,3,0.096600,1,-0.851100,0
2019-08-01,sh.601898,4.6600,4.6800,4.6300,4.6300,4.6600,7127892,33153738.0000,3,0.077900,1,-0.643800,0
2019-08-02,sh.601898,4.6000,4.6200,4.4700,4.5200,4.6300,15612230,70906113.0000,3,0.170600,1,-2.375800,0
2019-08-05,sh.601898,4.5400,4.5400,4.4100,4.4200,4.5200,18053636,80471677.0000,3,0.197300,1,-2.212400,0
2019-08-06,sh.601898,4.3700,4.3800,4.2200,4.2500,4.4200,19619170,84032773.0000,3,0.214400,1,-3.846200,0
2019-08-07,sh.601898,4.2600,4.2900,4.2400,4.2600,4.2500,8060876,34375118.0000,3,0.088100,1,0.235300,0
2019-08-08,sh.601898,4.2700,4.3200,4.2600,4.2800,4.2600,7124913,30536653.0000,3,0.077900,1,0.469500,0
2019-08-09,sh.601898,4.2900,4.2900,4.2300,4.2500,4.2800,7658300,32619334.0000,3,0.083700,1,-0.700900,0
2019-08-12,sh.601898,4.2400,4.2900,4.2300,4.2900,4.2500,7605691,32426874.0000,3,0.083100,1,0.941200,0
2019-08-13,sh.601898,4.2600,4.2800,4.2500,4.2600,4.2900,4467166,19060964.0000,3,0.048800,1,-0.699300,0
2019-08-14,sh.601898,4.3000,4.3200,4.2700,4.2900,4.2600,6439820,27663493.0000,3,0.070400,1,0.704200,0
2019-08-15,sh.601898,4.2500,4.2800,4.2000,4.2600,4.2900,6361397,27005375.0000,3,0.069500,1,-0.699300,0
2019-08-16,sh.601898,4.2700,4.3000,4.2600,4.2800,4.2600,6758315,28900909.0000,3,0.073800,1,0.469500,0
2019-08-19,sh.601898,4.2900,4.3600,4.2800,4.3500,4.2800,10458438,45148091.0000,3,0.114300,1,1.635500,0
2019-08-20,sh.601898,4.3600,4.4000,4.3500,4.3600,4.3500,10769688,47138958.0000,3,0.117700,1,0.229900,0
2019-08-21,sh.601898,4.3600,4.3700,4.3400,4.3400,4.3600,4688700,20393053.0000,3,0.051200,1,-0.458700,0
2019-08-22,sh.601898,4.3600,4.3800,4.3200,4.3700,4.3400,5983138,26039825.0000,3,0.065400,1,0.691200,0
2019-08-23,sh.601898,4.3600,4.3900,4.3400,4.3800,4.3700,5885188,25685561.0000,3,0.064300,1,0.228800,0
2019-08-26,sh.601898,4.3500,4.4900,4.3400,4.4600,4.3800,23304266,103452289.0000,3,0.254600,1,1.826500,0
2019-08-27,sh.601898,4.4800,4.6900,4.4700,4.6800,4.4600,31460944,145204540.0000,3,0.343800,1,4.932700,0
2019-08-28,sh.601898,4.6600,4.7800,4.6500,4.7500,4.6800,31991366,151306858.0000,3,0.349600,1,1.495700,0
2019-08-29,sh.601898,4.7600,4.8800,4.7400,4.8500,4.7500,25640352,123888901.0000,3,0.280200,1,2.105300,0
2019-08-30,sh.601898,4.8800,4.9200,4.8200,4.8200,4.8500,21067939,102531767.0000,3,0.230200,1,-0.618600,0
2019-09-02,sh.601898,4.9000,5.1200,4.8500,5.0800,4.8200,43203947,217892734.0000,3,0.472100,1,5.394200,0
2019-09-03,sh.601898,5.0700,5.1500,5.0500,5.1300,5.0800,25586769,130768316.0000,3,0.279600,1,0.984300,0
2019-09-04,sh.601898,5.1300,5.1900,5.1000,5.1400,5.1300,29050519,149609195.0000,3,0.317400,1,0.194900,0
2019-09-05,sh.601898,5.1700,5.2600,5.1400,5.1500,5.1400,24737083,128913011.0000,3,0.270300,1,0.194600,0
2019-09-06,sh.601898,5.1800,5.2400,5.1600,5.2100,5.1500,17268081,89814245.0000,3,0.188700,1,1.165000,0
2019-09-09,sh.601898,5.2200,5.2300,5.1200,5.2000,5.2100,17393418,90258341.0000,3,0.190100,1,-0.191900,0
2019-09-10,sh.601898,5.2300,5.2300,5.1500,5.1900,5.2000,11980194,62103206.0000,3,0.130900,1,-0.192300,0
2019-09-11,sh.601898,5.2300,5.2300,5.1000,5.1400,5.1900,14184201,72977374.0000,3,0.155000,1,-0.963400,0
2019-09-12,sh.601898,5.1500,5.1600,5.0500,5.1400,5.1400,17313660,88378057.0000,3,0.189200,1,0.000000,0
2019-09-16,sh.601898,5.1500,5.1600,5.0300,5.0500,5.1400,17342388,88074001.0000,3,0.189500,1,-1.751000,0
2019-09-17,sh.601898,5.1000,5.1200,4.9500,4.9700,5.0500,15012146,75540671.0000,3,0.164000,1,-1.584200,0
2019-09-18,sh.601898,5.0000,5.0200,4.9300,4.9800,4.9700,11257555,55909224.0000,3,0.123000,1,0.201200,0
2019-09-19,sh.601898,5.0000,5.0000,4.8700,4.9400,4.9800,12965200,63641503.0000,3,0.141700,1,-0.803200,0
2019-09-20,sh.601898,4.9300,4.9300,4.8300,4.8600,4.9400,16397333,79821619.0000,3,0.179200,1,-1.619400,0
2019-09-23,sh.601898,4.8700,4.8700,4.7700,4.8500,4.8600,14523060,69964556.0000,3,0.158700,1,-0.205800,0
2019-09-24,sh.601898,4.8400,4.9200,4.8200,4.8900,4.8500,15047053,73517780.0000,3,0.164400,1,0.824700,0
2019-09-25,sh.601898,4.8500,4.9000,4.8300,4.8900,4.8900,11839860,57734349.0000,3,0.129400,1,0.000000,0
2019-09-26,sh.601898,4.8900,4.8900,4.8100,4.8300,4.8900,14977181,72385057.0000,3,0.163600,1,-1.227000,0
2019-09-27,sh.601898,4.8300,4.8500,4.7700,4.7800,4.8300,8903253,42833312.0000,3,0.097300,1,-1.035200,0
2019-09-30,sh.601898,4.8200,4.9700,4.8000,4.9200,4.7800,13629245,66814846.0000,3,0.148900,1,2.928900,0
2019-10-08,sh.601898,4.8800,4.9300,4.8000,4.8100,4.9200,14576266,70760250.0000,3,0.159300,1,-2.235800,0
2019-10-09,sh.601898,4.8000,4.9600,4.7900,4.9300,4.8100,15123944,74215211.0000,3,0.165300,1,2.494800,0
2019-10-10,sh.601898,4.9600,4.9800,4.9000,4.9200,4.9300,13178163,65076394.0000,3,0.144000,1,-0.202800,0
2019-10-11,sh.601898,4.9400,5.0600,4.9300,5.0200,4.9200,15860205,79508301.0000,3,0.173300,1,2.032500,0
2019-10-14,sh.601898,5.0500,5.1100,4.9800,5.0000,5.0200,11860776,59666657.0000,3,0.129600,1,-0.398400,0
2019-10-15,sh.601898,4.9800,5.0000,4.8900,4.9100,5.0000,9996292,49257839.0000,3,0.109200,1,-1.800000,0
2019-10-16,sh.601898,4.8800,4.9400,4.8500,4.8800,4.9100,7598613,37127930.0000,3,0.083000,1,-0.611000,0
2019-10-17,sh.601898,4.8800,4.9000,4.8000,4.8200,4.8800,10635315,51333175.0000,3,0.116200,1,-1.229500,0
2019-10-18,sh.601898,4.8400,4.8700,4.7700,4.7800,4.8200,9903160,47692624.0000,3,0.108200,1,-0.829900,0
2019-10-21,sh.601898,4.7600,4.7800,4.6900,4.7200,4.7800,11803004,55669568.0000,3,0.129000,1,-1.255200,0
2019-10-22,sh.601898,4.7100,4.8500,4.7000,4.8400,4.7200,10227798,48993767.0000,3,0.111800,1,2.542400,0
2019-10-23,sh.601898,4.8400,4.8500,4.7400,4.7500,4.8400,8511935,40724042.0000,3,0.093000,1,-1.859500,0
2019-10-24,sh.601898,4.7700,4.8100,4.7400,4.8000,4.7500,6423937,30684451.0000,3,0.070200,1,1.052600,0
2019-10-25,sh.601898,4.8000,4.8400,4.7600,4.8400,4.8000,7122647,34247983.0000,3,0.077800,1,0.833300,0
2019-10-28,sh.601898,4.8300,4.8600,4.7700,4.8300,4.8400,11979341,57448632.0000,3,0.130900,1,-0.206600,0
2019-10-29,sh.601898,4.8200,4.8600,4.7700,4.8100,4.8300,14342101,69135420.0000,3,0.156700,1,-0.414100,0
2019-10-30,sh.601898,4.7800,4.8800,4.7300,4.8700,4.8100,12585812,60585122.0000,3,0.137500,1,1.247400,0
2019-10-31,sh.601898,4.8200,4.8400,4.6500,4.6800,4.8700,21461904,101214814.0000,3,0.234500,1,-3.901400,0
2019-11-01,sh.601898,4.6600,4.7700,4.6600,4.7300,4.6800,12226901,57675425.0000,3,0.133600,1,1.068400,0
2019-11-04,sh.601898,4.7300,4.9400,4.7200,4.9100,4.7300,21705639,105675479.0000,3,0.237200,1,3.805500,0
2019-11-05,sh.601898,4.9200,4.9400,4.8500,4.8900,4.9100,11558509,56529885.0000,3,0.126300,1,-0.407300,0
2019-11-06,sh.601898,4.9000,4.9200,4.8500,4.8900,4.8900,9031788,44129922.0000,3,0.098700,1,0.000000,0
2019-11-07,sh.601898,4.8700,4.9400,4.8600,4.9000,4.8900,10752411,52699282.0000,3,0.117500,1,0.204500,0
2019-11-08,sh.601898,4.8900,4.9200,4.8200,4.8300,4.9000,8932327,43404599.0000,3,0.097600,1,-1.428600,0
2019-11-11,sh.601898,4.8100,4.8800,4.7500,4.7700,4.8300,9941613,47910534.0000,3,0.108600,1,-1.242200,0
2019-11-12,sh.601898,4.7900,4.9800,4.7800,4.9600,4.7700,22376339,110103340.0000,3,0.244500,1,3.983200,0
2019-11-13,sh.601898,4.9200,4.9300,4.8600,4.8900,4.9600,13640910,66721841.0000,3,0.149000,1,-1.411300,0
2019-11-14,sh.601898,4.8700,4.8900,4.7600,4.8000,4.8900,14621325,70246036.0000,3,0.159800,1,-1.840500,0
2019-11-15,sh.601898,4.7700,4.8000,4.6500,4.6500,4.8000,14506169,68062368.0000,3,0.158500,1,-3.125000,0
2019-11-18,sh.601898,4.6500,4.7200,4.6500,4.6800,4.6500,7891453,36953300.0000,3,0.086200,1,0.645200,0
2019-11-19,sh.601898,4.7000,4.7300,4.6600,4.7000,4.6800,10289549,48230014.0000,3,0.112400,1,0.427400,0
2019-11-20,sh.601898,4.6900,4.7500,4.6500,4.6700,4.7000,8445591,39640349.0000,3,0.092300,1,-0.638300,0
2019-11-21,sh.601898,4.6600,4.6800,4.6400,4.6800,4.6700,7151991,33342636.0000,3,0.078100,1,0.214100,0
2019-11-22,sh.601898,4.6600,4.7200,4.6500,4.6800,4.6800,9320682,43668869.0000,3,0.101800,1,0.000000,0
2019-11-25,sh.601898,4.7200,4.9000,4.7000,4.9000,4.6800,27095794,130759312.0000,3,0.296100,1,4.700900,0
2019-11-26,sh.601898,4.8800,4.9000,4.8300,4.8800,4.9000,18455803,89761191.0000,3,0.201700,1,-0.408200,0
2019-11-27,sh.601898,4.8700,4.9200,4.8100,4.8900,4.8800,13854948,67450608.0000,3,0.151400,1,0.204900,0
2019-11-28,sh.601898,4.8900,4.8900,4.7600,4.7800,4.8900,10855000,52139683.0000,3,0.118600,1,-2.249500,0
2019-11-29,sh.601898,4.8100,4.8900,4.8000,4.8800,4.7800,11987144,58223707.0000,3,0.131000,1,2.092000,0
2019-12-02,sh.601898,4.8300,4.9200,4.7900,4.8100,4.8800,14426184,69513726.0000,3,0.157600,1,-1.434400,0
2019-12-03,sh.601898,4.8200,4.8300,4.7500,4.7900,4.8100,10579452,50539663.0000,3,0.115600,1,-0.415800,0
2019-12-04,sh.601898,4.7900,4.8200,4.7200,4.7400,4.7900,11082831,52711837.0000,3,0.121100,1,-1.043800,0
2019-12-05,sh.601898,4.7700,4.7900,4.7300,4.7500,4.7400,8879956,42207964.0000,3,0.097000,1,0.211000,0
2019-12-06,sh.601898,4.7500,4.7700,4.7100,4.7400,4.7500,7960655,37654058.0000,3,0.087000,1,-0.210500,0
2019-12-09,sh.601898,4.7500,4.8200,4.7300,4.8200,4.7400,13121183,62873061.0000,3,0.143400,1,1.687800,0
2019-12-10,sh.601898,4.7800,4.8100,4.7600,4.7900,4.8200,7669675,36689046.0000,3,0.083800,1,-0.622400,0
2019-12-11,sh.601898,4.7900,4.8100,4.7600,4.7800,4.7900,8055609,38539070.0000,3,0.088000,1,-0.208800,0
2019-12-12,sh.601898,4.7800,4.8000,4.7700,4.7900,4.7800,9981378,47778929.0000,3,0.109100,1,0.209200,0
2019-12-13,sh.601898,4.8000,4.8400,4.7800,4.8200,4.7900,12579215,60477226.0000,3,0.137400,1,0.626300,0
2019-12-16,sh.601898,4.8200,4.8300,4.7600,4.8300,4.8200,14995490,71919505.0000,3,0.163800,1,0.207500,0
2019-12-17,sh.601898,4.8200,4.9300,4.7900,4.8900,4.8300,21720746,105683424.0000,3,0.237300,1,1.242200,0
2019-12-18,sh.601898,4.8700,4.9300,4.8700,4.8800,4.8900,12295201,60150996.0000,3,0.134300,1,-0.204500,0
2019-12-19,sh.601898,4.8800,4.9200,4.8700,4.9100,4.8800,11288994,55220521.0000,3,0.123400,1,0.614700,0
2019-12-20,sh.601898,4.9200,4.9400,4.8700,4.8800,4.9100,11345133,55548506.0000,3,0.124000,1,-0.611000,0
2019-12-23,sh.601898,4.8900,4.9000,4.8000,4.8100,4.8800,10701957,52011617.0000,3,0.116900,1,-1.434400,0
2019-12-24,sh.601898,4.8200,4.9000,4.8000,4.8900,4.8100,9016246,43687960.0000,3,0.098500,1,1.663200,0
2019-12-25,sh.601898,4.8600,4.8700,4.7900,4.8100,4.8900,8746134,42238703.0000,3,0.095600,1,-1.636000,0
2019-12-26,sh.601898,4.8200,4.8600,4.8000,4.8600,4.8100,8886794,42865502.0000,3,0.097100,1,1.039500,0
2019-12-27,sh.601898,4.8400,4.9800,4.8300,4.9000,4.8600,24378499,119940236.0000,3,0.266400,1,0.823000,0
2019-12-30,sh.601898,4.8900,5.0300,4.8700,5.0200,4.9000,25311884,126077133.0000,3,0.276600,1,2.449000,0
2019-12-31,sh.601898,5.0100,5.0400,4.9700,5.0200,5.0200,15555206,77864741.0000,3,0.170000,1,0.000000,0
2020-01-02,sh.601898,5.0400,5.1300,5.0200,5.0500,5.0200,23035861,116810140.0000,3,0.251700,1,0.597600,0
2020-01-03,sh.601898,5.0500,5.1200,5.0100,5.0700,5.0500,14100291,71433438.0000,3,0.154100,1,0.396000,0
2020-01-06,sh.601898,5.0400,5.1200,5.0200,5.0800,5.0700,21172388,107622474.0000,3,0.231300,1,0.197200,0
2020-01-07,sh.601898,5.1100,5.2400,5.0800,5.1600,5.0800,23291230,120292953.0000,3,0.254500,1,1.574800,0
2020-01-08,sh.601898,5.1500,5.1600,4.9900,5.0200,5.1600,22276909,112923179.0000,3,0.243400,1,-2.713200,0
2020-01-09,sh.601898,5.0200,5.0700,4.9900,5.0100,5.0200,19290101,96824058.0000,3,0.210800,1,-0.199200,0
2020-01-10,sh.601898,5.0200,5.0300,4.9500,4.9600,5.0100,12690312,63367348.0000,3,0.138700,1,-0.998000,0
2020-01-13,sh.601898,4.9600,4.9800,4.9200,4.9700,4.9600,13802112,68430571.0000,3,0.150800,1,0.201600,0
2020-01-14,sh.601898,4.9700,5.0400,4.9500,4.9500,4.9700,15849693,79053097.0000,3,0.173200,1,-0.402400,0
2020-01-15,sh.601898,4.9500,4.9600,4.8700,4.8800,4.9500,16343706,80061878.0000,3,0.178600,1,-1.414100,0
2020-01-16,sh.601898,4.8900,4.9000,4.8600,4.8700,4.8800,10500643,51167288.0000,3,0.114700,1,-0.204900,0
2020-01-17,sh.601898,4.8600,4.9000,4.8300,4.8400,4.8700,10366143,50371245.0000,3,0.113300,1,-0.616000,0
2020-01-20,sh.601898,4.9200,4.9200,4.8500,4.8800,4.8400,14927806,72728646.0000,3,0.163100,1,0.826400,0
2020-01-21,sh.601898,4.8800,4.8800,4.7900,4.8100,4.8800,16088421,77438242.0000,3,0.175800,1,-1.434400,0
2020-01-22,sh.601898,4.7800,4.8300,4.7300,4.7700,4.8100,20325864,96948895.0000,3,0.222100,1,-0.831600,0
2020-01-23,sh.601898,4.7400,4.7600,4.6300,4.6700,4.7700,18237587,85531319.0000,3,0.199300,1,-2.096400,0
2020-02-03,sh.601898,4.2000,4.2900,4.2000,4.2000,4.6700,22453100,94748704.0000,3,0.245300,1,-10.064200,0
2020-02-04,sh.601898,4.1700,4.2600,4.1400,4.2600,4.2000,27643333,116584381.0000,3,0.302000,1,1.428600,0
2020-02-05,sh.601898,4.2500,4.3400,4.2200,4.3000,4.2600,22755380,97628042.0000,3,0.248600,1,0.939000,0
2020-02-06,sh.601898,4.3100,4.3600,4.2600,4.3600,4.3000,24367116,104730482.0000,3,0.266200,1,1.395300,0
2020-02-07,sh.601898,4.3300,4.3300,4.2700,4.3000,4.3600,19087891,82034721.0000,3,0.208600,1,-1.376100,0
2020-02-10,sh.601898,4.2700,4.3600,4.2700,4.3600,4.3000,16684841,72100809.0000,3,0.182300,1,1.395300,0
2020-02-11,sh.601898,4.3400,4.4800,4.3300,4.3900,4.3600,22397356,98589297.0000,3,0.244700,1,0.688100,0
2020-02-12,sh.601898,4.3900,4.4100,4.3400,4.4100,4.3900,14465718,63252796.0000,3,0.158100,1,0.455600,0
2020-02-13,sh.601898,4.3900,4.4200,4.3500,4.3700,4.4100,13360734,58503102.0000,3,0.146000,1,-0.907000,0
2020-02-14,sh.601898,4.3500,4.4000,4.3400,4.3800,4.3700,9996504,43706747.0000,3,0.109200,1,0.228800,0
2020-02-17,sh.601898,4.3800,4.4700,4.3700,4.4600,4.3800,18247060,80863399.0000,3,0.199400,1,1.826500,0
2020-02-18,sh.601898,4.4600,4.4800,4.4300,4.4500,4.4600,13827213,61534641.0000,3,0.151100,1,-0.224200,0
2020-02-19,sh.601898,4.4500,4.5400,4.4300,4.5100,4.4500,19067734,85840001.0000,3,0.208300,1,1.348300,0
2020-02-20,sh.601898,4.5100,4.5600,4.4800,4.5600,4.5100,12781808,57795688.0000,3,0.139700,1,1.108600,0
2020-02-21,sh.601898,4.5400,4.5900,4.5300,4.5600,4.5600,14362601,65389757.0000,3,0.156900,1,0.000000,0
2020-02-24,sh.601898,4.5200,4.5500,4.4600,4.4900,4.5600,13775985,61890250.0000,3,0.150500,1,-1.535100,0
2020-02-25,sh.601898,4.4000,4.4300,4.3200,4.3800,4.4900,21370899,93362567.0000,3,0.233500,1,-2.449900,0
2020-02-26,sh.601898,4.3300,4.5200,4.3300,4.4700,4.3800,22525982,100090457.0000,3,0.246100,1,2.054800,0
2020-02-27,sh.601898,4.4800,4.5100,4.4300,4.4600,4.4700,13581501,60636070.0000,3,0.148400,1,-0.223700,0
2020-02-28,sh.601898,4.4000,4.4200,4.2700,4.3100,4.4600,21711145,94245240.0000,3,0.237200,1,-3.363200,0
2020-03-02,sh.601898,4.3200,4.4400,4.3200,4.4400,4.3100,21970732,96642722.0000,3,0.240100,1,3.016200,0
2020-03-03,sh.601898,4.5200,4.5500,4.4300,4.4600,4.4400,21354513,95739076.0000,3,0.233300,1,0.450400,0
2020-03-04,sh.601898,4.4500,4.5000,4.4000,4.4900,4.4600,21922166,97444827.0000,3,0.239500,1,0.672600,0
2020-03-05,sh.601898,4.5200,4.5700,4.4900,4.5700,4.4900,29865142,135429000.0000,3,0.326300,1,1.781700,0
2020-03-06,sh.601898,4.5300,4.5300,4.4800,4.4900,4.5700,19586751,88232372.0000,3,0.214000,1,-1.750600,0
2020-03-09,sh.601898,4.4300,4.4300,4.3400,4.3600,4.4900,27160656,118859482.0000,3,0.296800,1,-2.895300,0
2020-03-10,sh.601898,4.3100,4.4500,4.3000,4.4400,4.3600,23229515,101789005.0000,3,0.253800,1,1.834900,0
2020-03-11,sh.601898,4.4300,4.4400,4.3800,4.3800,4.4400,12307722,54286428.0000,3,0.134500,1,-1.351400,0
2020-03-12,sh.601898,4.3400,4.3700,4.3000,4.3400,4.3800,14742205,63864040.0000,3,0.161100,1,-0.913200,0
2020-03-13,sh.601898,4.2400,4.2900,4.1800,4.2700,4.3400,24567892,103963408.0000,3,0.268400,1,-1.612900,0
2020-03-16,sh.601898,4.2900,4.3100,4.1800,4.2100,4.2700,21636251,91883476.0000,3,0.236400,1,-1.405200,0
2020-03-17,sh.601898,4.1800,4.2400,4.1500,4.1900,4.2100,18605908,77871772.0000,3,0.203300,1,-0.475100,0
2020-03-18,sh.601898,4.2100,4.2200,4.1100,4.1200,4.1900,16182812,67640844.0000,3,0.176800,1,-1.670600,0
2020-03-19,sh.601898,4.1100,4.1500,4.0000,4.0600,4.1200,18861121,76511687.0000,3,0.206100,1,-1.456300,0
2020-03-20,sh.601898,4.0800,4.1200,4.0400,4.1000,4.0600,12001748,48949801.0000,3,0.131100,1,0.985200,0
2020-03-23,sh.601898,4.0500,4.0700,4.0000,4.0100,4.1000,14656703,58988589.0000,3,0.160100,1,-2.195100,0
2020-03-24,sh.601898,4.0600,4.0700,3.9800,4.0400,4.0100,19071222,76783542.0000,3,0.208400,1,0.748100,0
2020-03-25,sh.601898,4.0800,4.0900,4.0500,4.0800,4.0400,16223684,65989523.0000,3,0.177300,1,0.990100,0
2020-03-26,sh.601898,4.0600,4.0700,4.0200,4.0400,4.0800,10533288,42560225.0000,3,0.115100,1,-0.980400,0
2020-03-27,sh.601898,4.0500,4.0900,4.0400,4.0500,4.0400,10953240,44472228.0000,3,0.119700,1,0.247500,0
2020-03-30,sh.601898,4.0300,4.0300,3.9700,3.9900,4.0500,18276764,72946624.0000,3,0.199700,1,-1.481500,0
2020-03-31,sh.601898,4.0100,4.0300,3.9800,3.9900,3.9900,11707453,46831686.0000,3,0.127900,1,0.000000,0
2020-04-01,sh.601898,3.9800,4.0200,3.9400,3.9500,3.9900,16406796,65285145.0000,3,0.179300,1,-1.002500,0
2020-04-02,sh.601898,3.9300,4.0100,3.8900,4.0000,3.9500,20157687,79378087.0000,3,0.220300,1,1.265800,0
2020-04-03,sh.601898,3.9800,4.0000,3.9300,3.9500,4.0000,14693117,58228269.0000,3,0.160500,1,-1.250000,0
2020-04-07,sh.601898,3.9800,4.0200,3.9800,4.0000,3.9500,20984144,83832251.0000,3,0.229300,1,1.265800,0
2020-04-08,sh.601898,3.9900,4.0200,3.9700,4.0000,4.0000,19743958,78875801.0000,3,0.215700,1,0.000000,0
2020-04-09,sh.601898,4.0200,4.0300,4.0000,4.0000,4.0000,12378100,49641898.0000,3,0.135300,1,0.000000,0
2020-04-10,sh.601898,4.0200,4.0200,3.9500,3.9600,4.0000,8973001,35712180.0000,3,0.098000,1,-1.000000,0
2020-04-13,sh.601898,3.9500,3.9500,3.9100,3.9400,3.9600,10610928,41748555.0000,3,0.115900,1,-0.505100,0
2020-04-14,sh.601898,3.9600,3.9900,3.9400,3.9800,3.9400,12202401,48369255.0000,3,0.133300,1,1.015200,0
2020-04-15,sh.601898,3.9800,3.9800,3.9300,3.9400,3.9800,9754300,38525879.0000,3,0.106600,1,-1.005000,0
2020-04-16,sh.601898,3.9400,3.9500,3.9200,3.9400,3.9400,5916512,23296893.0000,3,0.064600,1,0.000000,0
2020-04-17,sh.601898,3.9500,3.9700,3.9300,3.9500,3.9400,11005031,43493649.0000,3,0.120200,1,0.253800,0
2020-04-20,sh.601898,3.9500,3.9700,3.9300,3.9400,3.9500,8872929,34936140.0000,3,0.097000,1,-0.253200,0
2020-04-21,sh.601898,3.9300,3.9400,3.8700,3.8800,3.9400,13071681,50875328.0000,3,0.142800,1,-1.522800,0
2020-04-22,sh.601898,3.8500,3.9000,3.8300,3.8900,3.8800,11153999,43142740.0000,3,0.121900,1,0.257700,0
2020-04-23,sh.601898,3.8900,3.8900,3.8500,3.8600,3.8900,9978306,38535728.0000,3,0.109000,1,-0.771200,0
2020-04-24,sh.601898,3.8500,3.8900,3.8400,3.8500,3.8600,8701605,33602262.0000,3,0.095100,1,-0.259100,0
2020-04-27,sh.601898,3.8300,3.8700,3.8300,3.8400,3.8500,6465526,24873808.0000,3,0.070600,1,-0.259700,0
2020-04-28,sh.601898,3.8400,3.8500,3.7300,3.7600,3.8400,10131919,38288953.0000,3,0.110700,1,-2.083300,0
2020-04-29,sh.601898,3.7500,3.7900,3.7300,3.7600,3.7600,7820543,29454050.0000,3,0.085500,1,0.000000,0
2020-04-30,sh.601898,3.7800,3.8300,3.7800,3.8200,3.7600,8882113,33803798.0000,3,0.097100,1,1.595700,0
2020-05-06,sh.601898,3.7800,3.8400,3.7800,3.8300,3.8200,8032130,30583858.0000,3,0.087800,1,0.261800,0
2020-05-07,sh.601898,3.8400,3.8400,3.7900,3.7900,3.8300,9350031,35601270.0000,3,0.102200,1,-1.044400,0
2020-05-08,sh.601898,3.8000,3.8200,3.7900,3.8100,3.7900,7805280,29720752.0000,3,0.085300,1,0.527700,0
2020-05-11,sh.601898,3.8100,3.8300,3.8000,3.8200,3.8100,7579435,28920077.0000,3,0.082800,1,0.262500,0
2020-05-12,sh.601898,3.8000,3.8100,3.7700,3.7800,3.8200,10335917,39139934.0000,3,0.112900,1,-1.047100,0
2020-05-13,sh.601898,3.7800,3.7800,3.7500,3.7700,3.7800,6221198,23401810.0000,3,0.068000,1,-0.264600,0
2020-05-14,sh.601898,3.7600,3.7800,3.7500,3.7600,3.7700,6859401,25790457.0000,3,0.074900,1,-0.265300,0
2020-05-15,sh.601898,3.7700,3.7800,3.7500,3.7500,3.7600,5600673,21060678.0000,3,0.061200,1,-0.266000,0
2020-05-18,sh.601898,3.7500,3.8000,3.7400,3.7700,3.7500,8267983,31179348.0000,3,0.090300,1,0.533300,0
2020-05-19,sh.601898,3.7800,3.8300,3.7800,3.8100,3.7700,10035790,38271346.0000,3,0.109700,1,1.061000,0
2020-05-20,sh.601898,3.8100,3.8300,3.7800,3.8000,3.8100,9171289,34912928.0000,3,0.100200,1,-0.262500,0
2020-05-21,sh.601898,3.8000,3.8200,3.7300,3.7500,3.8000,10955465,41385305.0000,3,0.119700,1,-1.315800,0
2020-05-22,sh.601898,3.7600,3.7600,3.6800,3.6900,3.7500,12172100,45173197.0000,3,0.133000,1,-1.600000,0
2020-05-25,sh.601898,3.6900,3.7200,3.6800,3.7000,3.6900,8485315,31392807.0000,3,0.092700,1,0.271000,0
2020-05-26,sh.601898,3.7100,3.7600,3.6900,3.7300,3.7000,11306173,42086455.0000,3,0.123500,1,0.810800,0
2020-05-27,sh.601898,3.7400,3.8700,3.7200,3.8300,3.7300,26128482,99678540.0000,3,0.285500,1,2.681000,0
2020-05-28,sh.601898,3.8400,3.8700,3.8200,3.8400,3.8300,12424588,47775503.0000,3,0.135800,1,0.261100,0
2020-05-29,sh.601898,3.8400,3.8400,3.7800,3.7900,3.8400,11425851,43427396.0000,3,0.124800,1,-1.302100,0
2020-06-01,sh.601898,3.7800,3.8400,3.7800,3.8300,3.7900,11485202,43899107.0000,3,0.125500,1,1.055400,0
2020-06-02,sh.601898,3.8300,3.8700,3.8200,3.8600,3.8300,10714776,41197237.0000,3,0.117100,1,0.783300,0
2020-06-03,sh.601898,3.8600,3.9100,3.8500,3.8700,3.8600,13924256,54119145.0000,3,0.152100,1,0.259100,0
2020-06-04,sh.601898,3.8800,3.8800,3.8400,3.8500,3.8700,7079700,27342626.0000,3,0.077400,1,-0.516800,0
2020-06-05,sh.601898,3.8600,3.8700,3.8200,3.8300,3.8500,7507156,28789622.0000,3,0.082000,1,-0.519500,0
2020-06-08,sh.601898,3.8400,3.8700,3.8300,3.8400,3.8300,8689302,33464267.0000,3,0.094900,1,0.261100,0
2020-06-09,sh.601898,3.8500,3.8600,3.8300,3.8600,3.8400,6448206,24821105.0000,3,0.070500,1,0.520800,0
2020-06-10,sh.601898,3.8300,3.8500,3.8200,3.8300,3.8600,5376390,20598693.0000,3,0.058700,1,-0.777200,0
2020-06-11,sh.601898,3.8200,3.8200,3.7700,3.7800,3.8300,8681242,32978033.0000,3,0.094900,1,-1.305500,0
2020-06-12,sh.601898,3.7600,3.7800,3.7300,3.7500,3.7800,8102551,30399545.0000,3,0.088500,1,-0.793700,0
2020-06-15,sh.601898,3.7300,3.7600,3.7200,3.7300,3.7500,7758839,29021523.0000,3,0.084800,1,-0.533300,0
2020-06-16,sh.601898,3.7500,3.7800,3.7500,3.7700,3.7300,7779147,29268627.0000,3,0.085000,1,1.072400,0
2020-06-17,sh.601898,3.7800,3.8500,3.7500,3.8300,3.7700,11071245,42273902.0000,3,0.121000,1,1.591500,0
2020-06-18,sh.601898,3.8200,3.9800,3.8000,3.9300,3.8300,23858965,93349178.0000,3,0.260700,1,2.611000,0
2020-06-19,sh.601898,3.9300,3.9600,3.8800,3.8900,3.9300,13262459,51854024.0000,3,0.144900,1,-1.017800,0
2020-06-22,sh.601898,3.9000,3.9300,3.8700,3.8700,3.8900,8606033,33429940.0000,3,0.094000,1,-0.514100,0
2020-06-23,sh.601898,3.8700,3.8800,3.8300,3.8500,3.8700,7350500,28307206.0000,3,0.080300,1,-0.516800,0
2020-06-24,sh.601898,3.8600,3.8700,3.8400,3.8500,3.8500,5767108,22220938.0000,3,0.063000,1,0.000000,0
2020-06-29,sh.601898,3.8400,3.8400,3.7600,3.7700,3.8500,10297603,39097893.0000,3,0.112500,1,-2.077900,0
2020-06-30,sh.601898,3.8000,3.8100,3.7800,3.8000,3.7700,6660440,25296979.0000,3,0.072800,1,0.795800,0
2020-07-01,sh.601898,3.8000,3.9000,3.7900,3.8900,3.8000,11960318,45887192.0000,3,0.130700,1,2.368400,0
2020-07-02,sh.601898,3.8800,4.0000,3.8600,3.9900,3.8900,27298749,107718272.0000,3,0.298300,1,2.570700,0
2020-07-03,sh.601898,4.0100,4.1800,4.0000,4.1300,3.9900,40203253,164685565.0000,3,0.439300,1,3.508800,0
2020-07-06,sh.601898,4.2000,4.4700,4.1900,4.4500,4.1300,58075193,249995292.0000,3,0.634600,1,7.748200,0
2020-07-07,sh.601898,4.4000,4.4300,4.1900,4.2200,4.3200,53027728,226785316.0000,3,0.579400,1,-2.314800,0
2020-07-08,sh.601898,4.2000,4.3300,4.1600,4.3000,4.2200,39044325,166117411.0000,3,0.426600,1,1.895700,0
2020-07-09,sh.601898,4.3300,4.4800,4.2300,4.3900,4.3000,45047587,195381070.0000,3,0.492200,1,2.093000,0
2020-07-10,sh.601898,4.3500,4.3600,4.2100,4.2200,4.3900,28495605,121760643.0000,3,0.311400,1,-3.872400,0
2020-07-13,sh.601898,4.2200,4.3400,4.2100,4.3000,4.2200,30722553,131636882.0000,3,0.335700,1,1.895700,0
2020-07-14,sh.601898,4.3100,4.3800,4.2200,4.2800,4.3000,24826142,106486863.0000,3,0.271300,1,-0.465100,0
2020-07-15,sh.601898,4.3200,4.3300,4.1600,4.1800,4.2800,17862629,75520174.0000,3,0.195200,1,-2.336500,0
2020-07-16,sh.601898,4.1700,4.2400,4.0600,4.0900,4.1800,17938534,74344137.0000,3,0.196000,1,-2.153100,0
2020-07-17,sh.601898,4.0800,4.1000,4.0000,4.0300,4.0900,14282307,57907622.0000,3,0.156100,1,-1.467000,0
2020-07-20,sh.601898,4.0500,4.2100,4.0400,4.2000,4.0300,19098144,78996809.0000,3,0.208700,1,4.218400,0
2020-07-21,sh.601898,4.2000,4.2700,4.1300,4.1700,4.2000,14674461,61423228.2600,3,0.160300,1,-0.714300,0
2020-07-22,sh.601898,4.1400,4.2400,4.1400,4.1600,4.1700,15941951,66702318.5300,3,0.174200,1,-0.239800,0
2020-07-23,sh.601898,4.1200,4.2500,4.0900,4.2200,4.1600,26464374,110813778.1200,3,0.289200,1,1.442300,0
2020-07-24,sh.601898,4.2000,4.2300,4.0700,4.0700,4.2200,19901944,82460117.0100,3,0.217500,1,-3.554500,0
2020-07-27,sh.601898,4.1100,4.1200,4.0300,4.0700,4.0700,9171661,37336876.6400,3,0.100200,1,0.000000,0
2020-07-28,sh.601898,4.1100,4.1600,4.0700,4.1100,4.0700,9784672,40250094.8000,3,0.106900,1,0.982800,0
2020-07-29,sh.601898,4.0800,4.1700,4.0500,4.1500,4.1100,11519852,47521944.7400,3,0.125900,1,0.973200,0
2020-07-30,sh.601898,4.1700,4.1900,4.1300,4.1600,4.1500,8832840,36707229.1800,3,0.096500,1,0.241000,0
2020-07-31,sh.601898,4.1500,4.1800,4.1000,4.1300,4.1600,15048253,62250942.2700,3,0.164400,1,-0.721200,0
2020-08-03,sh.601898,4.1300,4.1700,4.1100,4.1600,4.1300,23208691,96048664.4200,3,0.253600,1,0.726400,0
2020-08-04,sh.601898,4.1700,4.1800,4.1100,4.1500,4.1600,20976952,86896439.4500,3,0.229200,1,-0.240400,0
2020-08-05,sh.601898,4.1600,4.1600,4.0800,4.1100,4.1500,19558634,80310632.1300,3,0.213700,1,-0.963900,0
2020-08-06,sh.601898,4.1200,4.1300,4.0600,4.1100,4.1100,15911874,65079669.7600,3,0.173900,1,0.000000,0
2020-08-07,sh.601898,4.1100,4.1100,4.0300,4.0500,4.1100,14299946,58178083.2100,3,0.156200,1,-1.459900,0
2020-08-10,sh.601898,4.0400,4.1100,4.0300,4.1000,4.0500,14548312,59473640.7700,3,0.159000,1,1.234600,0
2020-08-11,sh.601898,4.1100,4.1300,4.0500,4.0600,4.1000,12045353,49393136.5400,3,0.131600,1,-0.975600,0
2020-08-12,sh.601898,4.0500,4.0800,3.9900,4.0500,4.0600,16281303,65607367.3200,3,0.177900,1,-0.246300,0
2020-08-13,sh.601898,4.0600,4.1000,4.0500,4.0900,4.0500,11791404,48175781.0600,3,0.128800,1,0.987700,0
2020-08-14,sh.601898,4.0700,4.1100,4.0500,4.1000,4.0900,8591219,35037697.7700,3,0.093900,1,0.244500,0
2020-08-17,sh.601898,4.1000,4.1800,4.0800,4.1700,4.1000,17976918,74515291.4900,3,0.196400,1,1.707300,0
2020-08-18,sh.601898,4.1900,4.2700,4.1800,4.2200,4.1700,24255498,102554006.6100,3,0.265000,1,1.199000,0
2020-08-19,sh.601898,4.2300,4.2700,4.1700,4.2100,4.2200,17561546,74130082.7100,3,0.191900,1,-0.237000,0
2020-08-20,sh.601898,4.1900,4.2200,4.1100,4.1200,4.2100,14461083,60165561.7300,3,0.158000,1,-2.137800,0
2020-08-21,sh.601898,4.1500,4.1600,4.0900,4.1300,4.1200,9991695,41240586.9600,3,0.109200,1,0.242700,0
2020-08-24,sh.601898,4.1000,4.1400,4.0900,4.1200,4.1300,8710138,35861039.5300,3,0.095200,1,-0.242100,0
2020-08-25,sh.601898,4.1200,4.1300,4.0700,4.0700,4.1200,8849305,36242189.5500,3,0.096700,1,-1.213600,0
2020-08-26,sh.601898,4.0700,4.1100,4.0400,4.0500,4.0700,6707090,27276852.8000,3,0.073300,1,-0.491400,0
2020-08-27,sh.601898,4.0600,4.0900,4.0400,4.0600,4.0500,5636098,22877771.2400,3,0.061600,1,0.246900,0
2020-08-28,sh.601898,4.0500,4.1100,4.0400,4.1100,4.0600,7345521,29956239.3600,3,0.080300,1,1.231500,0
2020-08-31,sh.601898,4.1100,4.1500,4.0800,4.0900,4.1100,9836274,40554385.7800,3,0.107500,1,-0.486600,0
2020-09-01,sh.601898,4.0700,4.1200,4.0700,4.1100,4.0900,7118308,29167073.9400,3,0.077800,1,0.489000,0
2020-09-02,sh.601898,4.1300,4.1400,4.0700,4.1000,4.1100,7217953,29554802.5200,3,0.078900,1,-0.243300,0
2020-09-03,sh.601898,4.1000,4.1700,4.0600,4.1100,4.1000,14938955,61658930.9200,3,0.163200,1,0.243900,0
2020-09-04,sh.601898,4.0700,4.1000,4.0300,4.0900,4.1100,10452090,42473179.6100,3,0.114200,1,-0.486600,0
2020-09-07,sh.601898,4.1000,4.1100,4.0400,4.0500,4.0900,9577323,39017594.5900,3,0.104600,1,-0.978000,0
2020-09-08,sh.601898,4.0300,4.1500,4.0300,4.1400,4.0500,13560448,55510147.1800,3,0.148200,1,2.222200,0
2020-09-09,sh.601898,4.1000,4.2200,4.0900,4.1500,4.1400,25819850,107513481.0000,3,0.282100,1,0.241500,0
2020-09-10,sh.601898,4.1800,4.2400,4.1100,4.1200,4.1500,23038656,96397226.5800,3,0.251700,1,-0.722900,0
2020-09-11,sh.601898,4.1200,4.1400,4.0300,4.0600,4.1200,13537248,55055049.4800,3,0.147900,1,-1.456300,0
2020-09-14,sh.601898,4.0700,4.0800,4.0400,4.0600,4.0600,7803311,31642159.5500,3,0.085300,1,0.000000,0
2020-09-15,sh.601898,4.0500,4.0700,4.0300,4.0500,4.0600,5612319,22697595.7600,3,0.061300,1,-0.246300,0
2020-09-16,sh.601898,4.0400,4.0900,4.0300,4.0700,4.0500,5944135,24151902.4000,3,0.064900,1,0.493800,0
2020-09-17,sh.601898,4.0700,4.0900,4.0400,4.0500,4.0700,6715900,27293817.0000,3,0.073400,1,-0.491400,0
2020-09-18,sh.601898,4.0500,4.1500,4.0300,4.1300,4.0500,18510114,75819811.2200,3,0.202300,1,1.975300,0
2020-09-21,sh.601898,4.1400,4.1700,4.1100,4.1300,4.1300,13367483,55342151.6500,3,0.146100,1,0.000000,0
2020-09-22,sh.601898,4.1000,4.1200,4.0300,4.0400,4.1300,18069727,73414557.0600,3,0.197400,1,-2.179200,0
2020-09-23,sh.601898,4.0500,4.0700,3.9800,4.0000,4.0400,16917090,67823123.9700,3,0.184800,1,-0.990100,0
2020-09-24,sh.601898,3.9900,3.9900,3.9100,3.9200,4.0000,10839907,42677077.7400,3,0.118400,1,-2.000000,0
2020-09-25,sh.601898,3.9400,3.9600,3.9100,3.9300,3.9200,5329194,20964805.7000,3,0.058200,1,0.255100,0
2020-09-28,sh.601898,3.9500,4.0200,3.9400,3.9900,3.9300,11021097,43952807.3500,3,0.120400,1,1.526700,0
2020-09-29,sh.601898,4.0000,4.0000,3.9500,3.9700,3.9900,7088680,28165844.9100,3,0.077500,1,-0.501300,0
2020-09-30,sh.601898,3.9600,3.9800,3.9100,3.9300,3.9700,7952065,31359241.2700,3,0.086900,1,-1.007600,0
2020-10-09,sh.601898,3.9600,4.0200,3.9500,3.9900,3.9300,9940407,39664750.8600,3,0.108600,1,1.526700,0
2020-10-12,sh.601898,4.0000,4.0800,3.9900,4.0700,3.9900,15394617,62289388.1900,3,0.168200,1,2.005000,0
2020-10-13,sh.601898,4.0800,4.1000,4.0500,4.0600,4.0700,8839897,35975387.8200,3,0.096600,1,-0.245700,0
2020-10-14,sh.601898,4.0500,4.0900,4.0300,4.0600,4.0600,8418130,34187871.7900,3,0.092000,1,0.000000,0
2020-10-15,sh.601898,4.0400,4.1600,4.0300,4.1100,4.0600,17170447,70529876.1900,3,0.187600,1,1.231500,0
2020-10-16,sh.601898,4.1100,4.2200,4.0900,4.1800,4.1100,24437890,101938347.8500,3,0.267000,1,1.703200,0
2020-10-19,sh.601898,4.1800,4.1900,4.0600,4.0800,4.1800,15814870,65236517.7100,3,0.172800,1,-2.392300,0
2020-10-20,sh.601898,4.0600,4.1000,4.0500,4.0700,4.0800,7672413,31215750.9000,3,0.083800,1,-0.245100,0
2020-10-21,sh.601898,4.0800,4.0900,4.0400,4.0700,4.0700,6635373,26942069.6100,3,0.072500,1,0.000000,0
2020-10-22,sh.601898,4.0700,4.0900,4.0400,4.0700,4.0700,7288400,29657285.0400,3,0.079600,1,0.000000,0
2020-10-23,sh.601898,4.0600,4.0800,4.0400,4.0500,4.0700,5778811,23459876.7700,3,0.063100,1,-0.491400,0
2020-10-26,sh.601898,4.0400,4.0600,4.0100,4.0100,4.0500,5271687,21191441.8700,3,0.057600,1,-0.987700,0
2020-10-27,sh.601898,3.9900,4.0200,3.9500,3.9700,4.0100,9851655,39153432.1900,3,0.107600,1,-0.997500,0
2020-10-28,sh.601898,3.9700,3.9900,3.9300,3.9800,3.9700,6624133,26221561.0200,3,0.072400,1,0.251900,0
2020-10-29,sh.601898,3.9500,3.9800,3.9200,3.9600,3.9800,6686693,26413520.7100,3,0.073100,1,-0.502500,0
2020-10-30,sh.601898,3.9700,4.0200,3.9100,3.9300,3.9600,9894807,39182298.3900,3,0.108100,1,-0.757600,0
2020-11-02,sh.601898,3.9300,3.9600,3.9200,3.9400,3.9300,8692070,34222656.1500,3,0.095000,1,0.254500,0
2020-11-03,sh.601898,3.9400,4.1500,3.9400,4.0700,3.9400,16617283,66883899.9900,3,0.181600,1,3.299500,0
2020-11-04,sh.601898,4.0700,4.0900,4.0000,4.0200,4.0700,13674564,55015010.2200,3,0.149400,1,-1.228500,0
2020-11-05,sh.601898,4.0300,4.0600,4.0100,4.0500,4.0200,10020792,40420268.9800,3,0.109500,1,0.746300,0
2020-11-06,sh.601898,4.0600,4.1200,4.0500,4.1100,4.0500,19083872,78155911.1700,3,0.208500,1,1.481500,0
2020-11-09,sh.601898,4.1400,4.1900,4.1100,4.1600,4.1100,22129929,92072956.7700,3,0.241800,1,1.216500,0
2020-11-10,sh.601898,4.2500,4.2500,4.1200,4.1400,4.1600,16989115,70797464.2400,3,0.185600,1,-0.480800,0
2020-11-11,sh.601898,4.1400,4.2500,4.1300,4.2000,4.1400,28606830,120546770.0800,3,0.312600,1,1.449300,0
2020-11-12,sh.601898,4.2100,4.2400,4.1600,4.1900,4.2000,17230621,72241968.8500,3,0.188300,1,-0.238100,0
2020-11-13,sh.601898,4.2000,4.2100,4.1100,4.1400,4.1900,12077428,50114847.7600,3,0.132000,1,-1.193300,0
2020-11-16,sh.601898,4.1600,4.3100,4.1500,4.2900,4.1400,30320739,129443635.8400,3,0.331300,1,3.623200,0
2020-11-17,sh.601898,4.3000,4.3400,4.2100,4.2400,4.2900,24814720,106046493.6400,3,0.271100,1,-1.165500,0
2020-11-18,sh.601898,4.2400,4.3000,4.2100,4.2700,4.2400,19240401,81918285.2100,3,0.210200,1,0.707500,0
2020-11-19,sh.601898,4.2600,4.3000,4.2000,4.2300,4.2700,14486328,61293224.5000,3,0.158300,1,-0.936800,0
2020-11-20,sh.601898,4.2300,4.2900,4.1700,4.2800,4.2300,17484577,74285062.8700,3,0.191000,1,1.182000,0
2020-11-23,sh.601898,4.3000,4.5500,4.2800,4.4900,4.2800,58469576,259496571.6700,3,0.638900,1,4.906500,0
2020-11-24,sh.601898,4.4700,4.5400,4.3800,4.4700,4.4900,33569415,149609440.4900,3,0.366800,1,-0.445400,0
2020-11-25,sh.601898,4.5100,4.6100,4.4200,4.4300,4.4700,41244288,186235485.0200,3,0.450700,1,-0.894900,0
2020-11-26,sh.601898,4.4500,4.4800,4.3500,4.3800,4.4300,26192109,115593597.3600,3,0.286200,1,-1.128700,0
2020-11-27,sh.601898,4.4000,4.4700,4.3200,4.4400,4.3800,21626812,95020900.0700,3,0.236300,1,1.369900,0
2020-11-30,sh.601898,4.4600,4.5900,4.4500,4.4500,4.4400,37850467,171197340.2400,3,0.413600,1,0.225200,0
2020-12-01,sh.601898,4.4600,4.5100,4.3900,4.4600,4.4500,27893133,123983599.7400,3,0.304800,1,0.224700,0
2020-12-02,sh.601898,4.4600,4.5900,4.4500,4.5800,4.4600,40460146,183245528.8100,3,0.442100,1,2.690600,0
2020-12-03,sh.601898,4.5800,4.5900,4.3800,4.4000,4.5800,33432148,149388014.4300,3,0.365300,1,-3.930100,0
2020-12-04,sh.601898,4.4200,4.4200,4.3300,4.4000,4.4000,16799202,73498472.2400,3,0.183600,1,0.000000,0
2020-12-07,sh.601898,4.4000,4.4600,4.2900,4.3100,4.4000,18983713,82762476.1500,3,0.207400,1,-2.045500,0
2020-12-08,sh.601898,4.3000,4.3200,4.2500,4.2700,4.3100,14990753,64172266.7600,3,0.163800,1,-0.928100,0
2020-12-09,sh.601898,4.2900,4.4200,4.2800,4.3200,4.2700,25735611,112132044.6700,3,0.281200,1,1.171000,0
2020-12-10,sh.601898,4.3400,4.5300,4.3400,4.3900,4.3200,38185446,168499520.9100,3,0.417200,1,1.620400,0
2020-12-11,sh.601898,4.4300,4.5000,4.2900,4.4200,4.3900,39785232,174295543.2000,3,0.434700,1,0.683400,0
2020-12-14,sh.601898,4.3100,4.3500,4.1200,4.1600,4.4200,38273921,159731781.2900,3,0.418200,1,-5.882400,0
2020-12-15,sh.601898,4.1700,4.1700,4.0800,4.1100,4.1600,17642804,72549595.6900,3,0.192800,1,-1.201900,0
2020-12-16,sh.601898,4.1400,4.1800,4.1000,4.1100,4.1100,16398357,67873754.7300,3,0.179200,1,0.000000,0
2020-12-17,sh.601898,4.1100,4.3600,4.1000,4.3200,4.1100,35420174,150062334.0000,3,0.387000,1,5.109500,0
2020-12-18,sh.601898,4.4000,4.6000,4.3800,4.5600,4.3200,65341326,295332336.8900,3,0.714000,1,5.555600,0
2020-12-21,sh.601898,4.5800,4.6000,4.4700,4.5500,4.5600,42732121,194292371.0500,3,0.466900,1,-0.219300,0
2020-12-22,sh.601898,4.5300,4.5400,4.3000,4.3000,4.5500,36788667,162429465.2900,3,0.402000,1,-5.494500,0
2020-12-23,sh.601898,4.3200,4.4800,4.3100,4.4000,4.3000,24749385,109111199.6400,3,0.270400,1,2.325600,0
2020-12-24,sh.601898,4.4400,4.5000,4.3500,4.4400,4.4000,24543131,108640237.1500,3,0.268200,1,0.909100,0
2020-12-25,sh.601898,4.4200,4.5600,4.3600,4.5300,4.4400,27792055,124780975.4800,3,0.303700,1,2.027000,0
2020-12-28,sh.601898,4.5100,4.6200,4.4800,4.5500,4.5300,30663416,139321621.6900,3,0.335000,1,0.441500,0
2020-12-29,sh.601898,4.5300,4.5500,4.3500,4.3700,4.5500,24743970,109149492.4100,3,0.270400,1,-3.956000,0
2020-12-30,sh.601898,4.3300,4.5600,4.3300,4.4900,4.3700,28357963,126789723.3000,3,0.309900,1,2.746000,0
2020-12-31,sh.601898,4.4600,4.5500,4.3900,4.4500,4.4900,27320252,121951116.0200,3,0.298500,1,-0.890900,0
2021-01-04,sh.601898,4.4300,4.5000,4.3800,4.4200,4.4500,33740545,149520713.4100,3,0.368700,1,-0.674200,0
2021-01-05,sh.601898,4.4200,4.4200,4.2300,4.3200,4.4200,35146120,150923858.9600,3,0.384000,1,-2.262400,0
2021-01-06,sh.601898,4.3000,4.3500,4.2600,4.3100,4.3200,21768457,93529924.7200,3,0.237900,1,-0.231500,0
2021-01-07,sh.601898,4.2900,4.7400,4.2800,4.7400,4.3100,123193917,573277773.3600,3,1.346100,1,9.976800,0
2021-01-08,sh.601898,4.7900,5.0200,4.6500,4.7400,4.7400,124563019,594241812.4500,3,1.361000,1,0.000000,0
2021-01-11,sh.601898,4.6500,4.6600,4.4300,4.4400,4.7400,72355271,329502514.8700,3,0.790600,1,-6.329100,0
2021-01-12,sh.601898,4.4600,4.8800,4.4500,4.7400,4.4400,77384488,366369319.9300,3,0.845500,1,6.756800,0
2021-01-13,sh.601898,4.6400,4.9100,4.5700,4.8200,4.7400,70555641,334175324.4300,3,0.770900,1,1.687800,0
2021-01-14,sh.601898,4.7700,4.7700,4.6200,4.6300,4.8200,48854857,228173231.5600,3,0.533800,1,-3.941900,0
2021-01-15,sh.601898,4.6900,4.9300,4.6800,4.7100,4.6300,64461132,308229629.4700,3,0.704300,1,1.727900,0
2021-01-18,sh.601898,4.6900,4.6900,4.5100,4.6300,4.7100,43404333,200155243.6500,3,0.474300,1,-1.698500,0
2021-01-19,sh.601898,4.6900,4.7700,4.5300,4.5400,4.6300,52140605,240838423.1700,3,0.569700,1,-1.943800,0
2021-01-20,sh.601898,4.5000,4.5000,4.3800,4.4600,4.5400,41276456,182813121.6500,3,0.451000,1,-1.762100,0
2021-01-21,sh.601898,4.4400,4.5700,4.4100,4.5000,4.4600,36223394,163513822.2800,3,0.395800,1,0.896900,0
2021-01-22,sh.601898,4.5000,4.5000,4.3400,4.3500,4.5000,32342482,141838421.5000,3,0.353400,1,-3.333300,0
2021-01-25,sh.601898,4.3000,4.3900,4.2600,4.3800,4.3500,20863735,90102039.7800,3,0.228000,1,0.689700,0
2021-01-26,sh.601898,4.3600,4.4700,4.3000,4.3200,4.3800,26071435,114015986.8500,3,0.284900,1,-1.369900,0
2021-01-27,sh.601898,4.3100,4.3900,4.2900,4.3300,4.3200,21147379,91644860.5800,3,0.231100,1,0.231500,0
2021-01-28,sh.601898,4.2800,4.2900,4.1400,4.1600,4.3300,24483982,103094029.7500,3,0.267500,1,-3.926100,0
2021-01-29,sh.601898,4.1800,4.1900,4.0000,4.0300,4.1600,24366633,99683660.7200,3,0.266200,1,-3.125000,0
2021-02-01,sh.601898,4.0400,4.0800,4.0000,4.0800,4.0300,15253388,61740903.3300,3,0.166700,1,1.240700,0
2021-02-02,sh.601898,4.0800,4.0800,3.9700,4.0000,4.0800,19254281,77295914.2500,3,0.210400,1,-1.960800,0
2021-02-03,sh.601898,4.0100,4.0200,3.9000,3.9700,4.0000,17233226,68119240.5600,3,0.188300,1,-0.750000,0
2021-02-04,sh.601898,3.9600,4.0100,3.8000,3.8700,3.9700,21812861,84614627.1700,3,0.238300,1,-2.518900,0
2021-02-05,sh.601898,3.8800,3.9500,3.8100,3.8200,3.8700,17375795,67203532.9500,3,0.189900,1,-1.292000,0
2021-02-08,sh.601898,3.8300,3.8800,3.8000,3.8600,3.8200,11039596,42555664.9300,3,0.120600,1,1.047100,0
2021-02-09,sh.601898,3.8600,4.0100,3.8600,3.9800,3.8600,20518233,81092841.0000,3,0.224200,1,3.108800,0
2021-02-10,sh.601898,3.9800,4.0200,3.9500,3.9800,3.9800,13393153,53306358.2800,3,0.146300,1,0.000000,0
2021-02-18,sh.601898,4.0700,4.1900,4.0500,4.1500,3.9800,27808660,114602661.3000,3,0.303900,1,4.271400,0
2021-02-19,sh.601898,4.1200,4.2500,4.1100,4.2400,4.1500,28574640,119596645.3400,3,0.312200,1,2.168700,0
2021-02-22,sh.601898,4.4600,4.6600,4.4600,4.6600,4.2400,76848468,354428613.2400,3,0.839700,1,9.905700,0
2021-02-23,sh.601898,4.4100,4.7500,4.4100,4.6000,4.6600,84627361,392102512.3000,3,0.924700,1,-1.287600,0
2021-02-24,sh.601898,4.6100,4.8000,4.5800,4.6500,4.6000,47838957,224411998.1200,3,0.522700,1,1.087000,0
2021-02-25,sh.601898,4.7500,5.0700,4.7400,4.9500,4.6500,93732048,463192024.0800,3,1.024200,1,6.451600,0
2021-02-26,sh.601898,4.7800,5.0400,4.7300,4.9900,4.9500,70453015,347126406.8200,3,0.769800,1,0.808100,0
2021-03-01,sh.601898,5.1000,5.1500,4.9100,5.0600,4.9900,53358951,268361146.2300,3,0.583000,1,1.402800,0
2021-03-02,sh.601898,5.0100,5.3700,4.9900,5.1200,5.0600,66689600,344679391.7300,3,0.728700,1,1.185800,0
2021-03-03,sh.601898,5.0800,5.2200,5.0500,5.1900,5.1200,43449762,223401073.5900,3,0.474800,1,1.367200,0
2021-03-04,sh.601898,5.1600,5.3300,5.1100,5.1800,5.1900,54072744,283350671.5800,3,0.590800,1,-0.192700,0
2021-03-05,sh.601898,5.1800,5.2400,5.0000,5.0800,5.1800,40383658,205746237.3800,3,0.441300,1,-1.930500,0
2021-03-08,sh.601898,5.1500,5.3400,5.0900,5.1100,5.0800,42307701,219901338.1900,3,0.462300,1,0.590600,0
2021-03-09,sh.601898,5.1600,5.2500,4.9900,5.0900,5.1100,34428673,176517556.0800,3,0.376200,1,-0.391400,0
2021-03-10,sh.601898,5.0900,5.1200,4.9300,4.9900,5.0900,31320240,156856544.0100,3,0.342200,1,-1.964600,0
2021-03-11,sh.601898,5.0600,5.1600,4.9900,5.1600,4.9900,29714423,150782437.2700,3,0.324700,1,3.406800,0
2021-03-12,sh.601898,5.1600,5.4400,5.0100,5.3500,5.1600,77175024,407853067.3500,3,0.843300,1,3.682200,0
2021-03-15,sh.601898,5.3000,5.4000,5.1600,5.3700,5.3500,52934891,280240217.7700,3,0.578400,1,0.373800,0
2021-03-16,sh.601898,5.3600,5.3600,5.0900,5.2600,5.3700,45229214,235416987.1000,3,0.494200,1,-2.048400,0
2021-03-17,sh.601898,5.2000,5.2000,5.0600,5.1700,5.2600,24273340,124667593.1800,3,0.265200,1,-1.711000,0
2021-03-18,sh.601898,5.2000,5.2200,5.1100,5.1400,5.1700,17385652,89709902.7500,3,0.190000,1,-0.580300,0
2021-03-19,sh.601898,5.0900,5.5900,5.0700,5.4700,5.1400,79022647,427409043.2700,3,0.863400,1,6.420200,0
2021-03-22,sh.601898,5.3900,5.5500,5.2900,5.4700,5.4700,49970765,270423924.5000,3,0.546000,1,0.000000,0
2021-03-23,sh.601898,5.4500,5.4600,5.1800,5.2800,5.4700,39986392,210481859.4400,3,0.436900,1,-3.473500,0
2021-03-24,sh.601898,5.2500,5.3400,5.0800,5.3000,5.2800,36980142,192530285.4600,3,0.404100,1,0.378800,0
2021-03-25,sh.601898,5.2600,5.8300,5.2100,5.8300,5.3000,93100067,530166108.0000,3,1.017300,1,10.000000,0
2021-03-26,sh.601898,5.8900,5.9600,5.7800,5.8400,5.8300,75571967,443083311.4900,3,0.825700,1,0.171500,0
2021-03-29,sh.601898,5.8600,6.3900,5.8600,6.3500,5.8400,95037961,587668805.0300,3,1.038400,1,8.732900,0
2021-03-30,sh.601898,6.1700,6.3100,5.9300,6.2300,6.3500,62601563,382800030.8900,3,0.684000,1,-1.889800,0
2021-03-31,sh.601898,6.2500,6.3800,6.0500,6.1500,6.2300,40231684,249409411.6100,3,0.439600,1,-1.284100,0
2021-04-01,sh.601898,6.2100,6.3500,6.0800,6.1500,6.1500,28019608,172362580.1900,3,0.306200,1,0.000000,0
2021-04-02,sh.601898,6.1800,6.2800,5.9800,6.1200,6.1500,27615175,168849575.9800,3,0.301700,1,-0.487800,0
2021-04-06,sh.601898,6.0600,6.2000,6.0300,6.0700,6.1200,20396610,124446897.7000,3,0.222900,1,-0.817000,0
2021-04-07,sh.601898,6.0300,6.1700,5.9600,6.0600,6.0700,35262895,213494641.4200,3,0.385300,1,-0.164700,0
2021-04-08,sh.601898,6.4700,6.6300,6.0400,6.2700,6.0600,98673438,619204283.4300,3,1.078200,1,3.465300,0
2021-04-09,sh.601898,6.2100,6.7900,6.1700,6.7100,6.2700,83293974,546063976.0900,3,0.910100,1,7.017500,0
2021-04-12,sh.601898,6.6500,6.7000,6.4000,6.4100,6.7100,41705581,272099909.2700,3,0.455700,1,-4.470900,0
2021-04-13,sh.601898,6.4100,6.5000,6.1900,6.3500,6.4100,29838020,188766768.9100,3,0.326000,1,-0.936000,0
2021-04-14,sh.601898,6.3600,6.4000,6.1300,6.3400,6.3500,27457554,172340122.9700,3,0.300000,1,-0.157500,0
2021-04-15,sh.601898,6.2900,6.8200,6.2500,6.6100,6.3400,50820299,335545412.1600,3,0.555300,1,4.258700,0
2021-04-16,sh.601898,6.6800,7.1000,6.4900,7.0700,6.6100,65143278,449572873.3900,3,0.711800,1,6.959200,0
2021-04-19,sh.601898,6.9400,7.0800,6.8300,6.9300,7.0700,45151002,313967073.9200,3,0.493300,1,-1.980200,0
2021-04-20,sh.601898,6.8600,7.0300,6.8000,6.8900,6.9300,26909940,185335165.3400,3,0.294000,1,-0.577200,0
2021-04-21,sh.601898,6.8900,7.2200,6.7000,7.1300,6.8900,45946600,320993139.7800,3,0.502000,1,3.483300,0
2021-04-22,sh.601898,7.1400,7.2100,6.9600,7.0500,7.1300,33001331,233527214.3700,3,0.360600,1,-1.122000,0
2021-04-23,sh.601898,7.0100,7.1900,6.9700,7.1000,7.0500,34349965,243614277.7300,3,0.375300,1,0.709200,0
2021-04-26,sh.601898,7.0900,7.5600,7.0400,7.4900,7.1000,52303987,381998466.2600,3,0.571500,1,5.493000,0
2021-04-27,sh.601898,7.4000,7.4000,6.7500,7.0300,7.4900,53151457,375205482.5400,3,0.580800,1,-6.141500,0
2021-04-28,sh.601898,6.9300,7.4200,6.8000,7.2600,7.0300,51238617,366146725.4400,3,0.559900,1,3.271700,0
2021-04-29,sh.601898,7.2100,7.3600,7.0100,7.2400,7.2600,31170700,223933235.7300,3,0.340600,1,-0.275500,0
2021-04-30,sh.601898,7.1500,7.1900,6.9500,7.0000,7.2400,27248634,192042356.0100,3,0.297700,1,-3.314900,0
2021-05-06,sh.601898,7.0800,7.6900,7.0800,7.6800,7.0000,63154959,472560969.6100,3,0.690100,1,9.714300,0
2021-05-07,sh.601898,7.7300,8.3900,7.6100,7.9100,7.6800,81396889,651713583.6500,3,0.889400,1,2.994800,0
2021-05-10,sh.601898,7.9900,8.2600,7.5700,8.2100,7.9100,58308559,472303094.0400,3,0.637100,1,3.792700,0
2021-05-11,sh.601898,8.0000,8.2100,7.5000,8.0500,8.2100,56037478,441057675.9800,3,0.612300,1,-1.948800,0
2021-05-12,sh.601898,8.0600,8.3800,7.9000,8.1100,8.0500,34392896,279578215.8700,3,0.375800,1,0.745300,0
2021-05-13,sh.601898,7.9000,8.0000,7.6600,7.7200,8.1100,31661113,246580576.0500,3,0.345900,1,-4.808900,0
2021-05-14,sh.601898,7.8000,7.8800,7.4600,7.8200,7.7200,41385782,316352019.1700,3,0.452200,1,1.295300,0
2021-05-17,sh.601898,7.7000,7.9500,7.5800,7.8000,7.8200,30406373,236117056.6700,3,0.332200,1,-0.255800,0
2021-05-18,sh.601898,7.8100,7.9600,7.7100,7.8500,7.8000,24715418,193519217.1400,3,0.270100,1,0.641000,0
2021-05-19,sh.601898,7.9100,7.9100,7.2200,7.4000,7.8500,50327185,374905920.5500,3,0.549900,1,-5.732500,0
2021-05-20,sh.601898,6.9800,7.1500,6.6800,7.0500,7.4000,53215937,364931134.0100,3,0.581500,1,-4.729700,0
2021-05-21,sh.601898,7.0000,7.5400,6.9100,7.5000,7.0500,45345674,330025181.4300,3,0.495500,1,6.383000,0
2021-05-24,sh.601898,7.3400,7.6100,7.3100,7.3300,7.5000,20102362,149608217.9100,3,0.219600,1,-2.266700,0
2021-05-25,sh.601898,7.3400,7.4600,7.1000,7.3100,7.3300,19834897,144049539.6700,3,0.216700,1,-0.272900,0
2021-05-26,sh.601898,7.3600,7.3900,7.1600,7.2600,7.3100,13483326,98117796.5800,3,0.147300,1,-0.684000,0
2021-05-27,sh.601898,7.3000,7.4900,7.2600,7.3100,7.2600,20591762,151330829.8800,3,0.225000,1,0.688700,0
2021-05-28,sh.601898,7.3400,7.5400,7.1900,7.2300,7.3100,17297072,126714305.0100,3,0.189000,1,-1.094400,0
2021-05-31,sh.601898,7.3700,7.3900,7.1100,7.1800,7.2300,18382480,131976343.0600,3,0.200900,1,-0.691600,0
2021-06-01,sh.601898,7.1700,7.3600,6.9700,7.3600,7.1800,29049533,208917758.2800,3,0.317400,1,2.507000,0
2021-06-02,sh.601898,7.3500,7.5500,7.2200,7.4600,7.3600,32483323,241745527.6400,3,0.354900,1,1.358700,0
2021-06-03,sh.601898,7.5600,7.9500,7.5600,7.8000,7.4600,43782934,341792243.0000,3,0.478400,1,4.557600,0
2021-06-04,sh.601898,7.5000,7.5700,7.2400,7.3900,7.8000,33294481,245441226.8600,3,0.363800,1,-5.256400,0
2021-06-07,sh.601898,7.3700,7.6000,7.3000,7.3600,7.3900,27726970,206256609.1700,3,0.303000,1,-0.406000,0
2021-06-08,sh.601898,7.3900,7.4600,7.1200,7.3000,7.3600,22682117,165111856.0300,3,0.247800,1,-0.815200,0
2021-06-09,sh.601898,7.3800,7.7500,7.2700,7.5300,7.3000,39596085,299291061.7800,3,0.432600,1,3.150700,0
2021-06-10,sh.601898,7.5300,7.6800,7.3600,7.5300,7.5300,27092325,203462204.1300,3,0.296000,1,0.000000,0
2021-06-11,sh.601898,7.6000,7.7000,7.4600,7.5700,7.5300,20293989,153275436.7000,3,0.221700,1,0.531200,0
2021-06-15,sh.601898,7.7000,7.7800,7.3800,7.4900,7.5700,22023036,166125884.0900,3,0.240600,1,-1.056800,0
2021-06-16,sh.601898,7.5600,7.9800,7.3500,7.6600,7.4900,39076298,301214130.6000,3,0.427000,1,2.269700,0
2021-06-17,sh.601898,7.5400,7.7900,7.4200,7.5600,7.5300,28646354,218318882.2100,3,0.313000,1,0.398400,0
2021-06-18,sh.601898,7.5000,7.5000,7.2400,7.2600,7.5600,25577631,187483493.5200,3,0.279500,1,-3.968300,0
2021-06-21,sh.601898,7.1800,7.3600,6.9400,7.1900,7.2600,27281267,194698156.1000,3,0.298100,1,-0.964200,0
2021-06-22,sh.601898,7.1900,7.4400,7.1400,7.3300,7.1900,18418574,134667543.4300,3,0.201300,1,1.947100,0
2021-06-23,sh.601898,7.3300,7.9400,7.3100,7.8200,7.3300,44195308,338612928.8200,3,0.482900,1,6.684900,0
2021-06-24,sh.601898,7.8700,8.0800,7.6700,7.8800,7.8200,32284950,254555557.0800,3,0.352800,1,0.767300,0
2021-06-25,sh.601898,8.0400,8.1400,7.8600,7.9800,7.8800,28143822,224180676.3400,3,0.307500,1,1.269000,0
2021-06-28,sh.601898,7.6300,7.6300,7.2100,7.3300,7.9800,40949678,303590333.6300,3,0.447400,1,-8.145400,0
2021-06-29,sh.601898,7.2800,7.3800,7.0700,7.1300,7.3300,45483337,326680524.0300,3,0.497000,1,-2.728500,0
2021-06-30,sh.601898,7.1300,7.2600,7.1200,7.1500,7.1300,15182987,109093733.6300,3,0.165900,1,0.280500,0
2021-07-01,sh.601898,7.1500,7.2800,7.0200,7.0300,7.1500,17221255,123191176.1800,3,0.188200,1,-1.678300,0
2021-07-02,sh.601898,7.0300,7.1200,6.8800,6.9400,7.0300,14919487,104416058.5100,3,0.163000,1,-1.280200,0
2021-07-05,sh.601898,6.9900,7.0900,6.8900,7.0500,6.9400,18763635,131235034.2500,3,0.205000,1,1.585000,0
2021-07-06,sh.601898,7.0900,7.1000,6.9200,6.9700,7.0500,15675677,109666628.1300,3,0.171300,1,-1.134800,0
2021-07-07,sh.601898,6.9300,6.9700,6.7400,6.8100,6.9700,23056116,157099945.8600,3,0.251900,1,-2.295600,0
2021-07-08,sh.601898,6.8000,6.8500,6.4800,6.5700,6.8100,29885638,197307458.2600,3,0.326500,1,-3.524200,0
2021-07-09,sh.601898,6.6300,6.7800,6.5900,6.7500,6.5700,22060549,147819178.2800,3,0.241000,1,2.739700,0
2021-07-12,sh.601898,6.7800,6.9300,6.7400,6.8000,6.7500,17399361,118431194.1600,3,0.190100,1,0.740700,0
2021-07-13,sh.601898,6.7800,7.0800,6.7500,7.0600,6.8000,27782638,194017647.8900,3,0.303600,1,3.823500,0
2021-07-14,sh.601898,7.1000,7.7600,7.0700,7.4100,7.0600,53102704,396099008.6300,3,0.580200,1,4.957500,0
2021-07-15,sh.601898,7.4700,7.5400,7.1900,7.5100,7.4100,39943287,293668338.0200,3,0.436400,1,1.349500,0
2021-07-16,sh.601898,7.5600,8.1200,7.5600,7.9800,7.5100,64302531,509893852.3700,3,0.702600,1,6.258300,0
2021-07-19,sh.601898,8.1500,8.4900,8.1500,8.2600,7.9800,64996591,541338948.7100,3,0.710200,1,3.508800,0
2021-07-20,sh.601898,8.1800,8.2500,7.9700,8.1500,8.2600,30985793,251486540.1600,3,0.338600,1,-1.331700,0
2021-07-21,sh.601898,8.2900,8.3300,7.9000,7.9900,8.1500,33023952,264730055.2600,3,0.360800,1,-1.963200,0
2021-07-22,sh.601898,8.0000,8.1100,7.8700,8.0100,7.9900,28844394,230412047.5800,3,0.315200,1,0.250300,0
2021-07-23,sh.601898,8.0100,8.4300,7.9300,7.9500,8.0100,45962493,375429198.8600,3,0.502200,1,-0.749100,0
2021-07-26,sh.601898,7.9200,8.1000,7.5000,7.6900,7.9500,39877535,309201605.1800,3,0.435700,1,-3.270400,0
2021-07-27,sh.601898,7.7600,8.0100,7.2900,7.3000,7.6900,40369181,310769614.3700,3,0.441100,1,-5.071500,0
2021-07-28,sh.601898,7.2700,7.5200,7.1200,7.3900,7.3000,35183854,259039858.8500,3,0.384400,1,1.232900,0
2021-07-29,sh.601898,7.4400,7.6000,7.0500,7.1900,7.3900,53925605,390160811.4600,3,0.589200,1,-2.706400,0
2021-07-30,sh.601898,7.2500,7.4000,7.1200,7.2700,7.1900,48037927,348906569.9300,3,0.524900,1,1.112700,0
2021-08-02,sh.601898,6.9100,6.9800,6.6600,6.8900,7.2700,60820312,414592793.4600,3,0.664600,1,-5.227000,0
2021-08-03,sh.601898,6.8800,6.9400,6.6100,6.6400,6.8900,37222398,251433089.2400,3,0.406700,1,-3.628400,0
2021-08-04,sh.601898,6.7500,6.9100,6.6400,6.8900,6.6400,33522006,227948341.0400,3,0.366300,1,3.765100,0
2021-08-05,sh.601898,6.8800,7.2100,6.8000,6.8500,6.8900,34716178,240802379.5400,3,0.379300,1,-0.580600,0
2021-08-06,sh.601898,6.8300,6.9900,6.7200,6.9400,6.8500,35335697,244183006.2400,3,0.386100,1,1.313900,0
2021-08-09,sh.601898,6.9900,7.2000,6.8800,6.9500,6.9400,37988247,265814169.3600,3,0.415100,1,0.144100,0
2021-08-10,sh.601898,6.9200,6.9900,6.8100,6.9300,6.9500,32567330,224976403.8400,3,0.355800,1,-0.287800,0
2021-08-11,sh.601898,7.0000,7.5500,7.0000,7.5000,6.9300,60701985,442735772.1100,3,0.663300,1,8.225100,0
2021-08-12,sh.601898,7.4800,7.4800,7.2000,7.3200,7.5000,69853535,510611926.2300,3,0.763300,1,-2.400000,0
2021-08-13,sh.601898,7.2600,7.4200,7.2000,7.2500,7.3200,48325428,351746865.2500,3,0.528000,1,-0.956300,0
2021-08-16,sh.601898,7.4100,7.5500,7.2600,7.3700,7.2500,64231074,476007049.8900,3,0.701800,1,1.655200,0
2021-08-17,sh.601898,7.2800,7.4200,7.0800,7.0900,7.3700,47146617,341276389.7200,3,0.515200,1,-3.799200,0
2021-08-18,sh.601898,7.1700,7.2500,6.9100,7.0200,7.0900,50644018,358196052.0400,3,0.553400,1,-0.987300,0
2021-08-19,sh.601898,6.9400,6.9900,6.7800,6.9100,7.0200,37185634,255855300.2400,3,0.406300,1,-1.567000,0
2021-08-20,sh.601898,6.9100,6.9500,6.7300,6.8600,6.9100,32679477,222941995.1000,3,0.357100,1,-0.723600,0
2021-08-23,sh.601898,7.0100,7.1700,6.9900,7.0500,6.8600,46879057,331624644.1200,3,0.512200,1,2.769700,0
2021-08-24,sh.601898,7.1600,7.3400,7.1100,7.2600,7.0500,46968711,339354572.9700,3,0.513200,1,2.978700,0
2021-08-25,sh.601898,7.3800,7.4900,7.1900,7.4900,7.2600,58938587,435139743.5900,3,0.644000,1,3.168000,0
2021-08-26,sh.601898,7.5600,7.9400,7.5300,7.7900,7.4900,85309495,661942419.4200,3,0.932100,1,4.005300,0
2021-08-27,sh.601898,7.4000,7.6300,7.3100,7.5800,7.7900,65736669,493845809.1500,3,0.718300,1,-2.695800,0
2021-08-30,sh.601898,7.6600,8.0000,7.5900,7.9700,7.5800,71215950,555728517.9500,3,0.778100,1,5.145100,0
2021-08-31,sh.601898,7.9700,8.6000,7.8100,8.5300,7.9700,106085769,875371331.1700,3,1.159200,1,7.026300,0
2021-09-01,sh.601898,8.7000,8.9500,8.0200,8.0900,8.5300,109004275,917652836.5700,3,1.191000,1,-5.158300,0
2021-09-02,sh.601898,8.1400,8.5500,8.0700,8.3700,8.0900,106799581,887533879.7400,3,1.167000,1,3.461100,0
2021-09-03,sh.601898,8.0900,8.4200,7.9800,8.1500,8.3700,70820663,580210742.2300,3,0.773800,1,-2.628400,0
2021-09-06,sh.601898,8.3900,8.6700,8.2800,8.4500,8.1500,72637112,613905027.0700,3,0.793700,1,3.681000,0
2021-09-07,sh.601898,8.6300,8.9500,8.5200,8.8800,8.4500,76265901,667684601.4000,3,0.833300,1,5.088800,0
2021-09-08,sh.601898,8.7200,9.4800,8.6700,9.1700,8.8800,112993029,1036400193.3800,3,1.234600,1,3.265800,0
2021-09-09,sh.601898,9.1900,9.9600,8.9500,9.7000,9.1700,129877865,1234134160.2100,3,1.419100,1,5.779700,0
2021-09-10,sh.601898,9.4000,9.4400,8.9800,9.1100,9.7000,118037287,1084133684.4800,3,1.289700,1,-6.082500,0
2021-09-13,sh.601898,9.1100,9.7300,9.0500,9.5200,9.1100,110770060,1038321289.3900,3,1.210300,1,4.500500,0
2021-09-14,sh.601898,9.1900,9.5200,9.0400,9.1700,9.5200,75772808,700974417.4700,3,0.827900,1,-3.676500,0
2021-09-15,sh.601898,9.2800,9.6300,9.1500,9.3900,9.1700,78149905,733800960.9300,3,0.853900,1,2.399100,0
2021-09-16,sh.601898,10.0900,10.3300,9.6600,9.6900,9.3900,139200640,1397691582.6200,3,1.521000,1,3.194900,0
2021-09-17,sh.601898,9.6300,10.0700,8.7200,9.1500,9.6900,154111664,1449649936.9500,3,1.683900,1,-5.572800,0
2021-09-22,sh.601898,9.1500,9.7800,9.0100,9.7700,9.1500,99577249,943165643.3900,3,1.088000,1,6.776000,0
2021-09-23,sh.601898,10.0000,10.1500,9.1900,9.4700,9.7700,100962115,964123022.6800,3,1.103200,1,-3.070600,0
2021-09-24,sh.601898,9.3000,9.4100,8.9500,8.9800,9.4700,70882216,646176497.1900,3,0.774500,1,-5.174200,0
2021-09-27,sh.601898,9.1000,9.1500,8.4400,8.6000,8.9800,66666159,579983260.1400,3,0.728400,1,-4.231600,0
2021-09-28,sh.601898,8.7400,9.1300,8.7000,9.0400,8.6000,59208768,528417002.4300,3,0.646900,1,5.116300,0
2021-09-29,sh.601898,9.1000,9.4000,8.5500,8.6900,9.0400,62670361,561740295.4900,3,0.684800,1,-3.871700,0
2021-09-30,sh.601898,8.6800,9.0200,8.4800,9.0200,8.6900,53554403,470860748.5100,3,0.585200,1,3.797500,0
2021-10-08,sh.601898,9.4200,9.4200,8.4500,8.6100,9.0200,81717645,714379072.3000,3,0.892900,1,-4.545500,0
2021-10-11,sh.601898,8.7000,8.9500,8.5500,8.9200,8.6100,68481976,602630426.8200,3,0.748300,1,3.600500,0
2021-10-12,sh.601898,8.9800,9.5400,8.7500,9.1000,8.9200,92341615,837913678.9300,3,1.009000,1,2.017900,0
2021-10-13,sh.601898,9.1800,9.1800,8.1900,8.1900,9.1000,100885190,841984634.8400,3,1.102300,1,-10.000000,0
2021-10-14,sh.601898,7.9100,8.1100,7.6800,7.9400,8.1900,66892417,530125822.6900,3,0.730900,1,-3.052500,0
2021-10-15,sh.601898,7.9500,8.1900,7.7900,8.1400,7.9400,65608777,525827372.5800,3,0.716900,1,2.518900,0
2021-10-18,sh.601898,8.1600,8.9300,8.1100,8.9100,8.1400,92844728,796771465.6800,3,1.014500,1,9.459500,0
2021-10-19,sh.601898,8.8000,9.5000,8.7500,9.0600,8.9100,104361110,956757632.2300,3,1.140300,1,1.683500,0
2021-10-20,sh.601898,8.1500,8.4900,8.1500,8.1500,9.0600,126058261,1033999612.8900,3,1.377400,1,-10.044200,0
2021-10-21,sh.601898,8.0000,8.5300,8.0000,8.2900,8.1500,113087295,939782465.8000,3,1.235700,1,1.717800,0
2021-10-22,sh.601898,8.2100,8.4700,7.8800,7.9000,8.2900,94231364,761770130.1200,3,1.029600,1,-4.704500,0
2021-10-25,sh.601898,8.0200,8.1000,7.7700,7.9800,7.9000,46914882,374900868.1900,3,0.512600,1,1.012700,0
2021-10-26,sh.601898,7.9800,8.0500,7.8200,7.9000,7.9800,46963423,372326628.3200,3,0.513100,1,-1.002500,0
2021-10-27,sh.601898,7.7000,7.7700,7.4700,7.5300,7.9000,53230391,403503536.5700,3,0.581600,1,-4.683500,0
2021-10-28,sh.601898,7.1300,7.3200,6.8200,7.2000,7.5300,84234661,597504537.9600,3,0.920400,1,-4.382500,0
2021-10-29,sh.601898,7.2000,7.2500,6.9700,6.9800,7.2000,47092025,331944312.9200,3,0.514600,1,-3.055600,0
2021-11-01,sh.601898,6.9600,7.2400,6.8700,7.1600,6.9800,54869328,389397581.0000,3,0.599500,1,2.578800,0
2021-11-02,sh.601898,7.1400,7.2600,6.6100,6.8700,7.1600,66572956,456037220.3900,3,0.727400,1,-4.050300,0
2021-11-03,sh.601898,6.8900,7.0800,6.8200,7.0400,6.8700,42824765,298778519.4600,3,0.467900,1,2.474500,0
2021-11-04,sh.601898,6.9900,7.0000,6.8000,6.8600,7.0400,34809150,238527001.1900,3,0.380300,1,-2.556800,0
2021-11-05,sh.601898,6.7900,6.8100,6.4500,6.4900,6.8600,42746274,282216699.5100,3,0.467100,1,-5.393600,0
2021-11-08,sh.601898,6.5600,6.6400,6.4600,6.5500,6.4900,34208445,224290784.8600,3,0.373800,1,0.924500,0
2021-11-09,sh.601898,6.4900,6.5100,6.3100,6.4500,6.5500,34559985,222148018.0400,3,0.377600,1,-1.526700,0
2021-11-10,sh.601898,6.3500,6.3900,6.1400,6.2900,6.4500,39245269,244761961.5900,3,0.428800,1,-2.480600,0
2021-11-11,sh.601898,6.3300,6.3800,6.2500,6.3300,6.2900,33528339,211597051.0200,3,0.366300,1,0.635900,0
2021-11-12,sh.601898,6.3000,6.3900,6.1700,6.1800,6.3300,31522831,196862730.6100,3,0.344400,1,-2.369700,0
2021-11-15,sh.601898,6.1400,6.2200,6.0900,6.1800,6.1800,29119887,179407671.0500,3,0.318200,1,0.000000,0
2021-11-16,sh.601898,6.1800,6.1900,6.0200,6.0500,6.1800,22081089,134640653.8900,3,0.241300,1,-2.103600,0
2021-11-17,sh.601898,6.0500,6.0900,6.0000,6.0600,6.0500,28682852,173397063.7300,3,0.313400,1,0.165300,0
2021-11-18,sh.601898,6.1000,6.2300,6.0100,6.0500,6.0600,43684971,267263471.7600,3,0.477300,1,-0.165000,0
2021-11-19,sh.601898,6.0400,6.1800,6.0000,6.1500,6.0500,34344263,209505083.4500,3,0.375300,1,1.652900,0
2021-11-22,sh.601898,6.1800,6.2900,6.0800,6.1000,6.1500,39440189,241983531.5300,3,0.430900,1,-0.813000,0
2021-11-23,sh.601898,6.1200,6.2400,6.0500,6.2000,6.1000,36734582,227232706.9200,3,0.401400,1,1.639300,0
2021-11-24,sh.601898,6.2500,6.3000,6.1600,6.2800,6.2000,38766398,242091551.0600,3,0.423600,1,1.290300,0
2021-11-25,sh.601898,6.2900,6.3600,6.1600,6.1700,6.2800,34628810,215669393.8800,3,0.378400,1,-1.751600,0
2021-11-26,sh.601898,6.1000,6.1300,6.0300,6.0600,6.1700,29850678,181174049.4600,3,0.326200,1,-1.782800,0
2021-11-29,sh.601898,5.9900,6.0600,5.9100,6.0400,6.0600,24902503,149324950.9500,3,0.272100,1,-0.330000,0
2021-11-30,sh.601898,6.0600,6.1600,6.0100,6.0500,6.0400,28132380,170888490.3400,3,0.307400,1,0.165600,0
2021-12-01,sh.601898,6.0500,6.1800,6.0200,6.1700,6.0500,32953278,201852668.0800,3,0.360100,1,1.983500,0
2021-12-02,sh.601898,6.1700,6.2500,6.1200,6.2100,6.1700,31691851,196512156.2400,3,0.346300,1,0.648300,0
2021-12-03,sh.601898,6.2100,6.7300,6.1000,6.5300,6.2100,83403980,539740618.4500,3,0.911300,1,5.153000,0
2021-12-06,sh.601898,6.5900,6.7800,6.4800,6.5000,6.5300,66964441,441983553.1200,3,0.731700,1,-0.459400,0
2021-12-07,sh.601898,6.6300,6.6500,6.4900,6.6300,6.5000,42471416,279315569.8500,3,0.464100,1,2.000000,0
2021-12-08,sh.601898,6.6200,6.6700,6.5000,6.5900,6.6300,35529513,232942009.9400,3,0.388200,1,-0.603300,0
2021-12-09,sh.601898,6.5900,6.6400,6.5200,6.5900,6.5900,28669998,188772261.0400,3,0.313300,1,0.000000,0
2021-12-10,sh.601898,6.5600,6.6400,6.4500,6.4500,6.5900,49885208,325601185.9700,3,0.545100,1,-2.124400,0
2021-12-13,sh.601898,6.5700,6.6400,6.4600,6.4800,6.4500,47842607,312248089.3200,3,0.522800,1,0.465100,0
2021-12-14,sh.601898,6.4800,6.5200,6.2300,6.2600,6.4800,42292614,266807129.3900,3,0.462100,1,-3.395100,0
2021-12-15,sh.601898,6.2900,6.3800,6.2300,6.2600,6.2600,49237243,310336876.3100,3,0.538000,1,0.000000,0
2021-12-16,sh.601898,6.4200,6.8900,6.4200,6.8900,6.2600,81896514,551085443.5700,3,0.894800,1,10.063900,0
2021-12-17,sh.601898,7.2700,7.4200,7.0800,7.0900,6.8900,188051505,1356608564.7500,3,2.054800,1,2.902800,0
2021-12-20,sh.601898,7.0600,7.0800,6.7300,6.7400,7.0900,85650879,586586019.2900,3,0.935900,1,-4.936500,0
2021-12-21,sh.601898,6.6800,7.0700,6.6300,6.8900,6.7400,72064827,495111519.2000,3,0.787400,1,2.225500,0
2021-12-22,sh.601898,6.9100,7.1500,6.7900,7.1200,6.8900,76686286,538855171.2500,3,0.837900,1,3.338200,0
2021-12-23,sh.601898,7.0700,7.3400,7.0600,7.1000,7.1200,92025155,657270339.6400,3,1.005500,1,-0.280900,0
2021-12-24,sh.601898,7.0800,7.0900,6.7200,6.7400,7.1000,67162160,459596189.8800,3,0.733900,1,-5.070400,0
2021-12-27,sh.601898,6.7200,6.8100,6.5400,6.6200,6.7400,77192498,515091314.5600,3,0.843400,1,-1.780400,0
2021-12-28,sh.601898,6.6100,6.6300,6.3100,6.4000,6.6200,71545625,457933369.7500,3,0.781700,1,-3.323300,0
2021-12-29,sh.601898,6.3900,6.4800,6.3500,6.3700,6.4000,39747771,254549887.8400,3,0.434300,1,-0.468800,0
2021-12-30,sh.601898,6.3400,6.3800,6.2900,6.3600,6.3700,31828835,201869283.9200,3,0.347800,1,-0.157000,0
2021-12-31,sh.601898,6.3400,6.3700,6.2700,6.2900,6.3600,35489799,223930709.7000,3,0.387800,1,-1.100600,0
2022-01-04,sh.601898,6.5300,6.6300,6.4000,6.4300,6.2900,91849949,594932226.4300,3,1.003600,1,2.225800,0
2022-01-05,sh.601898,6.4000,6.4500,6.3100,6.3600,6.4300,49120073,313194056.6200,3,0.536700,1,-1.088600,0
2022-01-06,sh.601898,6.3700,6.4100,6.3200,6.3600,6.3600,32704597,208241042.1400,3,0.357300,1,0.000000,0
2022-01-07,sh.601898,6.3400,6.5200,6.3200,6.4400,6.3600,53367861,343592633.1800,3,0.583100,1,1.257900,0
2022-01-10,sh.601898,6.4700,6.6600,6.4400,6.6500,6.4400,60695883,396935630.1500,3,0.663200,1,3.260900,0
2022-01-11,sh.601898,6.5700,6.6500,6.5000,6.5700,6.6500,39173852,257151795.3200,3,0.428000,1,-1.203000,0
2022-01-12,sh.601898,6.5900,6.6100,6.4300,6.5300,6.5700,41573658,270220680.0200,3,0.454300,1,-0.608800,0
2022-01-13,sh.601898,6.5400,6.7900,6.5300,6.6500,6.5300,85400379,571454961.5700,3,0.933100,1,1.837700,0
2022-01-14,sh.601898,6.6300,6.6300,6.3600,6.3700,6.6500,56022634,360801610.8400,3,0.612100,1,-4.210500,0
2022-01-17,sh.601898,6.2000,6.2800,6.1400,6.2800,6.3700,60321659,374427159.3900,3,0.659100,1,-1.412900,0
2022-01-18,sh.601898,6.2400,6.4300,6.1900,6.3600,6.2800,54849197,345417969.6100,3,0.599300,1,1.273900,0
2022-01-19,sh.601898,6.4200,6.6500,6.3900,6.5000,6.3600,78688597,513443942.1900,3,0.859800,1,2.201300,0
2022-01-20,sh.601898,6.4300,6.6600,6.3800,6.6100,6.5000,84394652,555688072.8700,3,0.922100,1,1.692300,0
2022-01-21,sh.601898,6.6300,6.7100,6.5000,6.6600,6.6100,56800155,375723776.8000,3,0.620600,1,0.756400,0
2022-01-24,sh.601898,6.6200,6.7500,6.3600,6.6400,6.6600,50711017,333279185.1100,3,0.554100,1,-0.300300,0
2022-01-25,sh.601898,6.5900,6.5900,6.2700,6.2900,6.6400,48678158,312240484.5200,3,0.531900,1,-5.271100,0
2022-01-26,sh.601898,6.3400,6.3600,6.1900,6.2700,6.2900,29510608,184865771.7900,3,0.322400,1,-0.318000,0
2022-01-27,sh.601898,6.3100,6.5200,6.2600,6.2700,6.2700,40950257,261796896.6100,3,0.447400,1,0.000000,0
2022-01-28,sh.601898,6.2700,6.3200,5.8900,5.9800,6.2700,45164621,271945359.7400,3,0.493500,1,-4.625200,0
2022-02-07,sh.601898,6.1000,6.4800,6.0700,6.4400,5.9800,55242565,349128983.7700,3,0.603600,1,7.692300,0
2022-02-08,sh.601898,6.5800,6.7200,6.5000,6.7100,6.4400,60757848,401533854.3200,3,0.663900,1,4.192500,0
2022-02-09,sh.601898,6.6200,6.8000,6.5400,6.6600,6.7100,46493719,311147849.4800,3,0.508000,1,-0.745200,0
2022-02-10,sh.601898,6.5700,6.8700,6.4800,6.8500,6.6600,54192563,364026975.3000,3,0.592100,1,2.852900,0
2022-02-11,sh.601898,6.8800,7.0100,6.7800,6.8600,6.8500,62388320,430723861.0300,3,0.681700,1,0.146000,0
2022-02-14,sh.601898,6.8100,6.9600,6.7100,6.8000,6.8600,45956945,314543085.7300,3,0.502200,1,-0.874600,0
2022-02-15,sh.601898,6.7400,6.7800,6.6400,6.7200,6.8000,34238006,229477563.8800,3,0.374100,1,-1.176500,0
2022-02-16,sh.601898,6.7000,6.7900,6.6700,6.7500,6.7200,29458190,198283996.0800,3,0.321900,1,0.446400,0
2022-02-17,sh.601898,6.7300,6.7500,6.6200,6.6800,6.7500,26626588,177683252.3900,3,0.290900,1,-1.037000,0
2022-02-18,sh.601898,6.6900,6.9800,6.6500,6.8900,6.6800,55122390,378552593.0100,3,0.602300,1,3.143700,0
2022-02-21,sh.601898,6.9900,7.0800,6.8900,7.0600,6.8900,60384284,422591054.2400,3,0.659800,1,2.467300,0
2022-02-22,sh.601898,6.9900,7.3000,6.9400,7.1500,7.0600,69992475,498458435.5100,3,0.764800,1,1.274800,0
2022-02-23,sh.601898,7.1000,7.1600,6.8900,6.9900,7.1500,44198628,308633532.6700,3,0.482900,1,-2.237800,0
2022-02-24,sh.601898,6.9200,7.0700,6.8100,6.9500,6.9900,54758416,379575698.6200,3,0.598300,1,-0.572200,0
2022-02-25,sh.601898,6.9300,7.0600,6.5100,6.6600,6.9500,82441960,557329591.1100,3,0.900800,1,-4.172700,0
2022-02-28,sh.601898,6.7000,7.0100,6.7000,6.8100,6.6600,79895001,546278816.0000,3,0.873000,1,2.252300,0
2022-03-01,sh.601898,6.8900,7.1700,6.7900,7.1000,6.8100,84912381,593640608.0000,3,0.927800,1,4.258400,0
2022-03-02,sh.601898,7.2600,7.3000,7.1100,7.2600,7.1000,72568057,524904592.0000,3,0.792900,1,2.253500,0
2022-03-03,sh.601898,7.3400,7.6300,7.3300,7.5700,7.2600,113300078,853329040.0000,3,1.238000,1,4.270000,0
2022-03-04,sh.601898,7.6000,7.7800,7.3300,7.7000,7.5700,112300563,852937008.0000,3,1.227100,1,1.717300,0
2022-03-07,sh.601898,8.0000,8.0900,7.6200,7.7700,7.7000,118055666,922693232.0000,3,1.289900,1,0.909100,0
2022-03-08,sh.601898,7.6300,7.7300,7.3700,7.4400,7.7700,77264679,584466784.0000,3,0.844200,1,-4.247100,0
2022-03-09,sh.601898,7.4600,7.7900,7.2200,7.5600,7.4400,91686670,694004464.0000,3,1.001800,1,1.612900,0
2022-03-10,sh.601898,7.3900,7.6100,7.2600,7.4900,7.5600,61351719,457858848.0000,3,0.670400,1,-0.925900,0
2022-03-11,sh.601898,7.5300,7.6200,7.2800,7.4500,7.4900,51146876,381485632.0000,3,0.558900,1,-0.534000,0
2022-03-14,sh.601898,7.2800,7.6100,7.1600,7.1600,7.4500,50046538,367649936.0000,3,0.546800,1,-3.892600,0
2022-03-15,sh.601898,7.0700,7.0800,6.4500,6.4900,7.1600,66505074,445071472.0000,3,0.726700,1,-9.357500,0
2022-03-16,sh.601898,6.5700,6.6200,6.2900,6.5600,6.4900,46897006,303613536.0000,3,0.512400,1,1.078600,0
2022-03-17,sh.601898,6.6600,6.7700,6.4700,6.7000,6.5600,40820538,270765520.0000,3,0.446000,1,2.134100,0
2022-03-18,sh.601898,6.7000,7.1000,6.7000,7.0600,6.7000,49334966,342369258.1200,3,0.539100,1,5.373100,0
2022-03-21,sh.601898,7.0300,7.4200,7.0300,7.2800,7.0600,51521091,372587568.2400,3,0.562900,1,3.116100,0
2022-03-22,sh.601898,7.2600,7.7000,7.2200,7.6400,7.2800,62175730,466580803.7600,3,0.679400,1,4.945100,0
2022-03-23,sh.601898,7.6300,7.7000,7.4100,7.5400,7.6400,41078882,309233066.9200,3,0.448900,1,-1.308900,0
2022-03-24,sh.601898,7.5700,7.9000,7.5500,7.7100,7.5400,57363141,445074149.6300,3,0.626800,1,2.254600,0
2022-03-25,sh.601898,7.7200,7.8700,7.5700,7.6400,7.7100,48533275,373899854.3900,3,0.530300,1,-0.907900,0
2022-03-28,sh.601898,7.7400,8.0100,7.6600,7.8800,7.6400,77704353,609499039.6600,3,0.849000,1,3.141400,0
2022-03-29,sh.601898,7.8200,8.1800,7.7700,8.0700,7.8800,53754417,429040901.8300,3,0.587400,1,2.411200,0
2022-03-30,sh.601898,7.9500,8.2500,7.8200,7.9100,8.0700,46917348,374270197.4000,3,0.512600,1,-1.982700,0
2022-03-31,sh.601898,7.9100,8.1000,7.8400,8.0900,7.9100,46897560,374750012.6300,3,0.512400,1,2.275600,0
2022-04-01,sh.601898,7.9600,8.1500,7.8600,8.0800,8.0900,41885747,335809287.1500,3,0.457700,1,-0.123600,0
2022-04-06,sh.601898,8.0300,8.1600,7.7500,8.0000,8.0800,45306088,359337033.2000,3,0.495000,1,-0.990100,0
2022-04-07,sh.601898,7.9300,8.1100,7.8600,7.9700,8.0000,35614520,285477225.2400,3,0.389100,1,-0.375000,0
2022-04-08,sh.601898,8.0500,8.1600,7.9300,8.1100,7.9700,43856961,354207297.3500,3,0.479200,1,1.756600,0
2022-04-11,sh.601898,8.0100,8.1800,7.9100,7.9800,8.1100,33932047,273461492.0100,3,0.370800,1,-1.603000,0
2022-04-12,sh.601898,8.7800,8.7800,8.7300,8.7800,7.9800,79155592,694867977.3800,3,0.864900,1,10.025100,0
2022-04-13,sh.601898,9.1000,9.6600,9.0200,9.6600,8.7800,181806523,1716863676.6200,3,1.986500,1,10.022800,0
2022-04-14,sh.601898,9.6500,10.4800,9.4100,10.1600,9.6600,179544827,1791685953.5400,3,1.961800,1,5.176000,0
2022-04-15,sh.601898,10.3600,10.6700,9.8200,9.9400,10.1600,178467163,1827590751.0000,3,1.950000,1,-2.165400,0
2022-04-18,sh.601898,9.7000,10.1300,9.6200,9.7900,9.9400,92028645,907304186.4600,3,1.005600,1,-1.509100,0
2022-04-19,sh.601898,9.8100,9.9800,9.4800,9.8300,9.7900,88078315,857642425.7700,3,0.962400,1,0.408600,0
2022-04-20,sh.601898,9.6600,9.8000,9.2300,9.2500,9.8300,75241813,713371936.4300,3,0.822100,1,-5.900300,0
2022-04-21,sh.601898,9.4000,9.4700,8.9800,9.0500,9.2500,73876973,679898046.6800,3,0.807200,1,-2.162200,0
2022-04-22,sh.601898,8.8800,9.4000,8.8600,9.0900,9.0500,68197481,627616979.0200,3,0.745200,1,0.442000,0
2022-04-25,sh.601898,8.8500,8.9000,8.4300,8.4600,9.0900,71460095,616086723.7500,3,0.780800,1,-6.930700,0
2022-04-26,sh.601898,8.5300,8.5900,8.1300,8.1800,8.4600,58273976,483922575.2800,3,0.636700,1,-3.309700,0
2022-04-27,sh.601898,8.1000,8.6400,8.1000,8.6000,8.1800,75241861,632054582.4000,3,0.822100,1,5.134500,0
2022-04-28,sh.601898,8.7000,9.4600,8.5500,9.4600,8.6000,105744842,972606367.6400,3,1.155400,1,10.000000,0
2022-04-29,sh.601898,9.6400,9.6900,9.1500,9.4000,9.4600,107172493,1009675598.5900,3,1.171000,1,-0.634200,0
2022-05-05,sh.601898,9.4000,9.7400,9.2100,9.4900,9.4000,81372285,768983691.1800,3,0.889100,1,0.957400,0
2022-05-06,sh.601898,9.2800,9.7400,9.1700,9.4200,9.4900,58121836,552623148.1900,3,0.635100,1,-0.737600,0
2022-05-09,sh.601898,9.1500,9.2500,8.8500,9.2100,9.4200,55770541,507672630.4400,3,0.609400,1,-2.229300,0
2022-05-10,sh.601898,8.8000,8.9500,8.3300,8.8800,9.2100,68822184,598815807.4800,3,0.752000,1,-3.583100,0
2022-05-11,sh.601898,8.8500,9.2300,8.8500,9.0300,8.8800,71592308,647077091.1400,3,0.782300,1,1.689200,0
2022-05-12,sh.601898,9.1700,9.3000,8.8000,8.9400,9.0300,56260077,510332207.3900,3,0.614700,1,-0.996700,0
2022-05-13,sh.601898,8.9300,9.5200,8.9200,9.3600,8.9400,67694558,629005083.7100,3,0.739700,1,4.698000,0
2022-05-16,sh.601898,9.3700,9.6100,9.2100,9.5100,9.3600,69084350,652076001.7900,3,0.754900,1,1.602600,0
2022-05-17,sh.601898,9.5100,9.6800,9.3500,9.6500,9.5100,63033980,601932508.1800,3,0.688700,1,1.472100,0
2022-05-18,sh.601898,9.5600,9.7000,9.2900,9.3900,9.6500,34306248,323967781.0800,3,0.374800,1,-2.694300,0
2022-05-19,sh.601898,9.1000,9.3600,8.9400,9.3400,9.3900,33116022,303630769.3500,3,0.361800,1,-0.532500,0
2022-05-20,sh.601898,9.4100,9.8200,9.2900,9.7600,9.3400,60587368,580359825.5600,3,0.662000,1,4.496800,0
2022-05-23,sh.601898,9.7900,10.0500,9.6100,9.8300,9.7600,49061929,482168165.5400,3,0.536100,1,0.717200,0
2022-05-24,sh.601898,9.7400,10.1600,9.7100,9.7200,9.8300,53040515,526658790.7600,3,0.579600,1,-1.119000,0
2022-05-25,sh.601898,9.8000,9.9700,9.5900,9.9300,9.7200,38965731,383289795.1500,3,0.425800,1,2.160500,0
2022-05-26,sh.601898,9.9000,10.3100,9.8500,10.2100,9.9300,57826756,584732482.7900,3,0.631800,1,2.819700,0
2022-05-27,sh.601898,10.3200,10.4900,10.1000,10.3000,10.2100,58528736,604200732.5000,3,0.639500,1,0.881500,0
2022-05-30,sh.601898,10.3600,10.3900,9.9200,10.1100,10.3000,43775282,441166575.9800,3,0.478300,1,-1.844700,0
2022-05-31,sh.601898,10.0400,10.1600,9.8600,9.9600,10.1100,31594244,315377045.7000,3,0.345200,1,-1.483700,0
2022-06-01,sh.601898,9.9600,10.2800,9.8900,10.2700,9.9600,37615878,380158442.4500,3,0.411000,1,3.112400,0
2022-06-02,sh.601898,10.2000,10.2700,9.8400,9.8900,10.2700,45754395,456817368.0000,3,0.499900,1,-3.700100,0
2022-06-06,sh.601898,9.9400,10.2500,9.7900,10.2200,9.8900,59738768,597686915.6300,3,0.652700,1,3.336700,0
2022-06-07,sh.601898,10.1800,10.3900,10.0700,10.1400,10.2200,37492522,382935978.6100,3,0.409700,1,-0.782800,0
2022-06-08,sh.601898,10.3400,11.0100,10.2700,10.9700,10.1400,78815286,835996958.2000,3,0.861200,1,8.185400,0
2022-06-09,sh.601898,10.8100,11.3400,10.7400,10.9300,10.9700,79500103,871830594.6300,3,0.868700,1,-0.364600,0
2022-06-10,sh.601898,10.8100,11.3600,10.7500,11.2500,10.9300,63911771,714473402.0000,3,0.698300,1,2.927700,0
2022-06-13,sh.601898,11.1600,11.3900,10.7700,11.0200,11.2500,64136458,706970145.5200,3,0.700800,1,-2.044400,0
2022-06-14,sh.601898,10.8100,11.5400,10.8100,11.4000,11.0200,57042896,644047870.2500,3,0.623300,1,3.448300,0
2022-06-15,sh.601898,11.3000,11.6900,11.1900,11.2500,11.4000,54579477,624859435.0400,3,0.596400,1,-1.315800,0
2022-06-16,sh.601898,11.2200,11.3200,10.5500,10.6900,11.2500,66734533,722979903.0500,3,0.729200,1,-4.977800,0
2022-06-17,sh.601898,10.5800,10.7500,10.3600,10.6000,10.6900,43224488,456161401.3000,3,0.472300,1,-0.841900,0
2022-06-20,sh.601898,10.3000,10.3500,9.6300,9.7300,10.6000,75196738,738399007.8800,3,0.821600,1,-8.207500,0
2022-06-21,sh.601898,9.6900,10.0500,9.6900,9.8600,9.7300,45533678,448905344.4600,3,0.497500,1,1.336100,0
2022-06-22,sh.601898,9.9000,10.1400,9.6700,9.6900,9.8600,37844712,375989522.4100,3,0.413500,1,-1.724100,0
2022-06-23,sh.601898,9.7000,10.0700,9.4300,9.9900,9.6900,46923660,458135263.4000,3,0.512700,1,3.096000,0
2022-06-24,sh.601898,9.9700,10.1300,9.7700,9.8000,9.9900,43894746,434587685.4300,3,0.479600,1,-1.901900,0
2022-06-27,sh.601898,9.8000,10.2800,9.7800,10.2300,9.8000,51924177,526014533.9900,3,0.567400,1,4.387800,0
2022-06-28,sh.601898,10.2400,10.5900,10.2100,10.4200,10.2300,39125521,406607398.7400,3,0.427500,1,1.857300,0
2022-06-29,sh.601898,10.3800,10.6800,10.3200,10.4000,10.4200,39981710,419937541.2700,3,0.436900,1,-0.191900,0
2022-06-30,sh.601898,10.3300,10.5300,10.3300,10.3800,10.4000,29220242,304659596.9200,3,0.319300,1,-0.192300,0
2022-07-01,sh.601898,10.2500,10.4300,9.9900,10.3400,10.3800,29551143,302302528.2300,3,0.322900,1,-0.385400,0
2022-07-04,sh.601898,10.2900,10.4400,10.1600,10.2800,10.3400,32414383,333648981.1300,3,0.354200,1,-0.580300,0
2022-07-05,sh.601898,10.4000,10.9500,10.3200,10.8600,10.2800,52188433,558356000.6900,3,0.570200,1,5.642000,0
2022-07-06,sh.601898,10.4400,10.4400,9.9300,10.0400,10.8600,62656538,635406697.6000,3,0.684600,1,-7.550600,0
2022-07-07,sh.601898,10.0200,10.3300,9.9600,10.2600,10.0400,37628477,382946853.8900,3,0.411200,1,2.191200,0
2022-07-08,sh.601898,10.4300,10.5700,10.1000,10.1600,10.2600,42848068,438680713.2300,3,0.468200,1,-0.974700,0
2022-07-11,sh.601898,10.1000,10.1900,9.7800,9.9700,10.1600,30865427,306926361.0100,3,0.337300,1,-1.870100,0
2022-07-12,sh.601898,10.0100,10.0300,9.6900,9.8200,9.9700,45624598,449304298.1600,3,0.498500,1,-1.504500,0
2022-07-13,sh.601898,9.6700,9.6800,9.4400,9.6600,9.8200,44137885,422253290.7300,3,0.482300,1,-1.629300,0
2022-07-14,sh.601898,9.6800,9.8500,9.4500,9.4700,9.6600,42833331,409814429.2900,3,0.468000,1,-1.966900,0
2022-07-15,sh.601898,9.3500,9.6900,9.1800,9.1800,9.4700,50493550,475460470.9400,3,0.551700,1,-3.062300,0
2022-07-18,sh.601898,9.2300,9.5000,9.2300,9.4700,9.1800,37987435,357216935.1900,3,0.415100,1,3.159000,0
2022-07-19,sh.601898,9.5500,9.6100,9.3800,9.5300,9.4700,30839496,292305276.6100,3,0.337000,1,0.633600,0
2022-07-20,sh.601898,9.5400,9.5800,9.4000,9.4400,9.5300,29491570,279118192.7900,3,0.322200,1,-0.944400,0
2022-07-21,sh.601898,9.3300,9.3900,9.0600,9.0800,9.4400,34489152,316659647.4800,3,0.376800,1,-3.813600,0
2022-07-22,sh.601898,9.0900,9.2100,8.9500,9.1000,9.0800,26749522,242717992.3200,3,0.292300,1,0.220300,0
2022-07-25,sh.601898,9.1200,9.2500,9.0700,9.1000,9.1000,19120174,174625421.4900,3,0.208900,1,0.000000,0
2022-07-26,sh.601898,9.1400,9.3000,9.0100,9.2800,9.1000,22985667,211747422.0900,3,0.251200,1,1.978000,0
2022-07-27,sh.601898,9.2100,9.2900,9.1600,9.2300,9.2800,19038523,175500262.5300,3,0.208000,1,-0.538800,0
2022-07-28,sh.601898,9.3200,9.3500,9.0800,9.2400,9.2300,42942445,393870749.2900,3,0.469200,1,0.108300,0
2022-07-29,sh.601898,8.9700,9.0000,8.6800,8.7400,8.9400,45259611,400233386.5800,3,0.494500,1,-2.237100,0
2022-08-01,sh.601898,8.7100,8.9000,8.6200,8.8600,8.7400,37757548,332301122.8700,3,0.412600,1,1.373000,0
2022-08-02,sh.601898,8.7200,8.7700,8.5300,8.6400,8.8600,27748369,240277958.2200,3,0.303200,1,-2.483100,0
2022-08-03,sh.601898,8.6300,8.7500,8.5400,8.5500,8.6400,19603750,169514656.0000,3,0.214200,1,-1.041700,0
2022-08-04,sh.601898,8.5800,8.6500,8.4500,8.5700,8.5500,18488820,157949721.0000,3,0.202000,1,0.233900,0
2022-08-05,sh.601898,8.5800,8.6600,8.3200,8.5200,8.5700,26118883,220767063.0000,3,0.285400,1,-0.583400,0
2022-08-08,sh.601898,8.4600,8.8000,8.4300,8.7600,8.5200,28120326,243348450.0000,3,0.307300,1,2.816900,0
2022-08-09,sh.601898,8.7800,9.2100,8.7100,9.1000,8.7600,52576990,475769616.0000,3,0.574500,1,3.881300,0
2022-08-10,sh.601898,9.1100,9.2300,8.9000,8.9400,9.1000,25056177,225364828.0000,3,0.273800,1,-1.758200,0
2022-08-11,sh.601898,9.0100,9.1500,8.9000,9.0700,8.9400,21167999,191802480.0000,3,0.231300,1,1.454100,0
2022-08-12,sh.601898,9.1400,9.3500,9.1200,9.2700,9.0700,30271661,280315772.0000,3,0.330800,1,2.205100,0
2022-08-15,sh.601898,9.2700,9.4600,9.2300,9.2700,9.2700,39691278,369899204.1400,3,0.433700,1,0.000000,0
