date,code,open,high,low,close,preclose,volume,amount,adjustflag,turn,tradestatus,pctChg,isST
2015-05-14,sz.300456,16.8100,20.1700,16.8100,20.1700,14.0100,7700,152117.0000,3,0.036667,1,43.968590,0
2015-05-15,sz.300456,22.1900,22.1900,22.1900,22.1900,20.1700,2600,57694.0000,3,0.012381,1,10.014900,0
2015-05-18,sz.300456,24.4100,24.4100,24.4100,24.4100,22.1900,3000,73230.0000,3,0.014286,1,10.004500,0
2015-05-19,sz.300456,26.8500,26.8500,26.8500,26.8500,24.4100,800,21480.0000,3,0.003810,1,9.995900,0
2015-05-20,sz.300456,29.5400,29.5400,29.5400,29.5400,26.8500,2500,73850.0000,3,0.011905,1,10.018600,0
2015-05-21,sz.300456,32.4900,32.4900,32.4900,32.4900,29.5400,3500,113715.0000,3,0.016667,1,9.986500,0
2015-05-22,sz.300456,35.7400,35.7400,35.7400,35.7400,32.4900,3000,107220.0000,3,0.014286,1,10.003100,0
2015-05-25,sz.300456,39.3100,39.3100,39.3100,39.3100,35.7400,1500,58965.0000,3,0.007143,1,9.988800,0
2015-05-26,sz.300456,43.2400,43.2400,43.2400,43.2400,39.3100,5900,255116.0000,3,0.028095,1,9.997500,0
2015-05-27,sz.300456,47.5600,47.5600,47.5600,47.5600,43.2400,2200,104632.0000,3,0.010476,1,9.990700,0
2015-05-28,sz.300456,52.3200,52.3200,52.3200,52.3200,47.5600,21867,1144081.0000,3,0.104129,1,10.008400,0
2015-05-29,sz.300456,57.5500,57.5500,57.5500,57.5500,52.3200,19000,1093450.0000,3,0.090476,1,9.996200,0
2015-06-01,sz.300456,63.3100,63.3100,63.3100,63.3100,57.5500,6600,417846.0000,3,0.031429,1,10.008700,0
2015-06-02,sz.300456,69.6400,69.6400,69.6400,69.6400,63.3100,7200,501408.0000,3,0.034286,1,9.998400,0
2015-06-03,sz.300456,76.6000,76.6000,76.6000,76.6000,69.6400,43203,3309349.0000,3,0.205729,1,9.994300,0
2015-06-04,sz.300456,84.2600,84.2600,84.2600,84.2600,76.6000,45250,3812765.0000,3,0.215476,1,10.000000,0
2015-06-05,sz.300456,92.6900,92.6900,92.6900,92.6900,84.2600,30930,2866901.0000,3,0.147286,1,10.004700,0
2015-06-08,sz.300456,101.9600,101.9600,101.9600,101.9600,92.6900,181782,18534492.0000,3,0.865629,1,10.001100,0
2015-06-09,sz.300456,112.1600,112.1600,101.0000,112.1600,101.9600,11062465,1202448624.0000,3,52.678405,1,10.003900,0
2015-06-10,sz.300456,110.0000,123.3800,106.0000,123.3800,112.1600,4264411,497414352.0000,3,20.306719,1,10.003600,0
2015-06-11,sz.300456,134.0000,135.7200,130.0000,135.7200,123.3800,907704,122070811.0000,3,4.322400,1,10.001600,0
2015-06-12,sz.300456,149.2900,149.2900,132.2300,134.2000,135.7200,9517736,1375465456.0000,3,45.322552,1,-1.120000,0
2015-06-15,sz.300456,121.0300,124.0000,120.7800,120.7800,134.2000,2676010,324066880.0000,3,12.742905,1,-10.000000,0
2015-06-16,sz.300456,108.7800,116.0000,108.7000,108.7000,120.7800,6260598,687233104.0000,3,29.812371,1,-10.001700,0
2015-06-17,sz.300456,109.0000,111.9900,103.0100,108.9300,108.7000,3289090,354393216.0000,3,15.662333,1,0.211600,0
2015-06-18,sz.300456,108.8500,109.7800,99.9900,99.9900,108.9300,2921462,306850944.0000,3,13.911724,1,-8.207100,0
2015-06-19,sz.300456,97.0000,109.9900,95.8000,109.9900,99.9900,4564809,491613504.0000,3,21.737186,1,10.001000,0
2015-06-23,sz.300456,115.0000,120.9900,111.0000,120.9900,109.9900,3568318,423681920.0000,3,16.991990,1,10.000900,0
2015-06-24,sz.300456,129.9900,130.4400,114.5000,123.3200,120.9900,5097158,632677536.0000,3,24.272181,1,1.925800,0
2015-06-25,sz.300456,118.5000,123.0000,111.1800,111.3000,123.3200,3092377,364290816.0000,3,14.725605,1,-9.747000,0
2015-06-26,sz.300456,105.0600,108.0000,100.1700,100.1700,111.3000,2701971,276431664.0000,3,12.866529,1,-10.000000,0
2015-06-29,sz.300456,102.0000,110.1900,91.3300,107.0000,100.1700,3391090,342063824.0000,3,16.148048,1,6.818400,0
2015-06-30,sz.300456,104.0000,117.5000,96.3000,114.4400,107.0000,3178386,341886128.0000,3,15.135171,1,6.953300,0
2015-07-01,sz.300456,111.0000,125.2000,109.5000,114.4500,114.4400,3561591,422635984.0000,3,16.959957,1,0.008700,0
2015-07-02,sz.300456,114.4600,121.0000,103.0100,103.0100,114.4500,3131429,351062400.0000,3,14.911567,1,-9.995600,0
2015-07-03,sz.300456,92.8000,103.3000,92.7100,92.7100,103.0100,2367791,225379304.0000,3,11.275195,1,-9.999000,0
2015-07-06,sz.300456,101.9800,101.9800,83.4400,83.4400,92.7100,2295750,203904303.0000,3,10.932143,1,-9.998900,0
2015-07-07,sz.300456,75.3500,76.6800,75.1000,75.1000,83.4400,384480,28899450.0000,3,1.830857,1,-9.995200,0
2015-07-08,sz.300456,67.5900,67.9900,67.5900,67.5900,75.1000,3388993,229099590.0000,3,16.138062,1,-10.000000,0
2015-07-09,sz.300456,64.0000,74.3500,64.0000,74.3500,67.5900,1657016,120210049.0000,3,7.890552,1,10.001500,0
2015-07-10,sz.300456,80.0000,81.7900,78.5100,81.7900,74.3500,621877,50198859.0000,3,2.961319,1,10.006700,0
2015-07-13,sz.300456,89.9000,89.9700,89.9000,89.9700,81.7900,1046970,94144388.0000,3,4.985571,1,10.001200,0
2015-07-14,sz.300456,94.3500,98.9700,92.7100,97.7600,89.9700,2650183,256123698.0000,3,12.619919,1,8.658400,0
2015-07-15,sz.300456,94.5000,94.5000,87.9800,87.9800,97.7600,2016178,181609959.0000,3,9.600848,1,-10.004100,0
2015-07-16,sz.300456,82.7700,93.0000,80.1800,90.0800,87.9800,1279756,113691512.0000,3,6.094076,1,2.386900,0
2015-07-17,sz.300456,90.0800,98.9800,90.0800,96.6500,90.0800,1100342,105216893.0000,3,5.239724,1,7.293500,0
2015-07-20,sz.300456,95.7000,103.3300,95.0800,101.5100,96.6500,1609781,161864987.0000,3,7.665624,1,5.028500,0
2015-07-21,sz.300456,99.5100,104.9900,98.0100,100.4700,101.5100,922800,94571957.0000,3,4.394286,1,-1.024500,0
2015-07-22,sz.300456,99.1200,109.0000,98.3300,107.5600,100.4700,2348415,243936235.0000,3,11.182929,1,7.056800,0
2015-07-23,sz.300456,108.0000,117.9700,106.0000,116.9000,107.5600,1675178,188612941.0000,3,7.977038,1,8.683500,0
2015-07-24,sz.300456,115.5800,128.5900,112.9500,117.7800,116.9000,2826636,344051744.0000,3,13.460171,1,0.752800,0
2015-07-27,sz.300456,110.2700,122.2700,106.0000,106.0000,117.7800,1848055,208421806.0000,3,8.800262,1,-10.001700,0
2015-07-28,sz.300456,96.9800,111.8800,95.4000,97.0800,106.0000,1510506,149144501.0000,3,7.192886,1,-8.415100,0
2015-07-29,sz.300456,100.8900,106.2500,95.1000,106.2500,97.0800,1149444,114973254.0000,3,5.473543,1,9.445800,0
2015-07-30,sz.300456,103.6000,116.8800,103.2800,109.0100,106.2500,2361794,267113582.0000,3,11.246638,1,2.597600,0
2015-07-31,sz.300456,108.0000,114.0000,98.1100,103.2000,109.0100,2241429,235789200.0000,3,10.673471,1,-5.329800,0
2015-08-03,sz.300456,103.2000,103.2000,103.2000,103.2000,103.2000,0,0.0000,3,,0,0.000000,0
2015-08-04,sz.300456,103.2000,103.2000,103.2000,103.2000,103.2000,0,0.0000,3,,0,0.000000,0
2015-08-05,sz.300456,103.2000,103.2000,103.2000,103.2000,103.2000,0,0.0000,3,,0,0.000000,0
2015-08-06,sz.300456,103.2000,103.2000,103.2000,103.2000,103.2000,0,0.0000,3,,0,0.000000,0
2015-08-07,sz.300456,103.2000,103.2000,103.2000,103.2000,103.2000,0,0.0000,3,,0,0.000000,0
2015-08-10,sz.300456,103.2000,103.2000,103.2000,103.2000,103.2000,0,0.0000,3,,0,0.000000,0
2015-08-11,sz.300456,103.2000,103.2000,103.2000,103.2000,103.2000,0,0.0000,3,,0,0.000000,0
2015-08-12,sz.300456,103.2000,103.2000,103.2000,103.2000,103.2000,0,0.0000,3,,0,0.000000,0
2015-08-13,sz.300456,103.2000,103.2000,103.2000,103.2000,103.2000,0,0.0000,3,,0,0.000000,0
2015-08-14,sz.300456,103.2000,103.2000,103.2000,103.2000,103.2000,0,0.0000,3,,0,0.000000,0
2015-08-17,sz.300456,103.2000,103.2000,103.2000,103.2000,103.2000,0,0.0000,3,,0,0.000000,0
2015-08-18,sz.300456,103.2000,103.2000,103.2000,103.2000,103.2000,0,0.0000,3,,0,0.000000,0
2015-08-19,sz.300456,103.2000,103.2000,103.2000,103.2000,103.2000,0,0.0000,3,,0,0.000000,0
2015-08-20,sz.300456,103.2000,103.2000,103.2000,103.2000,103.2000,0,0.0000,3,,0,0.000000,0
2015-08-21,sz.300456,103.2000,103.2000,103.2000,103.2000,103.2000,0,0.0000,3,,0,0.000000,0
2015-08-24,sz.300456,103.2000,103.2000,103.2000,103.2000,103.2000,0,0.0000,3,,0,0.000000,0
2015-08-25,sz.300456,103.2000,103.2000,103.2000,103.2000,103.2000,0,0.0000,3,,0,0.000000,0
2015-08-26,sz.300456,103.2000,103.2000,103.2000,103.2000,103.2000,0,0.0000,3,,0,0.000000,0
2015-08-27,sz.300456,103.2000,103.2000,103.2000,103.2000,103.2000,0,0.0000,3,,0,0.000000,0
2015-08-28,sz.300456,103.2000,103.2000,103.2000,103.2000,103.2000,0,0.0000,3,,0,0.000000,0
2015-08-31,sz.300456,103.2000,103.2000,103.2000,103.2000,103.2000,0,0.0000,3,,0,0.000000,0
2015-09-01,sz.300456,103.2000,103.2000,103.2000,103.2000,103.2000,0,0.0000,3,,0,0.000000,0
2015-09-02,sz.300456,103.2000,103.2000,103.2000,103.2000,103.2000,0,0.0000,3,,0,0.000000,0
2015-09-07,sz.300456,103.2000,103.2000,103.2000,103.2000,103.2000,0,0.0000,3,,0,0.000000,0
2015-09-08,sz.300456,103.2000,103.2000,103.2000,103.2000,103.2000,0,0.0000,3,,0,0.000000,0
2015-09-09,sz.300456,103.2000,103.2000,103.2000,103.2000,103.2000,0,0.0000,3,,0,0.000000,0
2015-09-10,sz.300456,103.2000,103.2000,103.2000,103.2000,103.2000,0,0.0000,3,,0,0.000000,0
2015-09-11,sz.300456,103.2000,103.2000,103.2000,103.2000,103.2000,0,0.0000,3,,0,0.000000,0
2015-09-14,sz.300456,103.2000,103.2000,103.2000,103.2000,103.2000,0,0.0000,3,,0,0.000000,0
2015-09-15,sz.300456,103.2000,103.2000,103.2000,103.2000,103.2000,0,0.0000,3,,0,0.000000,0
2015-09-16,sz.300456,103.2000,103.2000,103.2000,103.2000,103.2000,0,0.0000,3,,0,0.000000,0
2015-09-17,sz.300456,103.2000,103.2000,103.2000,103.2000,103.2000,0,0.0000,3,,0,0.000000,0
2015-09-18,sz.300456,103.2000,103.2000,103.2000,103.2000,103.2000,0,0.0000,3,,0,0.000000,0
2015-09-21,sz.300456,103.2000,103.2000,103.2000,103.2000,103.2000,0,0.0000,3,,0,0.000000,0
2015-09-22,sz.300456,103.2000,103.2000,103.2000,103.2000,103.2000,0,0.0000,3,,0,0.000000,0
2015-09-23,sz.300456,103.2000,103.2000,103.2000,103.2000,103.2000,0,0.0000,3,,0,0.000000,0
2015-09-24,sz.300456,103.2000,103.2000,103.2000,103.2000,103.2000,0,0.0000,3,,0,0.000000,0
2015-09-25,sz.300456,103.2000,103.2000,103.2000,103.2000,103.2000,0,0.0000,3,,0,0.000000,0
2015-09-28,sz.300456,103.2000,103.2000,103.2000,103.2000,103.2000,0,0.0000,3,,0,0.000000,0
2015-09-29,sz.300456,103.2000,103.2000,103.2000,103.2000,103.2000,0,0.0000,3,,0,0.000000,0
2015-09-30,sz.300456,103.2000,103.2000,103.2000,103.2000,103.2000,0,0.0000,3,,0,0.000000,0
2015-10-08,sz.300456,103.2000,103.2000,103.2000,103.2000,103.2000,0,0.0000,3,,0,0.000000,0
2015-10-09,sz.300456,103.2000,103.2000,103.2000,103.2000,103.2000,0,0.0000,3,,0,0.000000,0
2015-10-12,sz.300456,103.2000,103.2000,103.2000,103.2000,103.2000,0,0.0000,3,,0,0.000000,0
2015-10-13,sz.300456,103.2000,103.2000,103.2000,103.2000,103.2000,0,0.0000,3,,0,0.000000,0
2015-10-14,sz.300456,103.2000,103.2000,103.2000,103.2000,103.2000,0,0.0000,3,,0,0.000000,0
2015-10-15,sz.300456,103.2000,103.2000,103.2000,103.2000,103.2000,0,0.0000,3,,0,0.000000,0
2015-10-16,sz.300456,103.2000,103.2000,103.2000,103.2000,103.2000,0,0.0000,3,,0,0.000000,0
2015-10-19,sz.300456,103.2000,103.2000,103.2000,103.2000,103.2000,0,0.0000,3,,0,0.000000,0
2015-10-20,sz.300456,103.2000,103.2000,103.2000,103.2000,103.2000,0,0.0000,3,,0,0.000000,0
2015-10-21,sz.300456,103.2000,103.2000,103.2000,103.2000,103.2000,0,0.0000,3,,0,0.000000,0
2015-10-22,sz.300456,103.2000,103.2000,103.2000,103.2000,103.2000,0,0.0000,3,,0,0.000000,0
2015-10-23,sz.300456,103.2000,103.2000,103.2000,103.2000,103.2000,0,0.0000,3,,0,0.000000,0
2015-10-26,sz.300456,103.2000,103.2000,103.2000,103.2000,103.2000,0,0.0000,3,,0,0.000000,0
2015-10-27,sz.300456,103.2000,103.2000,103.2000,103.2000,103.2000,0,0.0000,3,,0,0.000000,0
2015-10-28,sz.300456,103.2000,103.2000,103.2000,103.2000,103.2000,0,0.0000,3,,0,0.000000,0
2015-10-29,sz.300456,103.2000,103.2000,103.2000,103.2000,103.2000,0,0.0000,3,,0,0.000000,0
2015-10-30,sz.300456,103.2000,103.2000,103.2000,103.2000,103.2000,0,0.0000,3,,0,0.000000,0
2015-11-02,sz.300456,103.2000,103.2000,103.2000,103.2000,103.2000,0,0.0000,3,,0,0.000000,0
2015-11-03,sz.300456,103.2000,103.2000,103.2000,103.2000,103.2000,0,0.0000,3,,0,0.000000,0
2015-11-04,sz.300456,103.2000,103.2000,103.2000,103.2000,103.2000,0,0.0000,3,,0,0.000000,0
2015-11-05,sz.300456,103.2000,103.2000,103.2000,103.2000,103.2000,0,0.0000,3,,0,0.000000,0
2015-11-06,sz.300456,103.2000,103.2000,103.2000,103.2000,103.2000,0,0.0000,3,,0,0.000000,0
2015-11-09,sz.300456,103.2000,103.2000,103.2000,103.2000,103.2000,0,0.0000,3,,0,0.000000,0
2015-11-10,sz.300456,103.2000,103.2000,103.2000,103.2000,103.2000,0,0.0000,3,,0,0.000000,0
2015-11-11,sz.300456,103.2000,103.2000,103.2000,103.2000,103.2000,0,0.0000,3,,0,0.000000,0
2015-11-12,sz.300456,103.2000,103.2000,103.2000,103.2000,103.2000,0,0.0000,3,,0,0.000000,0
2015-11-13,sz.300456,103.2000,103.2000,103.2000,103.2000,103.2000,0,0.0000,3,,0,0.000000,0
2015-11-16,sz.300456,103.2000,103.2000,103.2000,103.2000,103.2000,0,0.0000,3,,0,0.000000,0
2015-11-17,sz.300456,103.2000,103.2000,103.2000,103.2000,103.2000,0,0.0000,3,,0,0.000000,0
2015-11-18,sz.300456,103.2000,103.2000,103.2000,103.2000,103.2000,0,0.0000,3,,0,0.000000,0
2015-11-19,sz.300456,103.2000,103.2000,103.2000,103.2000,103.2000,0,0.0000,3,,0,0.000000,0
2015-11-20,sz.300456,103.2000,103.2000,103.2000,103.2000,103.2000,0,0.0000,3,,0,0.000000,0
2015-11-23,sz.300456,103.2000,103.2000,103.2000,103.2000,103.2000,0,0.0000,3,,0,0.000000,0
2015-11-24,sz.300456,103.2000,103.2000,103.2000,103.2000,103.2000,0,0.0000,3,,0,0.000000,0
2015-11-25,sz.300456,103.2000,103.2000,103.2000,103.2000,103.2000,0,0.0000,3,,0,0.000000,0
2015-11-26,sz.300456,103.2000,103.2000,103.2000,103.2000,103.2000,0,0.0000,3,,0,0.000000,0
2015-11-27,sz.300456,103.2000,103.2000,103.2000,103.2000,103.2000,0,0.0000,3,,0,0.000000,0
2015-11-30,sz.300456,103.2000,103.2000,103.2000,103.2000,103.2000,0,0.0000,3,,0,0.000000,0
2015-12-01,sz.300456,103.2000,103.2000,103.2000,103.2000,103.2000,0,0.0000,3,,0,0.000000,0
2015-12-02,sz.300456,103.2000,103.2000,103.2000,103.2000,103.2000,0,0.0000,3,,0,0.000000,0
2015-12-03,sz.300456,103.2000,103.2000,103.2000,103.2000,103.2000,0,0.0000,3,,0,0.000000,0
2015-12-04,sz.300456,103.2000,103.2000,103.2000,103.2000,103.2000,0,0.0000,3,,0,0.000000,0
2015-12-07,sz.300456,103.2000,103.2000,103.2000,103.2000,103.2000,0,0.0000,3,,0,0.000000,0
2015-12-08,sz.300456,103.2000,103.2000,103.2000,103.2000,103.2000,0,0.0000,3,,0,0.000000,0
2015-12-09,sz.300456,103.2000,103.2000,103.2000,103.2000,103.2000,0,0.0000,3,,0,0.000000,0
2015-12-10,sz.300456,103.2000,103.2000,103.2000,103.2000,103.2000,0,0.0000,3,,0,0.000000,0
2015-12-11,sz.300456,103.2000,103.2000,103.2000,103.2000,103.2000,0,0.0000,3,,0,0.000000,0
2015-12-14,sz.300456,103.2000,103.2000,103.2000,103.2000,103.2000,0,0.0000,3,,0,0.000000,0
2015-12-15,sz.300456,103.2000,103.2000,103.2000,103.2000,103.2000,0,0.0000,3,,0,0.000000,0
2015-12-16,sz.300456,103.2000,103.2000,103.2000,103.2000,103.2000,0,0.0000,3,,0,0.000000,0
2015-12-17,sz.300456,103.2000,103.2000,103.2000,103.2000,103.2000,0,0.0000,3,,0,0.000000,0
2015-12-18,sz.300456,103.2000,103.2000,103.2000,103.2000,103.2000,0,0.0000,3,,0,0.000000,0
2015-12-21,sz.300456,103.2000,103.2000,103.2000,103.2000,103.2000,0,0.0000,3,,0,0.000000,0
2015-12-22,sz.300456,103.2000,103.2000,103.2000,103.2000,103.2000,0,0.0000,3,,0,0.000000,0
2015-12-23,sz.300456,103.2000,103.2000,103.2000,103.2000,103.2000,0,0.0000,3,,0,0.000000,0
2015-12-24,sz.300456,103.2000,103.2000,103.2000,103.2000,103.2000,0,0.0000,3,,0,0.000000,0
2015-12-25,sz.300456,103.2000,103.2000,103.2000,103.2000,103.2000,0,0.0000,3,,0,0.000000,0
2015-12-28,sz.300456,103.2000,103.2000,103.2000,103.2000,103.2000,0,0.0000,3,,0,0.000000,0
2015-12-29,sz.300456,103.2000,103.2000,103.2000,103.2000,103.2000,0,0.0000,3,,0,0.000000,0
2015-12-30,sz.300456,103.2000,103.2000,103.2000,103.2000,103.2000,0,0.0000,3,,0,0.000000,0
2015-12-31,sz.300456,103.2000,103.2000,103.2000,103.2000,103.2000,0,0.0000,3,,0,0.000000,0
2016-01-04,sz.300456,103.2000,103.2000,103.2000,103.2000,103.2000,0,0.0000,3,,0,0.000000,0
2016-01-05,sz.300456,103.2000,103.2000,103.2000,103.2000,103.2000,0,0.0000,3,,0,0.000000,0
2016-01-06,sz.300456,103.2000,103.2000,103.2000,103.2000,103.2000,0,0.0000,3,,0,0.000000,0
2016-01-07,sz.300456,103.2000,103.2000,103.2000,103.2000,103.2000,0,0.0000,3,,0,0.000000,0
2016-01-08,sz.300456,103.2000,103.2000,103.2000,103.2000,103.2000,0,0.0000,3,,0,0.000000,0
2016-01-11,sz.300456,103.2000,103.2000,103.2000,103.2000,103.2000,0,0.0000,3,,0,0.000000,0
2016-01-12,sz.300456,103.2000,103.2000,103.2000,103.2000,103.2000,0,0.0000,3,,0,0.000000,0
2016-01-13,sz.300456,103.2000,103.2000,103.2000,103.2000,103.2000,0,0.0000,3,,0,0.000000,0
2016-01-14,sz.300456,103.2000,103.2000,103.2000,103.2000,103.2000,0,0.0000,3,,0,0.000000,0
2016-01-15,sz.300456,113.0000,113.5200,101.5000,113.5200,103.2000,3236099,366374208.0000,3,15.409995,1,10.000000,0
2016-01-18,sz.300456,103.6000,123.4000,103.5200,115.5000,113.5200,2458979,279246784.0000,3,11.709424,1,1.744200,0
2016-01-19,sz.300456,113.6800,127.0500,113.6800,127.0500,115.5000,1655766,205203954.0000,3,7.884600,1,10.000000,0
2016-01-20,sz.300456,130.1000,139.7600,130.1000,136.0000,127.0500,2049674,277924992.0000,3,9.760352,1,7.044500,0
2016-01-21,sz.300456,133.5500,138.5600,122.4000,122.4000,136.0000,2263335,292909200.0000,3,10.777786,1,-10.000000,0
2016-01-22,sz.300456,120.0000,124.0000,110.4000,118.0700,122.4000,1588208,187515023.0000,3,7.562895,1,-3.537600,0
2016-01-25,sz.300456,120.9900,129.8800,119.9900,129.8800,118.0700,2223778,286193056.0000,3,10.589419,1,10.002500,0
2016-01-26,sz.300456,126.8600,126.8600,116.8900,116.8900,129.8800,1527237,182672666.0000,3,7.272557,1,-10.001500,0
2016-01-27,sz.300456,109.9900,116.3300,105.5100,116.0000,116.8900,1316040,145151152.0000,3,6.266857,1,-0.761400,0
2016-01-28,sz.300456,113.0000,115.0000,104.4000,104.4000,116.0000,662541,72362091.0000,3,3.154957,1,-10.000000,0
2016-01-29,sz.300456,99.8800,110.9900,99.8800,107.1000,104.4000,646403,69160383.0000,3,3.078110,1,2.586200,0
2016-02-01,sz.300456,105.2000,108.0000,99.8800,100.5300,107.1000,526993,54146752.0000,3,2.509490,1,-6.134500,0
2016-02-02,sz.300456,99.8000,109.8900,99.2800,108.0000,100.5300,634841,67514179.0000,3,3.023052,1,7.430600,0
2016-02-03,sz.300456,106.0000,110.0000,105.2900,108.0000,108.0000,513423,55240010.0000,3,2.444871,1,0.000000,0
2016-02-04,sz.300456,107.9800,118.8000,107.9800,113.9900,108.0000,1216105,139761954.0000,3,5.790976,1,5.546300,0
2016-02-05,sz.300456,115.0000,117.8000,107.8000,108.3000,113.9900,871766,97426019.0000,3,4.151267,1,-4.991700,0
2016-02-15,sz.300456,103.0000,108.7900,100.8800,104.2000,108.3000,700730,73853759.0000,3,3.336810,1,-3.785800,0
2016-02-16,sz.300456,104.8800,114.6200,104.8800,114.6200,104.2000,1260959,142786449.0000,3,6.004567,1,10.000000,0
2016-02-17,sz.300456,116.0000,121.8800,115.0000,120.9800,114.6200,1476151,174218354.0000,3,7.029290,1,5.548800,0
2016-02-18,sz.300456,122.9000,132.0000,120.0000,125.1100,120.9800,1711898,216106808.0000,3,8.151895,1,3.413800,0
2016-02-19,sz.300456,125.1100,126.0000,120.1800,121.1200,125.1100,1151636,140475848.0000,3,5.483981,1,-3.189200,0
2016-02-22,sz.300456,124.0000,125.9800,121.3400,123.8800,121.1200,1047003,129259734.0000,3,4.985729,1,2.278700,0
2016-02-23,sz.300456,122.3300,124.0000,116.5000,119.0100,123.8800,1154365,137350556.0000,3,5.496976,1,-3.931200,0
2016-02-24,sz.300456,118.5100,121.0000,107.1100,111.4800,119.0100,1298764,145587806.0000,3,6.184590,1,-6.327200,0
2016-02-25,sz.300456,110.6000,112.6000,100.3300,100.3300,111.4800,940570,98670554.0000,3,4.478905,1,-10.001800,0
2016-02-26,sz.300456,99.5600,102.8800,91.3300,94.8000,100.3300,952865,92059367.0000,3,4.537452,1,-5.511800,0
2016-02-29,sz.300456,92.3000,94.4800,85.3200,85.3200,94.8000,738498,63508743.0000,3,3.516657,1,-10.000000,0
2016-03-01,sz.300456,85.3200,89.0000,77.6900,87.2000,85.3200,1063700,88920062.0000,3,5.065238,1,2.203500,0
2016-03-02,sz.300456,85.0500,91.0200,83.0000,90.4100,87.2000,1733595,152232071.0000,3,8.255214,1,3.681200,0
2016-03-03,sz.300456,89.2800,91.6000,85.0000,86.0100,90.4100,1254741,111322606.0000,3,5.974957,1,-4.866700,0
2016-03-04,sz.300456,83.1000,86.5000,77.6000,77.7200,86.0100,1172489,96072188.0000,3,5.583281,1,-9.638400,0
2016-03-07,sz.300456,82.6800,82.7500,78.0000,78.8000,77.7200,987217,79692453.0000,3,4.701033,1,1.389600,0
2016-03-08,sz.300456,77.2800,81.9800,73.9500,80.4300,78.8000,1314791,102547783.0000,3,6.260910,1,2.068500,0
2016-03-09,sz.300456,78.0000,79.6000,76.1000,76.8000,80.4300,754125,58769899.0000,3,3.591071,1,-4.513200,0
2016-03-10,sz.300456,76.5100,78.3600,75.0200,75.8000,76.8000,629682,48452499.0000,3,2.998486,1,-1.302100,0
2016-03-11,sz.300456,75.0800,76.7500,73.9000,74.8300,75.8000,610547,45772140.0000,3,2.907367,1,-1.279700,0
2016-03-14,sz.300456,76.4800,82.3100,75.7200,82.3100,74.8300,1522432,124123412.0000,3,7.249676,1,9.996000,0
2016-03-15,sz.300456,82.7600,90.5400,81.9800,85.5000,82.3100,2510944,217247454.0000,3,11.956876,1,3.875600,0
2016-03-16,sz.300456,87.5200,89.9900,82.8000,86.9500,85.5000,1094807,93990225.0000,3,5.213367,1,1.695900,0
2016-03-17,sz.300456,86.8500,95.0000,86.0000,92.2000,86.9500,1532665,138696117.0000,3,7.298405,1,6.038000,0
2016-03-18,sz.300456,92.1200,95.5900,91.2000,95.5600,92.2000,1266733,117995665.0000,3,6.032062,1,3.644300,0
2016-03-21,sz.300456,94.8800,95.5300,92.6100,93.8300,95.5600,1391846,130281286.0000,3,6.627838,1,-1.810400,0
2016-03-22,sz.300456,93.6900,95.5000,89.0000,91.6500,93.8300,1385834,127113945.0000,3,6.599210,1,-2.323400,0
2016-03-23,sz.300456,90.4400,91.8800,89.7100,91.0000,91.6500,969129,87851819.0000,3,4.614900,1,-0.709200,0
2016-03-24,sz.300456,90.7600,99.6600,89.0100,94.3000,91.0000,1734218,164510359.0000,3,8.258181,1,3.626400,0
2016-03-25,sz.300456,93.0000,94.6900,90.6800,93.9700,94.3000,851213,78951223.0000,3,4.053395,1,-0.349900,0
2016-03-28,sz.300456,94.8600,97.0000,91.0000,91.2000,93.9700,800550,75164335.0000,3,3.812143,1,-2.947800,0
2016-03-29,sz.300456,90.2700,90.2700,86.5000,87.0800,91.2000,667941,58980806.0000,3,3.180671,1,-4.517500,0
2016-03-30,sz.300456,88.0000,91.6000,88.0000,91.5000,87.0800,736099,66329705.0000,3,3.505233,1,5.075800,0
2016-03-31,sz.300456,91.9600,93.8000,90.0000,90.5000,91.5000,1059454,97050005.0000,3,5.045019,1,-1.092900,0
2016-04-01,sz.300456,90.0000,91.4400,86.6000,88.9400,90.5000,1040703,91904430.0000,3,4.955729,1,-1.723800,0
2016-04-05,sz.300456,89.2000,95.0000,88.1100,93.3000,88.9400,1165206,107218502.0000,3,5.548600,1,4.902200,0
2016-04-06,sz.300456,93.0000,95.5500,92.5600,95.0000,93.3000,1086934,102034464.0000,3,5.175876,1,1.822100,0
2016-04-07,sz.300456,95.4100,95.8400,92.0200,92.0200,95.0000,879554,82185404.0000,3,4.188352,1,-3.136800,0
2016-04-08,sz.300456,91.8000,91.8000,89.1200,90.3000,92.0200,703697,63773973.0000,3,3.350938,1,-1.869200,0
2016-04-11,sz.300456,90.8000,92.1600,90.0000,90.7000,90.3000,844721,76856653.0000,3,4.022481,1,0.443000,0
2016-04-12,sz.300456,91.2000,91.3400,84.8200,86.6300,90.7000,1177992,102637515.0000,3,5.609486,1,-4.487300,0
2016-04-13,sz.300456,86.7300,91.0100,85.5200,88.9400,86.6300,1083554,95587895.0000,3,5.159781,1,2.666500,0
2016-04-14,sz.300456,88.4900,89.9900,87.3000,89.9000,88.9400,696425,61728312.0000,3,3.316310,1,1.079400,0
2016-04-15,sz.300456,90.8000,94.0200,90.2800,91.5000,89.9000,954399,88021627.0000,3,4.544757,1,1.779800,0
2016-04-18,sz.300456,90.5000,90.5000,86.0100,87.9000,91.5000,634643,55657844.0000,3,3.022110,1,-3.934400,0
2016-04-19,sz.300456,88.0100,91.9800,87.5000,91.3300,87.9000,822030,74098556.0000,3,3.914429,1,3.902200,0
2016-04-20,sz.300456,91.3500,91.6800,82.5000,84.1000,91.3300,1182900,102641929.0000,3,5.632857,1,-7.916400,0
2016-04-21,sz.300456,83.0000,83.7800,80.0000,80.0400,84.1000,672691,55206203.0000,3,3.203290,1,-4.827600,0
2016-04-22,sz.300456,79.8100,82.7900,79.5000,81.8000,80.0400,450993,36618779.0000,3,2.147586,1,2.198900,0
2016-04-25,sz.300456,83.1300,86.5000,81.0000,85.0000,81.8000,797353,67119446.0000,3,3.796919,1,3.912000,0
2016-04-26,sz.300456,85.0000,86.5000,82.2000,85.0300,85.0000,666419,55812872.0000,3,3.173424,1,0.035300,0
2016-04-27,sz.300456,85.0300,85.5900,83.7000,85.0200,85.0300,632760,53501285.0000,3,3.013143,1,-0.011800,0
2016-04-28,sz.300456,85.1000,87.4300,84.0100,87.2000,85.0200,793587,67764109.0000,3,3.778986,1,2.564100,0
2016-04-29,sz.300456,87.1600,87.4000,85.0100,86.2600,87.2000,626827,54028042.0000,3,2.984890,1,-1.078000,0
2016-05-03,sz.300456,86.5200,91.9000,84.0800,91.8400,86.2600,1532673,134519948.0000,3,7.298443,1,6.468800,0
2016-05-04,sz.300456,91.8000,91.8200,89.0000,89.2900,91.8400,1478575,133331299.0000,3,7.040833,1,-2.776600,0
2016-05-05,sz.300456,89.0000,91.1600,87.8800,90.7900,89.2900,741889,66405252.0000,3,3.532805,1,1.679900,0
2016-05-06,sz.300456,90.6000,91.5000,82.0000,82.3000,90.7900,1501211,130049870.0000,3,7.148624,1,-9.351200,0
2016-05-09,sz.300456,80.3500,80.4000,76.2000,77.5100,82.3000,1339586,104270469.0000,3,6.378981,1,-5.820200,0
2016-05-10,sz.300456,77.1700,78.7600,76.6700,77.0000,77.5100,646180,50206177.0000,3,3.077048,1,-0.658000,0
2016-05-11,sz.300456,77.2600,77.9300,74.3100,74.8500,77.0000,690602,52537535.0000,3,3.288581,1,-2.792200,0
2016-05-12,sz.300456,74.3000,74.7100,69.0000,73.1000,74.8500,834713,60367887.0000,3,3.974824,1,-2.338000,0
2016-05-13,sz.300456,72.9500,74.6500,72.1000,72.9700,73.1000,659563,48408338.0000,3,3.140776,1,-0.177800,0
2016-05-16,sz.300456,72.9700,75.0300,72.0100,73.6600,72.9700,1141572,84164714.0000,3,3.236762,1,0.945600,0
2016-05-17,sz.300456,73.6800,81.0100,73.6800,78.3000,73.6600,1649532,128336980.0000,3,4.677009,1,6.299200,0
2016-05-18,sz.300456,76.8000,81.1300,75.5800,79.1700,78.3000,1372964,106426509.0000,3,3.892840,1,1.111100,0
2016-05-19,sz.300456,78.9900,87.0900,78.9900,86.9700,79.1700,2220863,186425678.0000,3,6.296935,1,9.852200,0
2016-05-20,sz.300456,85.0000,94.5000,84.8800,92.8300,86.9700,1744001,155802401.0000,3,4.944862,1,6.738000,0
2016-05-23,sz.300456,92.8900,94.5500,90.5000,91.1000,92.8300,1452622,133549932.0000,3,4.118699,1,-1.863600,0
2016-05-24,sz.300456,92.8400,92.8800,88.5500,89.7000,91.1000,1235956,111439250.0000,3,3.504374,1,-1.536800,0
2016-05-25,sz.300456,90.7000,90.7000,87.0100,87.4100,89.7000,920341,81544192.0000,3,2.609493,1,-2.552900,0
2016-05-26,sz.300456,88.5900,96.1500,86.2200,96.1500,87.4100,2084739,190429713.0000,3,5.910975,1,9.998900,0
2016-05-27,sz.300456,96.1500,96.1500,96.1500,96.1500,96.1500,0,0.0000,3,,0,0.000000,0
2016-05-30,sz.300456,96.1500,96.1500,96.1500,96.1500,96.1500,0,0.0000,3,,0,0.000000,0
2016-05-31,sz.300456,96.1500,96.1500,96.1500,96.1500,96.1500,0,0.0000,3,,0,0.000000,0
2016-06-01,sz.300456,96.1500,96.1500,96.1500,96.1500,96.1500,0,0.0000,3,,0,0.000000,0
2016-06-02,sz.300456,96.1500,96.1500,96.1500,96.1500,96.1500,0,0.0000,3,,0,0.000000,0
2016-06-03,sz.300456,105.7700,105.7700,105.7700,105.7700,96.1500,268094,28356302.0000,3,0.726757,1,10.005200,0
2016-06-06,sz.300456,57.8000,58.1100,53.9400,55.2800,52.8300,7039827,397458000.0000,3,9.541885,1,4.637500,0
2016-06-07,sz.300456,56.7800,60.8100,55.9000,60.8100,55.2800,8395422,498480272.0000,3,11.379278,1,10.003600,0
2016-06-08,sz.300456,58.9500,59.1900,56.5000,56.9500,60.8100,6842849,394441984.0000,3,9.274898,1,-6.347600,0
2016-06-13,sz.300456,55.1500,58.7800,53.5000,53.5000,56.9500,4644076,262107392.0000,3,6.294649,1,-6.057900,0
2016-06-14,sz.300456,53.0500,55.8000,52.9000,54.1400,53.5000,2547798,137844766.0000,3,3.453323,1,1.196300,0
2016-06-15,sz.300456,53.5300,58.7800,52.9100,57.8800,54.1400,3774715,215445495.0000,3,5.116304,1,6.908000,0
2016-06-16,sz.300456,57.0500,60.6000,56.5000,59.8000,57.8800,4311136,251459693.0000,3,5.843377,1,3.317200,0
2016-06-17,sz.300456,59.2000,65.7800,59.1000,65.7800,59.8000,6770025,436569440.0000,3,9.176191,1,10.000000,0
2016-06-20,sz.300456,67.2000,69.9700,64.8000,65.3000,65.7800,4951070,331623536.0000,3,6.710753,1,-0.729700,0
2016-06-21,sz.300456,67.5700,71.2000,66.1100,68.6600,65.3000,5812179,395586032.0000,3,7.877913,1,5.145500,0
2016-06-22,sz.300456,67.0000,67.6400,61.9000,65.1600,68.6600,3982526,257135150.0000,3,5.397974,1,-5.097600,0
2016-06-23,sz.300456,65.0000,67.5000,63.5000,67.4800,65.1600,3806054,249700859.0000,3,5.158781,1,3.560500,0
2016-06-24,sz.300456,66.4000,68.9900,63.1500,66.0800,67.4800,3410492,225656298.0000,3,4.622631,1,-2.074700,0
2016-06-27,sz.300456,66.0000,72.6900,65.0300,72.6100,66.0800,5530090,393482960.0000,3,7.495565,1,9.882000,0
2016-06-28,sz.300456,71.0000,71.9900,69.5900,70.7700,72.6100,3820283,270038608.0000,3,5.178068,1,-2.534100,0
2016-06-29,sz.300456,71.6000,73.5800,68.3600,69.4400,70.7700,3520431,248090228.0000,3,4.771644,1,-1.879300,0
2016-06-30,sz.300456,68.0100,68.7600,65.8100,67.7500,69.4400,2776771,186955708.0000,3,3.956197,1,-2.433800,0
2016-07-01,sz.300456,67.4600,68.8800,66.9800,67.3800,67.7500,1543460,104546719.0000,3,2.199041,1,-0.546100,0
2016-07-04,sz.300456,67.8800,70.4700,67.0200,69.9500,67.3800,2457886,168569832.0000,3,3.501867,1,3.814200,0
2016-07-05,sz.300456,70.3500,72.0000,68.5800,69.0100,69.9500,2959200,207851546.0000,3,4.216113,1,-1.343800,0
2016-07-06,sz.300456,68.8600,69.8700,68.0000,68.1000,69.0100,1659666,114166978.0000,3,2.364605,1,-1.318700,0
2016-07-07,sz.300456,68.4500,71.0000,66.2000,70.8000,68.1000,2588010,177903223.0000,3,3.687261,1,3.964800,0
2016-07-08,sz.300456,69.9800,70.9600,69.0000,69.0100,70.8000,1371489,95879271.0000,3,1.954025,1,-2.528200,0
2016-07-11,sz.300456,68.5200,69.9600,64.0000,64.6400,69.0100,2911224,197124246.0000,3,4.147759,1,-6.332400,0
2016-07-12,sz.300456,64.5100,64.9800,61.9800,64.2200,64.6400,2977030,188020013.0000,3,4.241516,1,-0.649700,0
2016-07-13,sz.300456,65.0000,66.5000,64.5000,64.5000,64.2200,1687953,110321396.0000,3,2.404907,1,0.436000,0
2016-07-14,sz.300456,64.1000,66.5000,63.0100,65.7700,64.5000,1501041,97235828.0000,3,2.138604,1,1.969000,0
2016-07-15,sz.300456,66.0000,66.3200,64.7000,65.6600,65.7700,862763,56551786.0000,3,1.229219,1,-0.167200,0
2016-07-18,sz.300456,64.4100,66.5000,64.4100,65.8500,65.6600,720925,47601453.0000,3,1.027136,1,0.289400,0
2016-07-19,sz.300456,66.5000,66.5000,64.9800,65.9600,65.8500,646973,42495695.0000,3,0.921773,1,0.167000,0
2016-07-20,sz.300456,66.2900,68.8800,65.4100,67.6200,65.9600,2294291,155228225.0000,3,3.268785,1,2.516700,0
2016-07-21,sz.300456,67.1800,70.8000,67.1800,68.8800,67.6200,2597628,180431272.0000,3,3.700964,1,1.863300,0
2016-07-22,sz.300456,67.8000,70.3000,66.5100,66.7900,68.8800,1861344,127571911.0000,3,2.651945,1,-3.034300,0
2016-07-25,sz.300456,65.6800,66.8800,63.8800,64.6100,66.7900,1916351,124760452.0000,3,2.730316,1,-3.264000,0
2016-07-26,sz.300456,64.6200,66.6000,64.6200,65.0500,64.6100,1069762,69856020.0000,3,1.524141,1,0.681000,0
2016-07-27,sz.300456,65.0000,65.3900,59.8000,61.8000,65.0500,1703671,107403938.0000,3,2.427301,1,-4.996200,0
2016-07-28,sz.300456,61.8500,64.4000,61.6600,62.7200,61.8000,1206968,75995828.0000,3,1.719625,1,1.488700,0
2016-07-29,sz.300456,62.1200,63.5800,61.8800,62.8300,62.7200,634392,39756665.0000,3,0.903848,1,0.175400,0
2016-08-01,sz.300456,62.4700,62.9700,60.7300,61.8100,62.8300,924275,57208661.0000,3,1.316858,1,-1.623400,0
2016-08-02,sz.300456,62.2100,63.2000,61.5000,63.1900,61.8100,519172,32440485.0000,3,0.739689,1,2.232600,0
2016-08-03,sz.300456,63.5500,65.2900,63.0500,64.9900,63.1900,1157111,74856592.0000,3,1.648591,1,2.848600,0
2016-08-04,sz.300456,65.0300,65.1800,63.9000,64.3500,64.9900,674972,43461185.0000,3,0.961665,1,-0.984800,0
2016-08-05,sz.300456,64.0200,64.9800,62.0200,62.4300,64.3500,697591,44185147.0000,3,0.993891,1,-2.983700,0
2016-08-08,sz.300456,62.4000,64.8500,62.0100,64.8000,62.4300,672799,42921067.0000,3,0.958569,1,3.796300,0
2016-08-09,sz.300456,64.8000,65.1000,64.5200,64.9900,64.8000,775375,50347921.0000,3,1.104714,1,0.293200,0
2016-08-10,sz.300456,64.9900,65.5200,63.8800,64.0000,64.9900,720391,46596122.0000,3,1.026375,1,-1.523300,0
2016-08-11,sz.300456,63.8000,63.9900,62.6300,62.8800,64.0000,799143,50274440.0000,3,1.138577,1,-1.750000,0
2016-08-12,sz.300456,62.3800,62.9800,62.0000,62.8000,62.8800,442101,27640716.0000,3,0.629882,1,-0.127200,0
2016-08-15,sz.300456,63.4000,65.8400,62.2900,64.7100,62.8000,1397006,90781793.0000,3,1.990381,1,3.041400,0
2016-08-16,sz.300456,64.7000,65.9800,64.5100,64.8200,64.7100,573371,37321621.0000,3,0.816909,1,0.170000,0
2016-08-17,sz.300456,64.8200,65.7900,64.0900,65.0000,64.8200,804701,52211368.0000,3,1.146496,1,0.277700,0
2016-08-18,sz.300456,64.9900,65.4700,64.3500,64.3500,65.0000,652321,42318931.0000,3,0.929393,1,-1.000000,0
2016-08-19,sz.300456,64.1000,64.3500,62.5100,63.4500,64.3500,1060395,67008737.0000,3,1.510795,1,-1.398600,0
2016-08-22,sz.300456,64.2600,64.2600,62.1200,63.0000,63.4500,963135,60580167.0000,3,1.356760,1,-0.709200,0
2016-08-23,sz.300456,63.0000,64.3500,62.2200,63.9700,63.0000,632752,40402114.0000,3,0.891352,1,1.539700,0
2016-08-24,sz.300456,64.2800,70.2900,63.5200,68.1300,63.9700,2208874,149879159.0000,3,3.111621,1,6.503000,0
2016-08-25,sz.300456,67.4000,69.1900,65.1200,67.0000,68.1300,1209593,81181695.0000,3,1.703943,1,-1.658600,0
2016-08-26,sz.300456,68.1000,70.5000,67.3000,68.2000,67.0000,1315484,90726293.0000,3,1.853111,1,1.791000,0
2016-08-29,sz.300456,69.0000,72.0000,67.1700,69.5000,68.2000,2463011,172302056.0000,3,3.469622,1,1.906200,0
2016-08-30,sz.300456,70.9000,70.9000,67.8000,67.8500,69.5000,1336382,92356045.0000,3,1.882550,1,-2.374100,0
2016-08-31,sz.300456,67.8800,68.1000,66.5000,66.9800,67.8500,1030974,69386068.0000,3,1.452324,1,-1.282200,0
2016-09-01,sz.300456,66.9100,67.3600,65.3600,65.7100,66.9800,683466,45503490.0000,3,0.962793,1,-1.896100,0
2016-09-02,sz.300456,64.9900,67.0000,64.7700,66.9800,65.7100,838157,55042686.0000,3,1.180704,1,1.932700,0
2016-09-05,sz.300456,67.1000,68.1500,66.0300,66.6900,66.9800,1208492,81138776.0000,3,1.702392,1,-0.432966,0
2016-09-06,sz.300456,66.3900,66.9700,64.5000,66.4000,66.6900,1157271,75912832.0000,3,1.630237,1,-0.434849,0
2016-09-07,sz.300456,66.7800,66.9900,64.9600,65.5000,66.4000,780102,51319066.0000,3,1.098923,1,-1.355424,0
2016-09-08,sz.300456,65.9800,66.4600,65.0500,65.7500,65.5000,369414,24271768.0000,3,0.520390,1,0.381679,0
2016-09-09,sz.300456,65.7300,68.0000,65.4100,66.6800,65.7500,860666,57500155.0000,3,1.212413,1,1.414449,0
2016-09-12,sz.300456,64.0100,68.3000,64.0100,66.1200,66.6800,1088543,72633172.0000,3,1.533421,1,-0.839828,0
2016-09-13,sz.300456,66.1800,67.0000,65.5500,66.7100,66.1200,822305,54676897.0000,3,1.158374,1,0.892312,0
2016-09-14,sz.300456,66.0000,69.5800,65.9600,68.8800,66.7100,1266719,86895735.0000,3,1.784416,1,3.252883,0
2016-09-19,sz.300456,69.5200,70.5000,69.5100,69.8900,68.8800,1144032,80006448.0000,3,1.611588,1,1.466321,0
2016-09-20,sz.300456,69.9400,69.9400,67.0300,68.4500,69.8900,1102213,74860243.0000,3,1.552678,1,-2.060384,0
2016-09-21,sz.300456,68.3000,68.9800,67.6600,68.6000,68.4500,718518,49249708.0000,3,1.012170,1,0.219140,0
2016-09-22,sz.300456,68.9200,70.2000,68.0500,68.0500,68.6000,545600,37680303.0000,3,0.768582,1,-0.801743,0
2016-09-23,sz.300456,68.0500,68.0500,68.0500,68.0500,68.0500,0,0.0000,3,,0,0.000000,0
2016-09-26,sz.300456,68.0500,68.0500,68.0500,68.0500,68.0500,0,0.0000,3,,0,0.000000,0
2016-09-27,sz.300456,68.0500,68.0500,68.0500,68.0500,68.0500,0,0.0000,3,,0,0.000000,0
2016-09-28,sz.300456,68.0500,68.0500,68.0500,68.0500,68.0500,0,0.0000,3,,0,0.000000,0
2016-09-29,sz.300456,68.0500,68.0500,68.0500,68.0500,68.0500,0,0.0000,3,,0,0.000000,0
2016-09-30,sz.300456,68.0500,68.0500,68.0500,68.0500,68.0500,0,0.0000,3,,0,0.000000,0
2016-10-10,sz.300456,68.0500,68.0500,68.0500,68.0500,68.0500,0,0.0000,3,,0,0.000000,0
2016-10-11,sz.300456,68.0500,68.0500,68.0500,68.0500,68.0500,0,0.0000,3,,0,0.000000,0
2016-10-12,sz.300456,68.0500,68.0500,68.0500,68.0500,68.0500,0,0.0000,3,,0,0.000000,0
2016-10-13,sz.300456,68.0500,68.0500,68.0500,68.0500,68.0500,0,0.0000,3,,0,0.000000,0
2016-10-14,sz.300456,68.0500,68.0500,68.0500,68.0500,68.0500,0,0.0000,3,,0,0.000000,0
2016-10-17,sz.300456,68.0500,68.0500,68.0500,68.0500,68.0500,0,0.0000,3,,0,0.000000,0
2016-10-18,sz.300456,68.0500,68.0500,68.0500,68.0500,68.0500,0,0.0000,3,,0,0.000000,0
2016-10-19,sz.300456,68.0500,68.0500,68.0500,68.0500,68.0500,0,0.0000,3,,0,0.000000,0
2016-10-20,sz.300456,68.0500,68.0500,68.0500,68.0500,68.0500,0,0.0000,3,,0,0.000000,0
2016-10-21,sz.300456,68.0500,68.0500,68.0500,68.0500,68.0500,0,0.0000,3,,0,0.000000,0
2016-10-24,sz.300456,68.0500,68.0500,68.0500,68.0500,68.0500,0,0.0000,3,,0,0.000000,0
2016-10-25,sz.300456,68.0500,68.0500,68.0500,68.0500,68.0500,0,0.0000,3,,0,0.000000,0
2016-10-26,sz.300456,68.0500,68.0500,68.0500,68.0500,68.0500,0,0.0000,3,,0,0.000000,0
2016-10-27,sz.300456,68.0500,68.0500,68.0500,68.0500,68.0500,0,0.0000,3,,0,0.000000,0
2016-10-28,sz.300456,68.0500,68.0500,68.0500,68.0500,68.0500,0,0.0000,3,,0,0.000000,0
2016-10-31,sz.300456,68.0500,68.0500,68.0500,68.0500,68.0500,0,0.0000,3,,0,0.000000,0
2016-11-01,sz.300456,68.0500,68.0500,68.0500,68.0500,68.0500,0,0.0000,3,,0,0.000000,0
2016-11-02,sz.300456,68.0500,68.0500,68.0500,68.0500,68.0500,0,0.0000,3,,0,0.000000,0
2016-11-03,sz.300456,68.0500,68.0500,68.0500,68.0500,68.0500,0,0.0000,3,,0,0.000000,0
2016-11-04,sz.300456,68.0500,68.0500,68.0500,68.0500,68.0500,0,0.0000,3,,0,0.000000,0
2016-11-07,sz.300456,68.0500,68.0500,68.0500,68.0500,68.0500,0,0.0000,3,,0,0.000000,0
2016-11-08,sz.300456,68.0500,68.0500,68.0500,68.0500,68.0500,0,0.0000,3,,0,0.000000,0
2016-11-09,sz.300456,68.0500,68.0500,68.0500,68.0500,68.0500,0,0.0000,3,,0,0.000000,0
2016-11-10,sz.300456,68.0500,68.0500,68.0500,68.0500,68.0500,0,0.0000,3,,0,0.000000,0
2016-11-11,sz.300456,74.8600,74.8600,74.0000,74.8600,68.0500,3098495,231853293.0000,3,4.364823,1,10.007340,0
2016-11-14,sz.300456,75.0000,75.4900,67.6800,67.8900,74.8600,5718119,402247120.0000,3,8.055064,1,-9.310715,0
2016-11-15,sz.300456,66.7500,67.9700,65.1100,66.6900,67.8900,3416210,227710182.0000,3,4.812385,1,-1.767561,0
2016-11-16,sz.300456,66.2800,68.8000,65.8900,67.0200,66.6900,2293273,155122695.0000,3,3.230514,1,0.494818,0
2016-11-17,sz.300456,67.0100,67.8800,64.6000,65.1000,67.0200,1742245,114556476.0000,3,2.454285,1,-2.864814,0
2016-11-18,sz.300456,65.1000,65.6200,64.8000,65.0300,65.1000,915800,59613638.0000,3,1.290079,1,-0.107526,0
2016-11-21,sz.300456,65.4800,65.4800,63.5000,64.0100,65.0300,1180617,75677588.0000,3,1.663125,1,-1.568502,0
2016-11-22,sz.300456,63.8000,64.6500,63.7000,64.3900,64.0100,975355,62553347.0000,3,1.373974,1,0.593653,0
2016-11-23,sz.300456,64.5000,64.5000,62.6200,63.5200,64.3900,1687949,106842900.0000,3,2.377799,1,-1.351140,0
2016-11-24,sz.300456,63.3300,64.1200,62.7800,63.9600,63.5200,1299356,82100780.0000,3,1.830391,1,0.692693,0
2016-11-25,sz.300456,63.4800,65.6100,63.3000,65.3200,63.9600,1382908,89563409.0000,3,1.948090,1,2.126330,0
2016-11-28,sz.300456,65.3400,65.8700,64.6400,64.9000,65.3200,848418,55364919.0000,3,1.195159,1,-0.642986,0
2016-11-29,sz.300456,64.2200,65.7500,63.7000,65.3800,64.9000,962395,62652082.0000,3,1.355717,1,0.739593,0
2016-11-30,sz.300456,65.0200,65.4500,63.8800,64.0500,65.3800,641400,41398109.0000,3,0.903535,1,-2.034252,0
2016-12-01,sz.300456,63.5300,64.5800,63.5300,63.9500,64.0500,456035,29200602.0000,3,0.642412,1,-0.156132,0
2016-12-02,sz.300456,63.9500,63.9600,61.1300,61.5000,63.9500,1019909,63600203.0000,3,1.436737,1,-3.831119,0
2016-12-05,sz.300456,61.1000,61.1000,59.6000,59.6500,61.5000,854612,51387944.0000,3,1.203884,1,-3.008128,0
2016-12-06,sz.300456,59.7100,60.9200,59.7100,60.6400,59.6500,459222,27790761.0000,3,0.646902,1,1.659678,0
2016-12-07,sz.300456,60.3600,64.0000,60.0700,61.4900,60.6400,625373,38541642.0000,3,0.880957,1,1.401719,0
2016-12-08,sz.300456,61.0000,61.5000,59.8900,59.9300,61.4900,487795,29515138.0000,3,0.687153,1,-2.537000,0
2016-12-09,sz.300456,59.9200,60.6400,59.5000,60.2300,59.9300,643012,38778536.0000,3,0.905805,1,0.500583,0
2016-12-12,sz.300456,60.2000,60.2000,54.2100,54.2100,60.2300,1607477,89589885.0000,3,2.264439,1,-9.995020,0
2016-12-13,sz.300456,52.3000,53.6300,52.0200,52.5600,54.2100,859313,45234254.0000,3,1.210507,1,-3.043715,0
2016-12-14,sz.300456,52.8000,54.4000,52.4300,53.3500,52.5600,901826,48466597.0000,3,1.270394,1,1.503039,0
2016-12-15,sz.300456,54.3500,54.9600,52.1000,54.3000,53.3500,941052,50880074.0000,3,1.325652,1,1.780695,0
2016-12-16,sz.300456,54.7800,54.7800,53.6900,54.5800,54.3000,337759,18335873.0000,3,0.475798,1,0.515659,0
2016-12-19,sz.300456,54.8000,55.4400,53.3200,53.3400,54.5800,511430,27642910.0000,3,0.720447,1,-2.271898,0
2016-12-20,sz.300456,53.3500,55.3000,53.2900,54.6800,53.3400,698075,37840961.0000,3,0.983372,1,2.512186,0
2016-12-21,sz.300456,55.3500,56.2000,54.2400,55.4600,54.6800,613684,34064663.0000,3,0.864491,1,1.426479,0
2016-12-22,sz.300456,55.8400,55.8700,53.4000,53.8500,55.4600,605700,32773209.0000,3,0.853244,1,-2.902994,0
2016-12-23,sz.300456,54.1500,54.5100,53.1800,53.3900,53.8500,377900,20301935.0000,3,0.532344,1,-0.854223,0
2016-12-26,sz.300456,53.3300,55.8000,51.8100,55.4500,53.3900,859115,46477396.0000,3,1.210228,1,3.858403,0
2016-12-27,sz.300456,55.2100,55.4500,54.5500,54.6400,55.4500,433019,23704651.0000,3,0.609990,1,-1.460778,0
2016-12-28,sz.300456,54.4700,55.0800,52.7100,52.8800,54.6400,917162,48966446.0000,3,1.291998,1,-3.221081,0
2016-12-29,sz.300456,52.8800,53.2000,51.6500,51.9600,52.8800,716100,37460975.0000,3,1.008764,1,-1.739792,0
2016-12-30,sz.300456,51.9500,52.4000,50.8900,50.9300,51.9600,615510,31778646.0000,3,0.867064,1,-1.982292,0
2017-01-03,sz.300456,51.0100,52.2000,50.5500,51.3100,50.9300,718366,36963539.0000,3,1.011956,1,0.746124,0
2017-01-04,sz.300456,51.5000,52.6800,51.3100,52.5700,51.3100,670100,34980541.0000,3,0.943964,1,2.455658,0
2017-01-05,sz.300456,52.2800,53.1100,52.2800,53.0600,52.5700,1094561,57889262.0000,3,1.541898,1,0.932094,0
2017-01-06,sz.300456,52.6800,55.5800,52.6800,54.1000,53.0600,1245971,68071688.0000,3,1.755188,1,1.960040,0
2017-01-09,sz.300456,53.7000,55.1600,51.8500,54.2200,54.1000,1199324,64081187.0000,3,1.689477,1,0.221816,0
2017-01-10,sz.300456,54.2100,54.4000,53.2000,53.3200,54.2200,540088,28938298.0000,3,0.760817,1,-1.659907,0
2017-01-11,sz.300456,52.5000,53.3900,52.5000,52.8200,53.3200,465302,24640050.0000,3,0.655467,1,-0.937734,0
2017-01-12,sz.300456,53.0000,53.8100,50.9000,50.9000,52.8200,715286,37223035.0000,3,1.007617,1,-3.634983,0
2017-01-13,sz.300456,51.2900,51.3000,48.0000,49.0700,50.9000,1070865,52946117.0000,3,1.508518,1,-3.595289,0
2017-01-16,sz.300456,49.0700,49.0700,44.1600,44.1600,49.0700,920846,42012504.0000,3,1.297188,1,-10.006110,0
2017-01-17,sz.300456,43.9600,44.3000,39.9900,43.9000,44.1600,2397584,101386946.0000,3,3.377456,1,-0.588764,0
2017-01-18,sz.300456,42.6600,45.1500,42.0200,43.7100,43.9000,1362155,59344560.0000,3,1.918856,1,-0.432807,0
2017-01-19,sz.300456,43.1000,43.1000,40.6000,40.8800,43.7100,1576688,65881827.0000,3,2.221067,1,-6.474487,0
2017-01-20,sz.300456,40.9000,42.7800,40.5000,42.4300,40.8800,1116346,46990213.0000,3,1.572587,1,3.791583,0
2017-01-23,sz.300456,42.6200,45.9900,42.6200,43.3800,42.4300,1469910,65201795.0000,3,2.070649,1,2.238984,0
2017-01-24,sz.300456,43.8000,44.5800,42.6900,43.5000,43.3800,1207959,52612759.0000,3,1.701641,1,0.276623,0
2017-01-25,sz.300456,43.1400,44.8800,42.9500,44.0100,43.5000,713151,31402161.0000,3,1.004610,1,1.172410,0
2017-01-26,sz.300456,44.4900,44.9700,43.7800,44.9700,44.0100,579918,25817217.0000,3,0.816925,1,2.181329,0
2017-02-03,sz.300456,44.9900,45.4900,44.1800,44.2900,44.9700,627443,27916739.0000,3,0.883873,1,-1.512120,0
2017-02-06,sz.300456,44.6900,44.9300,43.8800,44.2400,44.2900,946893,41925243.0000,3,1.333880,1,-0.112891,0
2017-02-07,sz.300456,44.2500,44.2500,40.0000,43.0900,44.2400,974265,42194872.0000,3,1.372439,1,-2.599461,0
2017-02-08,sz.300456,43.2000,45.0000,43.1800,43.8500,43.0900,2485746,108875575.0000,3,3.501649,1,1.763746,0
2017-02-09,sz.300456,43.9700,44.7500,43.9100,44.3200,43.8500,2382737,105320022.0000,3,3.356541,1,1.071839,0
2017-02-10,sz.300456,44.5000,44.6700,43.1500,43.2600,44.3200,1299984,57047671.0000,3,1.831276,1,-2.391700,0
2017-02-13,sz.300456,43.0500,43.4800,42.5100,43.1400,43.2600,1686098,72587304.0000,3,2.375191,1,-0.277390,0
2017-02-14,sz.300456,43.0000,43.7800,42.6000,42.8000,43.1400,1354407,58594721.0000,3,1.907941,1,-0.788132,0
2017-02-15,sz.300456,42.9500,43.2000,42.3000,42.4000,42.8000,909097,38894280.0000,3,1.280637,1,-0.934574,0
2017-02-16,sz.300456,42.3800,42.4000,41.5200,41.7900,42.4000,1143377,47926567.0000,3,1.610665,1,-1.438681,0
2017-02-17,sz.300456,41.8000,42.5000,41.1200,41.1600,41.7900,1594644,66623531.0000,3,2.246361,1,-1.507540,0
2017-02-20,sz.300456,41.4000,41.7600,41.1000,41.6500,41.1600,1677317,69380673.0000,3,2.362822,1,1.190480,0
2017-02-21,sz.300456,41.7900,42.5900,41.5600,42.0600,41.6500,2271512,95795734.0000,3,3.199859,1,0.984393,0
2017-02-22,sz.300456,42.1000,42.8900,42.1000,42.7200,42.0600,1867698,79456474.0000,3,2.631010,1,1.569187,0
2017-02-23,sz.300456,42.7500,45.2000,42.7500,44.8400,42.7200,3448228,151277866.0000,3,4.857488,1,4.962544,0
2017-02-24,sz.300456,44.5900,45.2500,44.0100,44.9500,44.8400,2351640,104976736.0000,3,3.312735,1,0.245318,0
2017-02-27,sz.300456,44.9500,45.9800,43.7500,43.9900,44.9500,2473007,110664589.0000,3,3.483703,1,-2.135704,0
2017-02-28,sz.300456,43.8900,44.8700,43.2100,44.1500,43.9900,1509584,66248197.0000,3,2.126538,1,0.363719,0
2017-03-01,sz.300456,44.2900,47.8000,43.8700,47.6800,44.1500,4238032,196665096.0000,3,5.970078,1,7.995467,0
2017-03-02,sz.300456,47.6600,49.9000,46.5300,49.0500,47.6800,4066188,196621161.0000,3,5.728003,1,2.873320,0
2017-03-03,sz.300456,49.0000,50.8500,47.6600,49.0400,49.0500,3045880,150742068.0000,3,4.290704,1,-0.020384,0
2017-03-06,sz.300456,49.2600,49.8700,48.0800,49.5000,49.0400,1828499,89904241.0000,3,2.575790,1,0.938008,0
2017-03-07,sz.300456,49.5000,49.7500,48.6600,49.0700,49.5000,1551688,75927128.0000,3,2.185849,1,-0.868687,0
2017-03-08,sz.300456,49.0300,51.0000,47.7200,48.2100,49.0700,2289471,112695260.0000,3,3.225158,1,-1.752599,0
2017-03-09,sz.300456,47.8400,48.6600,47.3800,48.4000,48.2100,1202034,57676226.0000,3,1.693295,1,0.394114,0
2017-03-10,sz.300456,47.5100,48.5900,47.2600,47.3400,48.4000,1020780,48738155.0000,3,1.437964,1,-2.190085,0
2017-03-13,sz.300456,47.3000,49.3700,46.8900,48.4100,47.3400,2004899,96056969.0000,3,2.824284,1,2.260244,0
2017-03-14,sz.300456,48.4000,48.4000,47.6500,47.7500,48.4100,1023545,49123754.0000,3,1.441859,1,-1.363354,0
2017-03-15,sz.300456,47.9600,48.1000,47.5500,47.6700,47.7500,833443,39855498.0000,3,1.174064,1,-0.167543,0
2017-03-16,sz.300456,48.1000,49.1800,47.8100,48.4700,47.6700,1560269,75909242.0000,3,2.197937,1,1.678211,0
2017-03-17,sz.300456,48.8500,48.8500,46.7400,46.8000,48.4700,2022913,96288146.0000,3,2.849660,1,-3.445434,0
2017-03-20,sz.300456,46.8100,47.1900,45.3000,45.9500,46.8000,2904720,133136081.0000,3,4.091854,1,-1.816236,0
2017-03-21,sz.300456,45.9700,47.0200,45.5100,46.9900,45.9500,1608965,75000877.0000,3,2.266535,1,2.263332,0
2017-03-22,sz.300456,46.8400,48.3100,46.0000,48.1600,46.9900,1779572,84177803.0000,3,2.506867,1,2.489887,0
2017-03-23,sz.300456,48.0000,51.0000,47.7500,48.9700,48.1600,2701044,133362386.0000,3,3.804937,1,1.681896,0
2017-03-24,sz.300456,48.7500,49.5800,48.1600,48.7100,48.9700,1495194,72696801.0000,3,2.106267,1,-0.530942,0
2017-03-27,sz.300456,48.6000,50.9000,48.4500,50.5900,48.7100,2407194,120668643.0000,3,3.390993,1,3.859579,0
2017-03-28,sz.300456,50.1000,52.6000,50.1000,52.3500,50.5900,3021117,155888745.0000,3,4.255821,1,3.478945,0
2017-03-29,sz.300456,51.9700,52.8100,50.5600,50.9900,52.3500,2319053,119086190.0000,3,3.266830,1,-2.597893,0
2017-03-30,sz.300456,49.5000,50.3900,45.8900,45.8900,50.9900,2707278,129145915.0000,3,3.813719,1,-10.001970,0
2017-03-31,sz.300456,45.7000,47.2100,45.2000,45.8900,45.8900,1475328,68246282.0000,3,2.078282,1,0.000000,0
2017-04-05,sz.300456,45.2300,46.4700,44.2200,45.7100,45.8900,2290261,103126690.0000,3,3.226271,1,-0.392243,0
2017-04-06,sz.300456,45.7100,46.8600,45.7100,46.4500,45.7100,1324161,61529964.0000,3,1.865334,1,1.618906,0
2017-04-07,sz.300456,47.0200,48.3800,46.5500,47.9000,46.4500,2145384,102186786.0000,3,3.022184,1,3.121638,0
2017-04-10,sz.300456,48.8500,50.3500,47.0000,48.1900,47.9000,3068237,148808524.0000,3,4.322199,1,0.605422,0
2017-04-11,sz.300456,47.2300,50.3200,46.3100,50.1500,48.1900,3594989,174528454.0000,3,5.064229,1,4.067240,0
2017-04-12,sz.300456,49.5000,51.2700,48.4800,48.5100,50.1500,3194837,159694975.0000,3,4.500539,1,-3.270196,0
2017-04-13,sz.300456,48.0000,48.2800,47.0100,47.3200,48.5100,1649651,78529911.0000,3,2.323849,1,-2.453100,0
2017-04-14,sz.300456,47.3700,48.4900,46.5000,46.7300,47.3200,1336177,63287978.0000,3,1.882261,1,-1.246830,0
2017-04-17,sz.300456,46.1300,46.7300,42.8200,44.8100,46.7300,1756390,78709532.0000,3,2.474211,1,-4.108706,0
2017-04-18,sz.300456,44.9400,45.7000,43.0300,43.2800,44.8100,1453418,64294633.0000,3,2.047417,1,-3.414422,0
2017-04-19,sz.300456,42.9100,43.4900,40.5100,41.6700,43.2800,1956871,81870641.0000,3,2.756627,1,-3.719965,0
2017-04-20,sz.300456,41.6700,41.9800,39.8600,40.1300,41.6700,1660607,67849311.0000,3,2.339282,1,-3.695698,0
2017-04-21,sz.300456,40.6000,40.9800,40.0000,40.7100,40.1300,1446592,58576938.0000,3,2.037801,1,1.445298,0
2017-04-24,sz.300456,40.6800,40.6800,36.6800,37.3000,40.7100,1753542,67505192.0000,3,2.470199,1,-8.376321,0
2017-04-25,sz.300456,37.5000,37.8000,36.7200,37.1300,37.3000,1997996,74207261.0000,3,2.814559,1,-0.455759,0
2017-04-26,sz.300456,37.1800,37.5000,36.6800,36.8100,37.1300,1079287,40012641.0000,3,1.520382,1,-0.861836,0
2017-04-27,sz.300456,36.8500,39.2000,36.3000,38.6800,36.8100,2194245,83012648.0000,3,3.091014,1,5.080138,0
2017-04-28,sz.300456,38.6700,39.7000,38.3800,38.9800,38.6800,1002828,39092009.0000,3,1.412675,1,0.775593,0
2017-05-02,sz.300456,39.0000,40.4300,38.8100,39.7500,38.9800,1349572,53916640.0000,3,1.882631,1,1.975373,0
2017-05-03,sz.300456,39.5300,40.1500,39.2000,39.8400,39.7500,784308,31148252.0000,3,1.094097,1,0.226415,0
2017-05-04,sz.300456,39.8400,40.1000,39.2800,39.4000,39.8400,869696,34495255.0000,3,1.203141,1,-1.104414,0
2017-05-05,sz.300456,39.8000,39.8000,38.8000,38.8000,39.4000,949906,37249046.0000,3,1.314104,1,-1.522848,0
2017-05-08,sz.300456,38.6100,39.3500,37.6900,38.7500,38.8000,701651,27237295.0000,3,0.970667,1,-0.128864,0
2017-05-09,sz.300456,38.0700,39.3900,38.0700,39.1900,38.7500,788538,30724955.0000,3,1.090867,1,1.135480,0
2017-05-10,sz.300456,39.3600,40.0000,38.8100,38.8800,39.1900,895080,35262093.0000,3,1.238258,1,-0.791012,0
2017-05-11,sz.300456,37.9700,38.9600,37.8100,38.7500,38.8800,899791,34507637.0000,3,1.244775,1,-0.334365,0
2017-05-12,sz.300456,39.3900,39.8900,38.4000,39.8000,38.7500,1243622,48560842.0000,3,1.720432,1,2.709675,0
2017-05-15,sz.300456,39.7500,41.8900,39.4700,41.1800,39.8000,1313942,53580984.0000,3,1.817713,1,3.467339,0
2017-05-16,sz.300456,40.9100,42.7100,40.7300,42.1600,41.1800,1542611,64720700.0000,3,2.134055,1,2.379795,0
2017-05-17,sz.300456,42.1600,42.8600,41.5700,42.5600,42.1600,1809740,76611939.0000,3,2.503603,1,0.948770,0
2017-05-18,sz.300456,41.7800,43.0000,41.4000,41.9900,42.5600,1623879,68445459.0000,3,2.246482,1,-1.339285,0
2017-05-19,sz.300456,42.5100,42.6800,40.6400,40.8000,41.9900,1038881,43209078.0000,3,1.437193,1,-2.834014,0
2017-05-22,sz.300456,40.8000,41.4900,38.1800,39.1100,40.8000,2366593,96081664.0000,3,3.273956,1,-4.142154,0
2017-05-23,sz.300456,39.1000,39.8600,36.3100,36.5900,39.1100,2698044,101292773.0000,3,3.732487,1,-6.443366,0
2017-05-24,sz.300456,36.6100,37.8800,36.3300,37.4600,36.5900,1835747,67876796.0000,3,2.539581,1,2.377696,0
2017-05-25,sz.300456,37.4600,37.8700,36.7800,37.1300,37.4600,1335031,49663622.0000,3,1.846888,1,-0.880934,0
2017-05-26,sz.300456,37.4800,38.1800,37.0000,37.7600,37.1300,1042082,39089967.0000,3,1.441621,1,1.696734,0
2017-05-31,sz.300456,38.1000,38.8700,37.5000,37.7300,37.7600,921902,35178578.0000,3,1.275363,1,-0.079446,0
2017-06-01,sz.300456,37.7300,37.8400,33.9600,35.0000,37.7300,2325171,82207232.0000,3,3.216652,1,-7.235620,0
2017-06-02,sz.300456,34.9000,35.7100,34.0000,35.6000,35.0000,1636809,56927137.0000,3,2.264369,1,1.714281,0
2017-06-05,sz.300456,35.6000,36.3500,35.5900,35.9900,35.6000,725500,26088604.0000,3,1.003660,1,1.095515,0
2017-06-06,sz.300456,36.2000,36.3000,35.5000,36.1000,35.9900,668010,24089890.0000,3,0.924128,1,0.305632,0
2017-06-07,sz.300456,36.0700,37.3500,36.0700,37.0300,36.1000,1861772,68729270.0000,3,2.575584,1,2.576178,0
2017-06-08,sz.300456,36.9900,37.6500,36.8000,36.9800,37.0300,1146369,42597221.0000,3,1.585892,1,-0.135024,0
2017-06-09,sz.300456,36.9800,37.2200,36.5000,37.0500,36.9800,818418,30172551.0000,3,1.132203,1,0.189291,0
2017-06-12,sz.300456,36.9700,36.9700,35.5500,36.4500,37.0500,1211240,43752431.0000,3,1.675635,1,-1.619429,0
2017-06-13,sz.300456,36.3000,37.3600,35.7800,37.2000,36.4500,1560087,57374854.0000,3,2.158232,1,2.057613,0
2017-06-14,sz.300456,37.1900,38.1900,36.9300,37.9000,37.2000,1646861,61888462.0000,3,2.278275,1,1.881722,0
2017-06-15,sz.300456,37.9300,38.5600,37.7500,38.1600,37.9000,1264044,48280839.0000,3,1.748684,1,0.686011,0
2017-06-16,sz.300456,38.1600,38.2600,37.4600,37.7200,38.1600,1160402,43870238.0000,3,1.605305,1,-1.153036,0
2017-06-19,sz.300456,37.9900,38.8800,37.6100,38.8000,37.7200,1484061,56981525.0000,3,2.053057,1,2.863197,0
2017-06-20,sz.300456,38.9900,39.2500,38.1400,38.1600,38.8000,1300591,50088679.0000,3,1.799244,1,-1.649483,0
2017-06-21,sz.300456,38.2500,38.9700,37.9100,38.1500,38.1600,1163060,44672070.0000,3,1.608983,1,-0.026201,0
2017-06-22,sz.300456,38.1500,38.4800,36.8000,37.5300,38.1500,1702120,63740845.0000,3,2.354721,1,-1.625171,0
2017-06-23,sz.300456,38.0000,38.0000,36.8200,37.6700,37.5300,1425030,53156125.0000,3,1.971393,1,0.373033,0
2017-06-26,sz.300456,37.4700,37.8500,37.2200,37.5500,37.6700,1330041,49958826.0000,3,1.839985,1,-0.318553,0
2017-06-27,sz.300456,37.6900,38.3800,37.4500,38.0600,37.5500,1458067,55488449.0000,3,2.017097,1,1.358195,0
2017-06-28,sz.300456,38.0700,38.0800,37.2700,37.3500,38.0600,948297,35608421.0000,3,1.311878,1,-1.865483,0
2017-06-29,sz.300456,37.3600,37.7100,37.1700,37.4000,37.3500,701197,26225471.0000,3,0.970039,1,0.133877,0
2017-06-30,sz.300456,37.2800,37.7000,37.0100,37.2800,37.4000,536821,20037047.0000,3,0.742641,1,-0.320863,0
2017-07-03,sz.300456,37.6000,37.6000,36.1100,37.5100,37.2800,1406452,51896979.0000,3,1.945692,1,0.616952,0
2017-07-04,sz.300456,37.2800,37.5600,36.9100,37.1000,37.5100,782777,29085501.0000,3,1.082897,1,-1.093042,0
2017-07-05,sz.300456,37.2800,38.0000,37.1300,37.6800,37.1000,1166280,43858922.0000,3,1.613437,1,1.563347,0
2017-07-06,sz.300456,37.8500,39.0900,37.8300,39.0500,37.6800,2269992,87630023.0000,3,3.140317,1,3.635878,0
2017-07-07,sz.300456,39.1000,39.1000,38.5300,38.8500,39.0500,1384605,53755622.0000,3,1.915469,1,-0.512166,0
2017-07-10,sz.300456,38.5800,40.1700,38.5500,39.0800,38.8500,3240576,128284339.0000,3,4.483028,1,0.592029,0
2017-07-11,sz.300456,39.2000,39.3900,38.5700,39.2200,39.0300,1581477,61454148.0000,3,2.187823,1,0.486811,0
2017-07-12,sz.300456,39.1000,39.6000,37.4300,38.6300,39.2200,2266184,86612141.0000,3,3.135049,1,-1.504335,0
2017-07-13,sz.300456,37.7900,38.4100,34.8800,35.9300,38.6300,3554875,128595426.0000,3,4.917830,1,-6.989388,0
2017-07-14,sz.300456,35.4400,36.1700,35.1100,35.5400,35.9300,1104511,39325635.0000,3,1.527986,1,-1.085442,0
2017-07-17,sz.300456,35.5400,35.5800,31.9900,31.9900,35.5400,2609142,85577089.0000,3,3.609499,1,-9.988749,0
2017-07-18,sz.300456,31.9900,32.3900,29.9800,31.1400,31.9900,2705781,83424099.0000,3,3.743190,1,-2.657082,0
2017-07-19,sz.300456,31.1500,31.2000,30.4000,30.8800,31.1400,2046924,62967229.0000,3,2.831724,1,-0.834940,0
2017-07-20,sz.300456,30.8800,31.6000,30.6300,30.8100,30.8800,1422182,44185539.0000,3,1.967453,1,-0.226683,0
2017-07-21,sz.300456,30.5000,30.9700,30.4100,30.4200,30.8100,998736,30662758.0000,3,1.381656,1,-1.265821,0
2017-07-24,sz.300456,30.5700,31.8500,30.2100,31.4300,30.4200,3036657,94582048.0000,3,4.200925,1,3.320185,0
2017-07-25,sz.300456,31.4500,33.2400,31.4400,32.2700,31.4300,2975467,96091934.0000,3,4.116275,1,2.672606,0
2017-07-26,sz.300456,32.4000,32.7700,31.4600,32.2800,32.2700,2121807,67682574.0000,3,2.935318,1,0.030983,0
2017-07-27,sz.300456,32.2800,33.6000,31.6100,33.5100,32.2800,3173788,104251030.0000,3,4.390633,1,3.810408,0
2017-07-28,sz.300456,33.2000,33.4500,32.6000,32.8000,33.5100,2180487,71820077.0000,3,3.016496,1,-2.118768,0
2017-07-31,sz.300456,32.9000,33.1300,31.9600,32.1500,32.8000,2407260,77935285.0000,3,3.330215,1,-1.981700,0
2017-08-01,sz.300456,32.4000,32.6300,31.5300,31.7500,32.1500,2331075,74739932.0000,3,3.224820,1,-1.244173,0
2017-08-02,sz.300456,31.7400,32.1500,31.0000,31.0200,31.7500,1946914,61214401.0000,3,2.693370,1,-2.299211,0
2017-08-03,sz.300456,31.2800,31.5200,30.6800,31.3600,31.0200,2415559,75276009.0000,3,3.341695,1,1.096067,0
2017-08-04,sz.300456,31.4500,33.2100,31.2200,32.3700,31.3600,4665283,150477556.0000,3,6.453974,1,3.220658,0
2017-08-07,sz.300456,32.0600,32.4000,31.6600,31.7700,32.3700,2663315,85222817.0000,3,3.684442,1,-1.853563,0
2017-08-08,sz.300456,31.9300,32.6300,31.6800,32.2800,31.7700,2429297,78141472.0000,3,3.360701,1,1.605283,0
2017-08-09,sz.300456,32.2800,33.0600,32.0200,32.6800,32.2800,2437774,79821790.0000,3,3.372428,1,1.239162,0
2017-08-10,sz.300456,32.7900,33.5000,31.9600,32.2200,32.6800,2341840,76559848.0000,3,3.239712,1,-1.407586,0
2017-08-11,sz.300456,31.9100,33.3800,31.6500,32.6800,32.2200,3431330,112606966.0000,3,4.746918,1,1.427682,0
2017-08-14,sz.300456,32.3600,33.4200,32.3600,33.3700,32.6800,2831946,93775333.0000,3,3.917727,1,2.111379,0
2017-08-15,sz.300456,33.3700,33.5000,32.8700,32.9800,33.3700,2283382,75509939.0000,3,3.158841,1,-1.168713,0
2017-08-16,sz.300456,32.7900,33.8600,32.7500,33.6400,32.9800,2874907,96284900.0000,3,3.977160,1,2.001212,0
2017-08-17,sz.300456,33.5100,34.8000,33.4100,33.9200,33.6400,3289221,112246170.0000,3,4.550324,1,0.832339,0
2017-08-18,sz.300456,33.5000,33.7800,33.2000,33.3300,33.9200,2335020,78030708.0000,3,3.230277,1,-1.739376,0
2017-08-21,sz.300456,33.3400,35.5000,33.3400,34.7900,33.3300,4232928,147054261.0000,3,5.855852,1,4.380435,0
2017-08-22,sz.300456,34.9500,35.5000,34.6100,34.8600,34.7900,3179753,111355410.0000,3,4.398885,1,0.201206,0
2017-08-23,sz.300456,34.8600,34.9800,34.2700,34.3800,34.8600,1827920,63125301.0000,3,2.528753,1,-1.376935,0
2017-08-24,sz.300456,34.1800,34.9900,33.8200,33.9200,34.3800,1904192,65375811.0000,3,2.634268,1,-1.337996,0
2017-08-25,sz.300456,33.8000,34.4900,33.8000,34.1300,33.9200,1353965,46241479.0000,3,1.873081,1,0.619112,0
2017-08-28,sz.300456,34.2000,35.2800,34.1400,34.7700,34.1300,2410257,83882127.0000,3,3.334361,1,1.875181,0
2017-08-29,sz.300456,34.5000,34.7500,34.0300,34.1100,34.7700,1783213,61266895.0000,3,2.466905,1,-1.898188,0
2017-08-30,sz.300456,34.4500,34.5400,34.0600,34.0900,34.1100,1011700,34701608.0000,3,1.399590,1,-0.058635,0
2017-08-31,sz.300456,34.2300,34.8600,34.1600,34.6800,34.0900,1859865,64383078.0000,3,2.572946,1,1.730713,0
2017-09-01,sz.300456,34.8400,35.8500,34.5000,35.7300,34.6800,2473378,86899744.0000,3,3.421683,1,3.027679,0
2017-09-04,sz.300456,35.7800,37.3000,35.7600,36.3700,35.7300,3378468,124036659.0000,3,4.673788,1,1.791210,0
2017-09-05,sz.300456,36.4000,37.0000,36.0600,36.8200,36.3700,2046252,74930212.0000,3,2.830794,1,1.237286,0
2017-09-06,sz.300456,36.8200,36.9800,36.1200,36.8300,36.8200,1583510,57928777.0000,3,2.190635,1,0.027165,0
2017-09-07,sz.300456,36.9500,38.1000,36.4300,36.4500,36.8300,2982832,111295631.0000,3,4.126464,1,-1.031770,0
2017-09-08,sz.300456,36.2400,37.4500,36.1100,36.6400,36.4500,1649429,60583966.0000,3,2.281828,1,0.521258,0
2017-09-11,sz.300456,36.9300,37.4200,36.4000,36.8700,36.6400,2189600,80677338.0000,3,3.029103,1,0.627728,0
2017-09-12,sz.300456,36.8300,37.3000,36.6600,36.7200,36.8700,1754417,64707440.7700,3,2.427069,1,-0.406829,0
2017-09-13,sz.300456,36.9000,36.9000,36.3500,36.7600,36.7200,1632488,59670961.5000,3,2.258391,1,0.108925,0
2017-09-14,sz.300456,36.7800,37.5800,36.5200,37.2000,36.7600,1925337,71394614.0000,3,2.663520,1,1.196960,0
2017-09-15,sz.300456,37.2100,39.7300,37.2000,38.7600,37.2000,4254950,165374409.7400,3,5.886317,1,4.193542,0
2017-09-18,sz.300456,39.2500,41.4900,38.4800,41.3200,38.7600,4702042,188829357.8100,3,6.504827,1,6.604751,0
2017-09-19,sz.300456,40.9800,42.6800,40.5800,40.9300,41.3200,4472364,184597340.6300,3,6.187089,1,-0.943851,0
2017-09-20,sz.300456,40.8600,43.4000,40.5300,42.8000,40.9300,4850292,204303263.6700,3,6.709916,1,4.568773,0
2017-09-21,sz.300456,42.6100,44.6600,41.5000,41.5500,42.8000,3922820,167504506.0200,3,5.426847,1,-2.920561,0
2017-09-22,sz.300456,41.1700,42.6700,40.0000,41.6600,41.5500,2928005,120545640.1200,3,4.050616,1,0.264743,0
2017-09-25,sz.300456,41.8800,43.9800,41.3600,41.3700,41.6600,2739973,116816987.3000,3,3.790491,1,-0.696114,0
2017-09-26,sz.300456,41.7200,42.6700,40.0200,41.1000,41.3700,3005600,122726232.4800,3,4.157961,1,-0.652648,0
2017-09-27,sz.300456,40.7600,41.9600,40.5100,41.1800,41.1000,2001028,82055980.4700,3,2.768231,1,0.194652,0
2017-09-28,sz.300456,41.3500,42.7700,41.0000,42.4700,41.1800,3052369,128721667.5900,3,4.222661,1,3.132591,0
2017-09-29,sz.300456,42.2500,43.8000,42.0400,43.1500,42.4700,2370699,101918165.3600,3,3.279636,1,1.601131,0
2017-10-09,sz.300456,43.6000,44.0000,42.7300,43.1700,43.1500,2244329,96779427.2200,3,3.104815,1,0.046342,0
2017-10-10,sz.300456,42.8800,43.8700,42.3600,43.8700,43.1700,2521329,108183515.8500,3,3.488018,1,1.621498,0
2017-10-11,sz.300456,43.9800,45.1800,43.4100,45.1500,43.8700,2607395,115997575.7500,3,3.607082,1,2.917717,0
2017-10-12,sz.300456,44.8000,45.3300,44.2800,44.7500,45.1500,2075829,92744448.9900,3,2.871711,1,-0.885939,0
2017-10-13,sz.300456,44.6900,44.7000,43.8200,44.0800,44.7500,1387511,61222697.5000,3,1.919489,1,-1.497203,0
2017-10-16,sz.300456,44.0000,44.6800,42.2000,43.0000,44.0800,1911971,83160318.8900,3,2.645029,1,-2.450095,0
2017-10-17,sz.300456,43.0000,43.8000,42.6500,43.5300,43.0000,821220,35652830.4100,3,1.136080,1,1.232555,0
2017-10-18,sz.300456,43.5300,43.5300,43.5300,43.5300,43.5300,0,0.0000,3,,0,0.000000,0
2017-10-19,sz.300456,43.5300,43.5300,43.5300,43.5300,43.5300,0,0.0000,3,,0,0.000000,0
2017-10-20,sz.300456,43.5300,43.5300,43.5300,43.5300,43.5300,0,0.0000,3,,0,0.000000,0
2017-10-23,sz.300456,43.5300,43.5300,43.5300,43.5300,43.5300,0,0.0000,3,,0,0.000000,0
2017-10-24,sz.300456,43.5300,43.5300,43.5300,43.5300,43.5300,0,0.0000,3,,0,0.000000,0
2017-10-25,sz.300456,44.0000,44.1500,41.0200,42.4800,43.5300,2044056,86736009.5700,3,2.827756,1,-2.412128,0
2017-10-26,sz.300456,42.4000,42.9000,42.0200,42.3900,42.4800,878100,37296176.4300,3,1.214768,1,-0.211865,0
2017-10-27,sz.300456,42.7000,42.7500,40.8700,41.3000,42.3900,1354186,56209639.3800,3,1.873387,1,-2.571362,0
2017-10-30,sz.300456,41.3100,41.3100,38.3200,38.4100,41.3000,1854382,72725943.1400,3,2.565361,1,-6.997577,0
2017-10-31,sz.300456,38.0400,40.8900,38.0400,40.7200,38.4100,1262394,50231558.9000,3,1.746402,1,6.014062,0
2017-11-01,sz.300456,40.8500,42.0400,40.7300,40.9900,40.7200,935812,38802585.6200,3,1.294607,1,0.663066,0
2017-11-02,sz.300456,40.9800,42.4000,40.5200,41.2700,40.9900,992132,41408080.4000,3,1.372520,1,0.683090,0
2017-11-03,sz.300456,41.2600,41.4300,39.5100,40.0600,41.2700,1167125,47338134.0000,3,1.614606,1,-2.931910,0
2017-11-06,sz.300456,40.3000,41.8000,40.3000,41.3000,40.0600,1234821,50986608.9800,3,1.708257,1,3.095351,0
2017-11-07,sz.300456,41.8000,43.6800,41.1100,43.6500,41.3000,2264314,96706170.6200,3,3.132462,1,5.690078,0
2017-11-08,sz.300456,43.2000,45.0700,43.1900,44.5500,43.6500,2854369,126809805.2900,3,3.948747,1,2.061850,0
2017-11-09,sz.300456,44.8000,45.3100,44.4500,45.0100,44.5500,2273961,101993231.2400,3,3.145808,1,1.032546,0
2017-11-10,sz.300456,44.7100,47.4700,44.6800,47.0800,45.0100,3085591,143373284.9400,3,4.268621,1,4.598986,0
2017-11-13,sz.300456,47.0700,49.4500,46.2000,48.4100,47.0800,2303152,110560357.1500,3,3.186191,1,2.824975,0
2017-11-14,sz.300456,48.2000,49.2800,46.5600,46.8900,48.4100,2353526,112324990.7100,3,3.255879,1,-3.139848,0
2017-11-15,sz.300456,47.2100,47.9000,46.3100,47.1000,46.8900,2352475,110901132.7500,3,3.254425,1,0.447855,0
2017-11-16,sz.300456,47.0000,47.4800,45.5000,46.6900,47.1000,1642155,76171681.9100,3,2.271765,1,-0.870488,0
2017-11-17,sz.300456,46.5600,46.9000,43.4000,43.5000,46.6900,2235800,100426711.0000,3,3.093016,1,-6.832295,0
2017-11-20,sz.300456,43.2100,45.1900,42.6600,44.1100,43.5000,2096031,91916126.6600,3,2.899659,1,1.402300,0
2017-11-21,sz.300456,44.4100,45.0800,42.7000,43.4800,44.1100,1775959,77711521.2000,3,2.456870,1,-1.428250,0
2017-11-22,sz.300456,43.5900,45.4300,43.0600,44.7000,43.4800,2886122,128116863.4100,3,3.992674,1,2.805891,0
2017-11-23,sz.300456,45.3700,45.3700,43.5500,43.8900,44.7000,1877427,83584267.8900,3,2.597241,1,-1.812084,0
2017-11-24,sz.300456,43.2000,44.5800,43.2000,44.0300,43.8900,1128078,49644688.1900,3,1.560588,1,0.318978,0
2017-11-27,sz.300456,43.9500,43.9500,41.0000,41.1000,44.0300,1568000,66314971.3000,3,2.169178,1,-6.654554,0
2017-11-28,sz.300456,41.5000,42.6000,41.0000,42.5200,41.1000,1185128,50042227.6800,3,1.639512,1,3.454993,0
2017-11-29,sz.300456,42.5200,42.6800,41.4400,42.0900,42.5200,850100,35794657.0000,3,1.176032,1,-1.011289,0
2017-11-30,sz.300456,41.8800,44.4800,41.7400,42.2000,42.0900,2171928,94160142.2700,3,3.004655,1,0.261346,0
2017-12-01,sz.300456,42.8000,45.0000,42.2100,44.0000,42.2000,2975926,131456630.1200,3,4.116910,1,4.265401,0
2017-12-04,sz.300456,44.5300,45.1700,43.5000,44.6800,44.0000,2673597,119199695.0200,3,3.698666,1,1.545455,0
2017-12-05,sz.300456,44.8100,45.1800,41.0200,42.0900,44.6800,2351291,102300137.1900,3,3.252787,1,-5.796777,0
2017-12-06,sz.300456,42.3500,43.2900,41.1800,43.0700,42.0900,1582934,66796097.8000,3,2.189838,1,2.328343,0
2017-12-07,sz.300456,44.1800,44.3300,43.3300,43.8800,43.0700,2210514,97097424.8800,3,3.058035,1,1.880663,0
2017-12-08,sz.300456,43.7000,44.4400,43.0300,43.8300,43.8800,2563744,112487542.3000,3,3.546695,1,-0.113945,0
2017-12-11,sz.300456,43.8100,45.3200,43.3000,45.2000,43.8300,3911446,175095929.7000,3,5.411112,1,3.125710,0
2017-12-12,sz.300456,45.3600,46.3000,45.0900,45.7300,45.2000,2902185,132585754.3600,3,4.014896,1,1.172564,0
2017-12-13,sz.300456,46.5000,47.9800,45.2000,47.2700,45.7300,3538410,165078314.2500,3,4.895053,1,3.367594,0
2017-12-14,sz.300456,47.4000,48.8000,46.0000,47.2000,47.2700,2835463,133860428.7900,3,3.922593,1,-0.148085,0
2017-12-15,sz.300456,48.8000,50.1900,46.7900,47.3000,47.2000,3796399,183886930.1100,3,5.251956,1,0.211861,0
2017-12-18,sz.300456,46.5100,47.2500,44.8000,45.0100,47.3000,2501308,114583026.8900,3,3.460321,1,-4.841440,0
2017-12-19,sz.300456,45.0000,46.1300,45.0000,45.1000,45.0100,1767058,80592861.4000,3,2.444556,1,0.199956,0
2017-12-20,sz.300456,45.5800,46.0700,45.3500,45.5000,45.1000,1352703,61845393.9400,3,1.871336,1,0.886921,0
2017-12-21,sz.300456,45.1200,46.5500,43.5000,46.1900,45.5000,1592264,72524136.5200,3,2.202745,1,1.516480,0
2017-12-22,sz.300456,45.9500,46.3500,45.6500,45.9800,46.1900,847200,38894135.6800,3,1.172020,1,-0.454642,0
2017-12-25,sz.300456,46.2500,46.2500,44.8900,45.0500,45.9800,882000,39838949.0000,3,1.220163,1,-2.022619,0
2017-12-26,sz.300456,44.8200,45.6500,44.6100,45.0000,45.0500,1177501,53000314.0500,3,1.628960,1,-0.110986,0
2017-12-27,sz.300456,44.7200,45.2000,43.0000,43.6200,45.0000,1807662,79489080.8500,3,2.500728,1,-3.066669,0
2017-12-28,sz.300456,43.3300,44.5000,43.0400,44.2000,43.6200,1118169,49228179.7200,3,1.546880,1,1.329670,0
2017-12-29,sz.300456,43.9600,45.1600,43.8200,45.0800,44.2000,734191,32982656.3000,3,1.015683,1,1.990952,0
2018-01-02,sz.300456,45.0200,45.8100,45.0200,45.6000,45.0800,1142645,51879045.3200,3,1.580740,1,1.153497,0
2018-01-03,sz.300456,48.0000,48.0000,46.0000,47.5000,45.6000,3223717,153022803.3700,3,4.459705,1,4.166670,0
2018-01-04,sz.300456,46.3000,48.0500,46.3000,46.8000,47.5000,1924106,90697591.4800,3,2.661817,1,-1.473686,0
2018-01-05,sz.300456,46.5000,47.3000,46.3100,46.5000,46.8000,1162467,54271915.3300,3,1.608162,1,-0.641024,0
2018-01-08,sz.300456,46.6000,46.8400,45.0800,45.6500,46.5000,1186013,54085292.3300,3,1.640736,1,-1.827954,0
2018-01-09,sz.300456,45.3000,45.9600,45.0000,45.0800,45.6500,794294,35919084.5400,3,1.098830,1,-1.248630,0
2018-01-10,sz.300456,45.0600,45.8300,44.1300,44.5400,45.0800,814578,36436732.2400,3,1.126891,1,-1.197872,0
2018-01-11,sz.300456,44.8200,45.4900,44.3500,45.1600,44.5400,636500,28685541.0000,3,0.880537,1,1.392005,0
2018-01-12,sz.300456,45.0000,45.6600,44.4900,44.9100,45.1600,546400,24576135.0000,3,0.755892,1,-0.553587,0
2018-01-15,sz.300456,44.9200,45.0200,40.4300,42.6500,44.9100,1626318,69415571.3000,3,2.249856,1,-5.032283,0
2018-01-16,sz.300456,42.0000,42.9200,40.7100,40.7100,42.6500,1707184,70932405.5700,3,2.361726,1,-4.548657,0
2018-01-17,sz.300456,40.5200,41.9500,40.5000,40.9800,40.7100,1016600,41831468.0000,3,1.406369,1,0.663229,0
2018-01-18,sz.300456,40.5500,41.3000,40.5500,40.9900,40.9800,605375,24765118.0000,3,0.837479,1,0.024407,0
2018-01-19,sz.300456,40.9800,45.0900,40.9500,42.2900,40.9900,1339875,56925596.2500,3,1.853589,1,3.171503,0
2018-01-22,sz.300456,42.4000,42.4200,41.0000,41.8200,42.2900,577475,24200434.7500,3,0.798882,1,-1.111377,0
2018-01-23,sz.300456,41.8300,42.6500,41.7000,41.9600,41.8200,502900,21080046.0000,3,0.695714,1,0.334767,0
2018-01-24,sz.300456,42.0300,42.6800,40.9000,42.6000,41.9600,934991,39178498.8400,3,1.293471,1,1.525261,0
2018-01-25,sz.300456,42.1500,42.6300,41.5700,41.5700,42.6000,847310,35683043.8000,3,1.172173,1,-2.417838,0
2018-01-26,sz.300456,41.4900,41.8700,40.8000,40.9500,41.5700,577104,23737584.3000,3,0.798368,1,-1.491458,0
2018-01-29,sz.300456,40.9500,41.5000,38.1000,38.8000,40.9500,1221687,48151235.1100,3,1.690087,1,-5.250309,0
2018-01-30,sz.300456,38.3700,39.4000,38.3700,38.6500,38.8000,419920,16326026.6000,3,0.580919,1,-0.386592,0
2018-01-31,sz.300456,38.4000,38.4000,34.8000,35.6700,38.6500,1855866,66860979.3200,3,2.567414,1,-7.710228,0
2018-02-01,sz.300456,35.8800,35.9500,33.5100,33.6500,35.6700,1233084,42376472.1800,3,1.705854,1,-5.663013,0
2018-02-02,sz.300456,33.5900,34.2900,33.1100,34.0000,33.6500,1709100,57612400.0000,3,2.364377,1,1.040114,0
2018-02-05,sz.300456,34.0000,34.4800,33.2200,34.0000,34.0000,785665,26604533.2000,3,1.086893,1,0.000000,0
2018-02-06,sz.300456,33.0000,33.9200,30.6000,30.6000,34.0000,2019581,62987491.9800,3,2.793898,1,-9.999999,0
2018-02-07,sz.300456,31.0000,31.9800,27.5400,27.5400,30.6000,6069106,169056960.2800,3,8.396029,1,-9.999998,0
2018-02-08,sz.300456,26.7700,27.9300,26.5200,27.3600,27.5400,3290103,90036034.3800,3,4.551544,1,-0.653596,0
2018-02-09,sz.300456,26.9900,27.9600,25.2500,27.9500,27.3600,4361421,115271893.0000,3,6.033610,1,2.156433,0
2018-02-12,sz.300456,27.9400,29.1000,27.6100,28.4900,27.9500,2405085,67968699.0700,3,3.327206,1,1.932018,0
2018-02-13,sz.300456,28.6500,28.7700,27.7100,27.8100,28.4900,1232641,34946805.1800,3,1.705241,1,-2.386804,0
2018-02-14,sz.300456,27.9600,28.3700,27.5800,28.1800,27.8100,681000,19134548.7300,3,0.942099,1,1.330460,0
2018-02-22,sz.300456,28.7000,29.0900,28.2000,28.5600,28.1800,873800,25106268.0000,3,1.208819,1,1.348471,0
2018-02-23,sz.300456,28.5800,28.8300,28.0300,28.5300,28.5600,854800,24362095.0000,3,1.182534,1,-0.105038,0
2018-02-26,sz.300456,28.5500,30.8000,28.4500,30.5300,28.5300,1672978,49903589.9600,3,2.314405,1,7.010165,0
2018-02-27,sz.300456,30.5300,33.5800,30.1500,32.8000,30.5300,3907404,126258953.5400,3,5.405521,1,7.435305,0
2018-02-28,sz.300456,32.2800,33.6900,31.0000,32.8000,32.8000,2774201,89996328.8600,3,3.837842,1,0.000000,0
2018-03-01,sz.300456,32.2000,34.5500,32.0100,33.7000,32.8000,2042555,68639141.5600,3,2.825680,1,2.743907,0
2018-03-02,sz.300456,33.7000,34.5000,33.0000,33.3000,33.7000,1479840,49764054.2700,3,2.047217,1,-1.186948,0
2018-03-05,sz.300456,33.3100,35.4400,33.3100,34.5800,33.3000,1780119,61041659.8800,3,2.462625,1,3.843852,0
2018-03-06,sz.300456,34.6500,36.0200,34.2500,34.7500,34.5800,1943600,68480268.6200,3,2.688785,1,0.491608,0
2018-03-07,sz.300456,34.7000,35.1500,34.1800,34.1800,34.7500,1104600,38226696.0000,3,1.528109,1,-1.640287,0
2018-03-08,sz.300456,34.1800,34.4700,33.2100,33.8000,34.1800,1199600,40584123.0000,3,1.659532,1,-1.111764,0
2018-03-09,sz.300456,33.7200,35.7000,33.7200,35.3700,33.8000,1626790,56890729.4000,3,2.250509,1,4.644969,0
2018-03-12,sz.300456,35.3700,36.7900,35.3100,35.9800,35.3700,1791838,64739334.8200,3,2.478837,1,1.724627,0
2018-03-13,sz.300456,35.5500,36.3900,35.2100,35.7000,35.9800,1285819,45980034.5000,3,1.778808,1,-0.778207,0
2018-03-14,sz.300456,35.6600,36.0000,34.2300,34.5700,35.7000,1216900,42756965.0000,3,1.683465,1,-3.165269,0
2018-03-15,sz.300456,34.5700,35.2500,33.5300,34.3300,34.5700,1372152,46881577.6800,3,1.898241,1,-0.694237,0
2018-03-16,sz.300456,34.3300,34.6100,34.0000,34.0200,34.3300,806050,27643552.5000,3,1.115093,1,-0.903004,0
2018-03-19,sz.300456,34.0200,34.5200,33.8900,34.0500,34.0200,892300,30597119.0000,3,1.234412,1,0.088180,0
2018-03-20,sz.300456,34.1500,34.1500,33.4200,33.8200,34.0500,1116350,37795476.5000,3,1.544364,1,-0.675476,0
2018-03-21,sz.300456,33.9900,35.4500,33.9000,34.1000,33.8200,1942578,67077013.9200,3,2.687371,1,0.827909,0
2018-03-22,sz.300456,34.1400,34.4700,32.7600,32.9000,34.1000,1574678,52930853.8000,3,2.178417,1,-3.519053,0
2018-03-23,sz.300456,31.5000,32.7800,30.5000,31.1400,32.9000,2060282,64736461.0400,3,2.850204,1,-5.349550,0
2018-03-26,sz.300456,30.3200,32.7400,30.1200,32.2500,31.1400,2118486,67837614.0500,3,2.930723,1,3.564549,0
2018-03-27,sz.300456,32.9000,34.5000,32.3500,34.0000,32.2500,2522486,84898818.0900,3,3.489619,1,5.426357,0
2018-03-28,sz.300456,33.8000,35.1800,33.0700,34.3000,34.0000,2601134,89185205.8200,3,3.598421,1,0.882351,0
2018-03-29,sz.300456,34.2400,35.1000,33.6200,33.8600,34.3000,2012061,68724407.1700,3,2.783494,1,-1.282795,0
2018-03-30,sz.300456,34.1000,36.8000,33.8400,36.8000,33.8600,5143239,182336336.9800,3,7.115181,1,8.682808,0
2018-04-02,sz.300456,37.2800,39.8700,37.2800,39.1400,36.8000,6300570,242386713.9400,3,8.716238,1,6.358696,0
2018-04-03,sz.300456,37.5100,38.8800,37.4600,38.4400,39.1400,2995362,114229861.6700,3,4.143798,1,-1.788454,0
2018-04-04,sz.300456,38.4100,39.3500,37.8100,37.9100,38.4400,3366627,130175063.8900,3,4.657407,1,-1.378769,0
2018-04-09,sz.300456,38.0500,41.3600,37.3000,40.3800,37.9100,5128132,203750818.5500,3,7.094281,1,6.515434,0
2018-04-10,sz.300456,39.8800,40.3300,37.3700,38.9000,40.3800,3649393,142434875.1900,3,5.048587,1,-3.665179,0
2018-04-11,sz.300456,39.0100,39.4500,37.8800,37.9300,38.9000,2182499,84109404.0200,3,3.019279,1,-2.493576,0
2018-04-12,sz.300456,37.9600,38.7800,37.7000,38.0200,37.9300,1521800,58243924.0000,3,2.105265,1,0.237280,0
2018-04-13,sz.300456,38.1500,38.6800,36.8500,36.9000,38.0200,2115147,79947465.2100,3,2.926104,1,-2.945815,0
2018-04-16,sz.300456,36.3300,37.8000,36.3300,37.6500,36.9000,2387382,89350839.9000,3,3.302715,1,2.032520,0
2018-04-17,sz.300456,38.1500,38.6800,36.3900,36.4000,37.6500,2468782,92958671.3600,3,3.415324,1,-3.320053,0
2018-04-18,sz.300456,36.8900,39.8500,36.8000,39.2800,36.4000,4333527,166617729.6000,3,5.995021,1,7.912080,0
2018-04-19,sz.300456,39.2700,41.3000,39.2300,39.6000,39.2800,4884553,196011264.9100,3,6.757313,1,0.814663,0
2018-04-20,sz.300456,40.2800,41.2100,39.6000,40.0200,39.6000,4491018,181430744.8500,3,6.262096,1,1.060611,0
2018-04-23,sz.300456,40.0200,40.5000,37.6000,38.9000,40.0200,3573601,140907375.4300,3,4.982887,1,-2.798598,0
2018-04-24,sz.300456,39.2100,41.0800,38.7300,41.0000,38.9000,3629418,146020190.4800,3,5.060716,1,5.398453,0
2018-04-25,sz.300456,40.8900,41.9000,39.8000,40.0700,41.0000,3120930,127007797.4100,3,4.351700,1,-2.268293,0
2018-04-26,sz.300456,39.6000,41.7500,39.5800,40.7000,40.0700,3645075,149552616.0200,3,5.082547,1,1.572251,0
2018-04-27,sz.300456,41.2500,41.3100,39.0000,39.9000,40.7000,2327427,92804270.9500,3,3.245271,1,-1.965600,0
2018-05-02,sz.300456,39.6000,40.3600,37.0000,37.5000,39.9000,2598767,98816967.5500,3,3.602761,1,-6.015041,0
2018-05-03,sz.300456,37.6000,37.9500,34.9700,37.6000,37.5000,3442247,125311449.9200,3,4.772106,1,0.266663,0
2018-05-04,sz.300456,37.1500,37.9000,36.5100,36.5100,37.6000,1558400,57788251.6400,3,2.160464,1,-2.898937,0
2018-05-07,sz.300456,36.5200,37.1500,36.1000,37.0300,36.5100,1656713,61176449.1700,3,2.296759,1,1.424269,0
2018-05-08,sz.300456,36.9000,37.5300,36.6000,37.0300,37.0300,1756428,65225234.2700,3,2.434997,1,0.000000,0
2018-05-09,sz.300456,36.8900,37.5900,36.7600,37.1900,37.0300,1107699,41205194.5200,3,1.535641,1,0.432082,0
2018-05-10,sz.300456,37.1900,37.3000,36.2600,36.7600,37.1900,1290413,47281412.1800,3,1.788944,1,-1.156226,0
2018-05-11,sz.300456,36.7600,36.9900,35.1100,35.4000,36.7600,1270935,45685356.2000,3,1.761941,1,-3.699665,0
2018-05-14,sz.300456,35.2000,36.2500,34.5200,34.6800,35.4000,1503279,53030650.0800,3,2.084048,1,-2.033902,0
2018-05-15,sz.300456,34.3700,35.3400,34.3700,35.3100,34.6800,1105148,38563194.9700,3,1.532105,1,1.816612,0
2018-05-16,sz.300456,35.4000,36.6500,34.9800,36.1200,35.3100,2225041,79972548.9700,3,2.328956,1,2.293961,0
2018-05-17,sz.300456,36.1300,37.2000,35.8900,36.8200,36.1200,1507950,55196462.5000,3,1.578375,1,1.937987,0
2018-05-18,sz.300456,37.0500,37.5800,35.8500,36.5200,36.8200,1258500,45976219.5000,3,1.317275,1,-0.814773,0
2018-05-21,sz.300456,36.4600,37.3600,36.4600,37.2500,36.5200,1256572,46667470.8200,3,1.315257,1,1.998903,0
2018-05-22,sz.300456,37.3000,37.4800,36.7800,37.3000,37.2500,975973,36186871.8000,3,1.021554,1,0.134226,0
2018-05-23,sz.300456,37.2500,37.6800,36.8500,37.1000,37.3000,1067410,39702845.2000,3,1.117261,1,-0.536195,0
2018-05-24,sz.300456,37.0700,37.3400,36.2000,36.2700,37.1000,1021959,37477871.9500,3,1.069687,1,-2.237191,0
2018-05-25,sz.300456,36.1000,36.9400,35.5000,35.7400,36.2700,1099500,39881198.0000,3,1.150850,1,-1.461259,0
2018-05-28,sz.300456,35.7500,36.2700,35.0000,35.2300,35.7400,1162281,41355273.8500,3,1.216563,1,-1.426978,0
2018-05-29,sz.300456,35.1000,36.1600,35.0800,35.1100,35.2300,748575,26666049.3800,3,0.783535,1,-0.340616,0
2018-05-30,sz.300456,35.2000,35.8000,34.0000,34.1000,35.1100,1102500,38583197.0000,3,1.153990,1,-2.876679,0
2018-05-31,sz.300456,34.1000,35.2500,33.8500,35.0300,34.1000,1518000,52639299.0000,3,1.588895,1,2.727274,0
2018-06-01,sz.300456,34.8100,35.5500,33.8800,33.9300,35.0300,1093200,37949212.5200,3,1.156490,1,-3.140161,0
2018-06-04,sz.300456,35.3000,35.8000,34.7500,34.9400,33.9300,1566045,55154392.7500,3,1.656710,1,2.976712,0
2018-06-05,sz.300456,34.7700,35.6800,34.7700,35.6300,34.9400,1659700,58419021.0000,3,1.755787,1,1.974821,0
2018-06-06,sz.300456,36.4000,36.4000,35.3000,35.9000,35.6300,1501600,53817017.0000,3,1.588534,1,0.757790,0
2018-06-07,sz.300456,23.9400,23.9400,23.0300,23.4400,23.9000,1529600,35827532.5000,3,1.078770,1,-1.924682,0
2018-06-08,sz.300456,23.4500,23.6800,22.0500,23.3500,23.4400,1160150,26804046.0000,3,0.818211,1,-0.383960,0
2018-06-11,sz.300456,23.4700,23.6900,23.0500,23.6000,23.3500,1871250,43823065.5000,3,1.319723,1,1.070664,0
2018-06-12,sz.300456,24.2300,25.2700,24.0100,24.6400,23.6000,4691525,116061672.4200,3,3.308758,1,4.406775,0
2018-06-13,sz.300456,24.0000,24.7700,23.6000,24.0300,24.6400,2755200,66863625.0200,3,1.943140,1,-2.475644,0
2018-06-14,sz.300456,24.2300,24.7800,23.9000,24.5800,24.0300,2359823,57549244.8500,3,1.664295,1,2.288802,0
2018-06-15,sz.300456,26.0000,26.8600,24.6900,25.0000,24.5800,5821516,148529491.8200,3,4.105699,1,1.708707,0
2018-06-19,sz.300456,24.6500,26.0000,23.5000,24.2200,25.0000,6757076,167955485.6300,3,4.765514,1,-3.120003,0
2018-06-20,sz.300456,23.5700,25.5000,23.0100,25.0500,24.2200,5095199,124473796.3500,3,3.593454,1,3.426919,0
2018-06-21,sz.300456,24.6300,25.2000,22.8800,22.9100,25.0500,4866755,116915825.2700,3,3.432341,1,-8.542912,0
2018-06-22,sz.300456,22.7000,22.9900,21.1300,22.6400,22.9100,3124273,69902247.3900,3,2.203434,1,-1.178527,0
2018-06-25,sz.300456,22.6700,22.8900,21.5000,21.7100,22.6400,2435123,54204224.0100,3,1.717402,1,-4.107775,0
2018-06-26,sz.300456,21.0000,22.5200,20.5700,22.3500,21.7100,2547050,55998556.0100,3,1.796340,1,2.947956,0
2018-06-27,sz.300456,22.1900,23.1200,22.0900,22.4200,22.3500,2215922,50048932.8400,3,1.562807,1,0.313198,0
2018-06-28,sz.300456,22.1500,22.5800,21.5500,21.5800,22.4200,2126650,46942539.8500,3,1.499847,1,-3.746655,0
2018-06-29,sz.300456,21.5300,22.6100,21.3100,22.6000,21.5800,3202912,71080024.4600,3,2.258895,1,4.726601,0
2018-07-02,sz.300456,22.6700,23.4000,22.5200,22.8000,22.6000,3649823,84006454.4400,3,2.574084,1,0.884951,0
2018-07-03,sz.300456,22.8400,24.6200,22.6200,24.5500,22.8000,5230898,124428968.4100,3,3.689158,1,7.675439,0
2018-07-04,sz.300456,24.3000,25.0000,24.0500,24.3300,24.5500,5082555,124317409.5600,3,3.584537,1,-0.896128,0
2018-07-05,sz.300456,24.0000,25.5000,24.0000,24.3700,24.3300,6619756,164655053.4600,3,4.668668,1,0.164410,0
2018-07-06,sz.300456,24.3000,25.8800,24.3000,24.9500,24.3700,7284725,182382121.8700,3,5.137646,1,2.379975,0
2018-07-09,sz.300456,25.1900,25.4900,24.7200,24.7700,24.9500,6598392,165060890.4300,3,4.653600,1,-0.721444,0
2018-07-10,sz.300456,24.7100,25.1500,24.2000,25.0500,24.7700,5668313,140530362.4200,3,3.997650,1,1.130395,0
2018-07-11,sz.300456,24.5500,24.9900,23.7700,24.3600,25.0500,5458588,132718616.3100,3,3.849739,1,-2.754486,0
2018-07-12,sz.300456,24.2700,25.6600,24.2100,25.3200,24.3600,6516466,164279612.9500,3,4.595821,1,3.940883,0
2018-07-13,sz.300456,25.4800,26.0900,25.4500,25.7600,25.3200,6810991,175525435.1100,3,4.803539,1,1.737759,0
2018-07-16,sz.300456,26.8900,28.3400,26.3800,28.3400,25.7600,17449020,484960568.8400,3,12.306145,1,10.015530,0
2018-07-17,sz.300456,28.0000,28.8800,27.8100,28.5500,28.3400,12413433,351598228.9100,3,8.754733,1,0.740999,0
2018-07-18,sz.300456,28.3500,28.5900,27.2700,27.4100,28.5500,9106356,253602910.7500,3,6.422374,1,-3.992993,0
2018-07-19,sz.300456,27.6000,27.7100,26.7600,27.2900,27.4100,5748550,156396683.0000,3,4.054238,1,-0.437792,0
2018-07-20,sz.300456,27.3500,27.7600,27.0400,27.2500,27.2900,5624590,154315378.0100,3,3.966814,1,-0.146577,0
2018-07-23,sz.300456,27.1300,28.3800,26.8800,28.1200,27.2500,7385274,206687877.0400,3,5.208559,1,3.192664,0
2018-07-24,sz.300456,28.0000,28.7000,27.8000,27.9300,28.1200,6610032,186448664.1600,3,4.661810,1,-0.675678,0
2018-07-25,sz.300456,27.9000,28.7000,27.7100,28.1600,27.9300,6229629,175485122.5300,3,4.393526,1,0.823486,0
2018-07-26,sz.300456,27.9400,28.0000,26.5500,26.5600,28.1600,5480801,149060021.4800,3,3.865405,1,-5.681819,0
2018-07-27,sz.300456,26.3800,28.9800,26.3800,28.9700,26.5600,10524706,295132554.4800,3,7.422684,1,9.073794,0
2018-07-30,sz.300456,28.7000,29.1000,27.5300,27.9300,28.9700,7021998,198136034.6300,3,4.952354,1,-3.589917,0
2018-07-31,sz.300456,27.8800,28.3500,26.7500,27.3300,27.9300,4550712,125158963.5400,3,3.209448,1,-2.148229,0
2018-08-01,sz.300456,27.5100,28.5000,26.9100,27.1800,27.3300,4733843,131810625.9500,3,3.338603,1,-0.548846,0
2018-08-02,sz.300456,27.5000,27.9700,26.0300,27.5000,27.1800,7162890,195086643.9900,3,5.051720,1,1.177335,0
2018-08-03,sz.300456,27.4900,27.6000,26.0100,26.1800,27.5000,4628476,124746561.5800,3,3.264292,1,-4.799999,0
2018-08-06,sz.300456,26.1200,26.9700,25.8000,26.4000,26.1800,4267356,113197796.4900,3,3.009607,1,0.840333,0
2018-08-07,sz.300456,26.7700,26.7900,24.0600,25.7900,26.4000,6865127,174765842.3400,3,4.841719,1,-2.310601,0
2018-08-08,sz.300456,25.6800,25.7000,23.7500,23.7500,25.7900,5716950,141475395.0000,3,4.031952,1,-7.910046,0
2018-08-09,sz.300456,23.6700,25.3300,23.1000,24.8200,23.7500,5373100,132953705.2000,3,3.789448,1,4.505262,0
2018-08-10,sz.300456,24.8200,25.6300,24.6500,25.4400,24.8200,4837699,122400971.1600,3,3.411849,1,2.497989,0
2018-08-13,sz.300456,24.9400,26.2300,24.1200,26.0800,25.4400,4076700,104257029.5100,3,2.875145,1,2.515721,0
2018-08-14,sz.300456,25.9200,26.1000,25.4200,25.7500,26.0800,2768100,71130714.0500,3,1.952238,1,-1.265337,0
2018-08-15,sz.300456,25.7000,25.9000,24.7100,24.9700,25.7500,2897150,73142114.5000,3,2.043252,1,-3.029129,0
2018-08-16,sz.300456,24.2600,24.9300,23.7300,23.7300,24.9700,4246800,102996742.0000,3,2.995110,1,-4.965959,0
2018-08-17,sz.300456,24.1200,24.4000,22.4200,22.5000,23.7300,4092950,95518581.1900,3,2.886605,1,-5.183311,0
2018-08-20,sz.300456,22.5600,23.4300,21.8400,23.2400,22.5000,4531700,102212714.5000,3,3.196039,1,3.288888,0
2018-08-21,sz.300456,23.1000,23.4300,22.7000,23.2400,23.2400,2991450,69344734.5000,3,2.109758,1,0.000000,0
2018-08-22,sz.300456,23.2500,23.6900,23.1100,23.6400,23.2400,2989350,69996038.5000,3,2.108277,1,1.721169,0
2018-08-23,sz.300456,23.5000,24.1000,22.9000,23.5900,23.6400,4301899,101210039.7900,3,3.029271,1,-0.211503,0
2018-08-24,sz.300456,23.4900,23.7800,23.1300,23.2000,23.5900,2906700,68054939.3800,3,2.046812,1,-1.653240,0
2018-08-27,sz.300456,23.1800,25.3600,23.1800,24.7900,23.2000,5542650,135154922.5100,3,3.902971,1,6.853448,0
2018-08-28,sz.300456,24.6800,25.3500,24.6100,25.1900,24.7900,4082999,102152725.1300,3,2.875128,1,1.613552,0
2018-08-29,sz.300456,25.0000,25.4700,24.7400,25.2300,25.1900,3432384,86309114.8500,3,2.416984,1,0.158789,0
2018-08-30,sz.300456,25.2300,25.5000,24.7000,25.0000,25.2300,3246700,81488888.0000,3,2.286230,1,-0.911611,0
2018-08-31,sz.300456,24.9000,25.1700,24.3200,24.3800,25.0000,2671753,66092034.6100,3,1.881370,1,-2.480003,0
2018-09-03,sz.300456,24.5200,25.4300,24.2800,25.4300,24.3800,3641291,90539896.9500,3,2.564090,1,4.306814,0
2018-09-04,sz.300456,25.3300,27.4600,25.1500,27.0500,25.4300,9681710,257522517.7600,3,6.817575,1,6.370424,0
2018-09-05,sz.300456,26.8800,27.5500,26.7000,27.0800,27.0500,5765578,156339731.7600,3,4.059950,1,0.110908,0
2018-09-06,sz.300456,26.9100,27.8500,26.7400,27.5800,27.0800,5003317,136988726.7100,3,3.523188,1,1.846381,0
2018-09-07,sz.300456,27.4300,27.7800,26.0800,26.9500,27.5800,5676002,153798534.2800,3,3.996873,1,-2.284261,0
2018-09-10,sz.300456,26.6000,27.3200,26.5100,26.8000,26.9500,4043506,108950749.1300,3,2.847318,1,-0.556592,0
2018-09-11,sz.300456,26.7900,27.8700,26.5600,27.8600,26.8000,6528898,178901265.9200,3,4.597458,1,3.955229,0
2018-09-12,sz.300456,27.8000,28.4100,27.3800,27.8600,27.8600,5873218,163584428.9300,3,4.135747,1,0.000000,0
2018-09-13,sz.300456,27.9100,28.3800,26.9000,27.6200,27.8600,6068900,167822605.8300,3,4.273541,1,-0.861449,0
2018-09-14,sz.300456,27.5000,27.9300,26.5800,26.9400,27.6200,4535513,122959041.6100,3,3.193775,1,-2.461985,0
2018-09-17,sz.300456,26.8900,27.2200,26.6000,26.9700,26.9400,2329112,62745509.3200,3,1.640092,1,0.111354,0
2018-09-18,sz.300456,26.9700,27.1000,26.1300,26.8500,26.9700,3520537,94064133.1200,3,2.479058,1,-0.444935,0
2018-09-19,sz.300456,26.7000,28.3700,26.6200,27.9600,26.8500,6576814,181405514.4000,3,5.015784,1,4.134073,0
2018-09-20,sz.300456,27.9800,28.0100,27.1200,27.1900,27.9600,4409750,121627014.5000,3,3.363080,1,-2.753929,0
2018-09-21,sz.300456,27.1800,27.5600,26.8100,27.5000,27.1900,4045468,110408215.0600,3,3.085262,1,1.140123,0
2018-09-25,sz.300456,27.5200,28.8000,27.3500,28.5000,27.5000,6511764,184365972.1000,3,4.966173,1,3.636364,0
2018-09-26,sz.300456,28.4000,28.6000,28.0400,28.3900,28.5000,3877630,109643051.3500,3,2.957261,1,-0.385967,0
2018-09-27,sz.300456,28.3900,29.1200,27.7800,27.7800,28.3900,4868669,138387369.6900,3,3.713073,1,-2.148639,0
2018-09-28,sz.300456,27.7700,27.7700,26.7900,27.7100,27.7800,3917996,107341895.8300,3,2.988046,1,-0.251986,0
2018-10-08,sz.300456,26.9000,27.2000,26.1800,26.4700,27.7100,3159471,84304635.6500,3,2.384498,1,-4.474918,0
2018-10-09,sz.300456,26.4000,26.7500,23.8200,24.2400,26.4700,6353660,157571128.9100,3,4.795197,1,-8.424630,0
2018-10-10,sz.300456,24.2200,24.3900,23.6400,24.1500,24.2400,2843710,68289643.3800,3,2.146188,1,-0.371288,0
2018-10-11,sz.300456,23.0000,23.6000,21.7400,21.7400,24.1500,4738910,106681564.4400,3,3.576523,1,-9.979296,0
2018-10-12,sz.300456,21.7800,21.9800,19.7000,20.8800,21.7400,7388558,153421516.1300,3,5.576250,1,-3.955845,0
2018-10-15,sz.300456,21.0400,21.5700,20.7400,20.9200,20.8800,4234873,89639500.9600,3,3.196119,1,0.191575,0
2018-10-16,sz.300456,20.9000,21.5300,19.9000,20.2000,20.9200,3921861,81446841.0800,3,2.959884,1,-3.441679,0
2018-10-17,sz.300456,20.6400,21.2800,20.1300,21.1800,20.2000,4451221,92768602.2400,3,3.359400,1,4.851483,0
2018-10-18,sz.300456,20.9900,21.0900,20.4100,20.6600,21.1800,2815725,58484771.8500,3,2.125068,1,-2.455148,0
2018-10-19,sz.300456,20.0100,21.5000,19.8000,21.3500,20.6600,4331817,90387510.3700,3,3.269284,1,3.339790,0
2018-10-22,sz.300456,21.7800,22.7600,21.5100,22.3800,21.3500,4692667,104063767.0300,3,3.541622,1,4.824350,0
2018-10-23,sz.300456,22.1400,22.4900,21.0700,21.4500,22.3800,4252611,92638399.5300,3,3.209506,1,-4.155489,0
2018-10-24,sz.300456,21.3000,21.6100,20.9400,21.0800,21.4500,2448671,52013428.1400,3,1.848047,1,-1.724946,0
2018-10-25,sz.300456,19.8300,20.8300,19.8300,20.6300,21.0800,2969021,60160273.9800,3,2.240762,1,-2.134728,0
2018-10-26,sz.300456,20.9100,21.6300,20.7000,21.0600,20.6300,3079190,65454995.5600,3,2.323908,1,2.084345,0
2018-10-29,sz.300456,21.1100,21.2900,20.1700,20.6400,21.0600,2816850,58571990.5000,3,2.125917,1,-1.994303,0
2018-10-30,sz.300456,20.6400,21.3000,19.9300,21.3000,20.6400,3687250,76503851.9700,3,2.782820,1,3.197674,0
2018-10-31,sz.300456,21.3000,21.5700,20.9000,21.3200,21.3000,3472209,73880180.7000,3,2.620525,1,0.093899,0
2018-11-01,sz.300456,21.7200,22.1000,21.3700,21.4100,21.3200,3597350,78206760.5000,3,2.714971,1,0.422140,0
2018-11-02,sz.300456,21.7500,22.7200,21.7500,22.5500,21.4100,5283659,117003404.3000,3,3.987652,1,5.324612,0
2018-11-05,sz.300456,22.1300,22.7700,21.6300,22.3500,22.5500,5082209,112977762.4000,3,3.835615,1,-0.886913,0
2018-11-06,sz.300456,22.2500,22.2800,21.5200,21.9400,22.3500,2411250,52629916.5000,3,1.819805,1,-1.834451,0
2018-11-07,sz.300456,21.9800,22.4600,21.8600,22.0800,21.9400,2604100,57777397.0000,3,1.965351,1,0.638101,0
2018-11-08,sz.300456,22.1700,22.3200,21.6400,21.7000,22.0800,1936609,42320046.9400,3,1.461586,1,-1.721011,0
2018-11-09,sz.300456,21.7300,21.9300,21.4900,21.6000,21.7000,1919850,41827256.5500,3,1.448938,1,-0.460831,0
2018-11-12,sz.300456,21.4100,22.4300,21.4100,22.4300,21.6000,2976500,65922041.1000,3,2.246407,1,3.842592,0
2018-11-13,sz.300456,22.1700,22.9300,22.1100,22.6200,22.4300,3185225,71809513.0000,3,2.403935,1,0.847082,0
2018-11-14,sz.300456,22.4200,23.1000,22.4200,23.1000,22.6200,3440584,78773471.6100,3,2.596658,1,2.122014,0
2018-11-15,sz.300456,23.6500,23.8700,23.0100,23.4000,23.1000,3704234,86437039.3100,3,2.795638,1,1.298698,0
2018-11-16,sz.300456,23.4800,24.4200,23.2400,24.0600,23.4000,5147850,122851851.0000,3,3.885156,1,2.820512,0
2018-11-19,sz.300456,24.0500,24.0600,23.0500,23.1800,24.0600,4103250,95911196.6400,3,3.096781,1,-3.657519,0
2018-11-20,sz.300456,23.0100,23.8800,22.8000,22.9000,23.1800,3466700,81068874.5000,3,2.616368,1,-1.207941,0
2018-11-21,sz.300456,22.5200,22.9000,22.2000,22.6900,22.9000,2415674,54645297.5700,3,1.823143,1,-0.917027,0
2018-11-22,sz.300456,22.8800,24.2000,22.8500,23.8700,22.6900,5005772,118153664.5400,3,3.777927,1,5.200530,0
2018-11-23,sz.300456,23.7000,23.7000,22.6000,22.6600,23.8700,3287813,75681485.4300,3,2.481359,1,-5.069129,0
2018-11-26,sz.300456,22.6600,23.2400,22.5500,23.0000,22.6600,2859800,65758722.7200,3,2.158332,1,1.500442,0
2018-11-27,sz.300456,23.0900,23.3100,22.7500,23.2300,23.0000,2474038,57063440.4200,3,1.867192,1,0.999998,0
2018-11-28,sz.300456,24.0500,25.4900,23.6900,23.7600,23.2300,7731821,188582711.0700,3,5.835315,1,2.281535,0
2018-11-29,sz.300456,23.4900,24.7800,23.4900,23.7600,23.7600,5721689,138035087.8700,3,4.318240,1,0.000000,0
2018-11-30,sz.300456,23.6000,23.6000,22.3700,23.0600,23.7600,5175114,119014753.9100,3,3.905732,1,-2.946131,0
2018-12-03,sz.300456,23.7300,24.3300,23.6400,23.7000,23.0600,5375550,128720490.1800,3,4.057004,1,2.775374,0
2018-12-04,sz.300456,23.9600,24.4000,23.6600,24.0800,23.7000,4512415,108368669.7000,3,3.405584,1,1.603372,0
2018-12-05,sz.300456,23.4100,23.9000,23.2500,23.8000,24.0800,3362766,79531416.1000,3,2.537927,1,-1.162794,0
2018-12-06,sz.300456,23.5100,24.1200,23.4100,23.8800,23.8000,3260204,77740554.7500,3,2.460522,1,0.336134,0
2018-12-07,sz.300456,23.9500,24.2600,23.6700,24.1000,23.8800,2663550,63978665.0000,3,2.010219,1,0.921278,0
2018-12-10,sz.300456,23.9700,24.2000,23.7300,23.8300,24.1000,2155934,51563905.0600,3,1.627114,1,-1.120334,0
2018-12-11,sz.300456,23.9000,24.1000,23.5300,24.0900,23.8300,3427647,81625684.9000,3,2.586894,1,1.091063,0
2018-12-12,sz.300456,24.5100,24.9700,23.8300,23.8500,24.0900,3871733,94250909.1500,3,2.922052,1,-0.996263,0
2018-12-13,sz.300456,23.6800,24.0800,23.5500,23.8300,23.8500,2832043,67491933.0500,3,2.137383,1,-0.083859,0
2018-12-14,sz.300456,23.6800,23.8900,22.2200,22.3000,23.8300,4325991,99672592.7000,3,3.264887,1,-6.420481,0
2018-12-17,sz.300456,22.0000,22.2500,21.6100,21.8200,22.3000,3008585,65858587.6900,3,2.270622,1,-2.152464,0
2018-12-18,sz.300456,21.7000,21.9300,21.4200,21.7800,21.8200,1806013,39181439.4100,3,1.363024,1,-0.183313,0
2018-12-19,sz.300456,22.3600,22.4900,21.6000,21.7500,21.7800,2155719,47611928.0000,3,1.626952,1,-0.137744,0
2018-12-20,sz.300456,21.4500,21.9400,21.4100,21.5600,21.7500,2044750,44210137.5000,3,1.543202,1,-0.873566,0
2018-12-21,sz.300456,21.4100,21.5000,20.9200,21.1900,21.5600,2018976,42806302.7500,3,1.523750,1,-1.716136,0
2018-12-24,sz.300456,21.2800,21.9500,21.0600,21.8600,21.1900,2161864,46695743.7600,3,1.631589,1,3.161869,0
2018-12-25,sz.300456,21.5200,22.7900,21.2500,22.7000,21.8600,3225665,70655494.4500,3,2.434455,1,3.842635,0
2018-12-26,sz.300456,22.3900,22.8900,22.3400,22.4600,22.7000,2592215,58670642.6700,3,1.956381,1,-1.057276,0
2018-12-27,sz.300456,22.7300,22.9900,22.1200,22.1500,22.4600,2541649,57492049.8500,3,1.918219,1,-1.380229,0
2018-12-28,sz.300456,22.4300,22.8900,22.0700,22.1200,22.1500,1984550,44510795.0000,3,1.497768,1,-0.135435,0
2019-01-02,sz.300456,22.1900,23.7900,22.1200,23.1100,22.1200,4712878,108250710.4000,3,3.556876,1,4.475586,0
2019-01-03,sz.300456,23.3500,23.9500,23.2000,23.3000,23.1100,5243912,123907388.1400,3,3.957655,1,0.822149,0
2019-01-04,sz.300456,23.0200,23.9600,22.9900,23.8900,23.3000,5577012,131646594.6600,3,4.209050,1,2.532190,0
2019-01-07,sz.300456,23.9000,25.9000,23.9000,25.3000,23.8900,9094085,225265115.9700,3,6.863435,1,5.902050,0
2019-01-08,sz.300456,25.0200,25.5800,24.7100,25.0200,25.3000,5605558,140469065.0400,3,4.230594,1,-1.106715,0
2019-01-09,sz.300456,24.4200,25.2000,24.3600,24.5800,25.0200,6809837,167914588.2200,3,5.139481,1,-1.758595,0
2019-01-10,sz.300456,24.6500,25.0800,24.5600,24.7700,24.5800,3642342,90292653.8800,3,2.748927,1,0.772988,0
2019-01-11,sz.300456,24.6100,24.9900,24.2600,24.7000,24.7700,3594780,88437512.4000,3,2.713032,1,-0.282599,0
2019-01-14,sz.300456,24.7500,24.8600,24.0500,24.4000,24.7000,3736821,91069069.0300,3,2.820232,1,-1.214579,0
2019-01-15,sz.300456,25.0000,25.8000,24.6300,24.9700,24.4000,8705340,219277810.9000,3,6.570044,1,2.336064,0
2019-01-16,sz.300456,24.9300,26.5200,24.9000,25.8300,24.9700,9663612,248455419.9600,3,7.293265,1,3.444136,0
2019-01-17,sz.300456,25.5100,25.7500,24.9700,25.0200,25.8300,5238065,132613884.9900,3,3.953242,1,-3.135886,0
2019-01-18,sz.300456,25.0500,25.1800,24.3700,24.9800,25.0200,4563550,113344552.6600,3,3.444176,1,-0.159876,0
2019-01-21,sz.300456,25.1000,25.1800,24.8200,24.9400,24.9800,2712424,67739658.4300,3,2.047105,1,-0.160124,0
2019-01-22,sz.300456,24.5000,24.7700,24.2000,24.4900,24.9400,2952530,72249091.0200,3,2.228316,1,-1.804333,0
2019-01-23,sz.300456,24.5000,24.7000,23.9700,24.0400,24.4900,3376800,81787679.5000,3,2.548519,1,-1.837480,0
2019-01-24,sz.300456,24.1000,25.8000,24.0900,25.2700,24.0400,7188729,179898201.6100,3,5.425436,1,5.116470,0
2019-01-25,sz.300456,25.1000,25.6800,24.8500,24.9500,25.2700,4494900,113436287.8800,3,3.392365,1,-1.266322,0
2019-01-28,sz.300456,25.3900,25.9000,24.9000,25.0300,24.9500,5159950,130861486.5000,3,3.894288,1,0.320641,0
2019-01-29,sz.300456,24.8000,25.1500,23.7800,24.1500,25.0300,4218350,102398333.0000,3,3.183649,1,-3.515785,0
2019-01-30,sz.300456,24.0200,24.8000,23.9500,24.2000,24.1500,2319956,56655714.2800,3,1.750904,1,0.207044,0
2019-01-31,sz.300456,24.1800,24.4400,23.4200,23.7600,24.2000,3216107,77077573.2000,3,2.427242,1,-1.818184,0
2019-02-01,sz.300456,24.0200,25.0400,23.9200,24.9300,23.7600,3371274,83075752.9300,3,2.544348,1,4.924242,0
2019-02-11,sz.300456,24.9500,25.5400,24.0000,25.4600,24.9300,4761168,120150268.3400,3,3.316636,1,2.125948,0
2019-02-12,sz.300456,25.4200,26.1400,25.3900,25.8700,25.4600,4983560,128552759.6000,3,3.471555,1,1.610376,0
2019-02-13,sz.300456,25.8600,26.5800,25.6500,26.1100,25.8700,6216565,163002240.6300,3,4.330468,1,0.927715,0
2019-02-14,sz.300456,26.0800,26.4700,25.9300,26.1200,26.1100,4927221,129061981.6700,3,3.432309,1,0.038300,0
2019-02-15,sz.300456,26.2400,26.5000,25.5700,25.6700,26.1200,5303730,137474483.9000,3,3.694586,1,-1.722821,0
2019-02-18,sz.300456,25.9600,26.8900,25.7000,26.7900,25.6700,7008970,185225404.6000,3,4.882458,1,4.363073,0
2019-02-19,sz.300456,26.5500,27.8000,26.5100,27.5400,26.7900,9445174,257072198.8200,3,6.579521,1,2.799552,0
2019-02-20,sz.300456,27.5600,27.5600,26.7300,27.1700,27.5400,4662852,126200908.2700,3,3.248149,1,-1.343503,0
2019-02-21,sz.300456,27.0000,27.7500,26.8200,26.8800,27.1700,5985303,163049135.2700,3,4.169370,1,-1.067357,0
2019-02-22,sz.300456,27.0700,27.7700,26.7100,27.7700,26.8800,6400354,174535873.2800,3,4.458495,1,3.311017,0
2019-02-25,sz.300456,28.8800,29.6600,28.3700,29.0400,27.7700,11440849,331901515.3600,3,7.969711,1,4.573282,0
2019-02-26,sz.300456,29.1000,31.5700,28.5800,30.0100,29.0400,13098403,395045475.6800,3,9.124366,1,3.340218,0
2019-02-27,sz.300456,30.8000,31.4000,29.3800,30.0700,30.0100,11086529,337335891.5700,3,7.722891,1,0.199932,0
2019-02-28,sz.300456,30.0000,30.8500,29.5700,30.0800,30.0700,6104540,183704839.5000,3,4.252431,1,0.033257,0
2019-03-01,sz.300456,30.5400,30.5400,29.4000,29.7500,30.0800,5614802,167280030.9200,3,3.911279,1,-1.097074,0
2019-03-04,sz.300456,30.1000,30.8800,29.6000,30.3000,29.7500,9202069,278470463.2100,3,6.410174,1,1.848737,0
2019-03-05,sz.300456,30.2500,31.4500,29.9800,31.4200,30.3000,9207604,281598489.7800,3,6.414030,1,3.696372,0
2019-03-06,sz.300456,31.4300,31.9000,29.7200,30.4700,31.4200,12924022,394917678.4400,3,9.002892,1,-3.023554,0
2019-03-07,sz.300456,29.9800,30.5000,29.5000,30.1200,30.4700,9576350,286319385.5000,3,6.670899,1,-1.148666,0
2019-03-08,sz.300456,29.5000,33.1300,29.2000,30.9000,30.1200,17821936,563722119.3900,3,12.414785,1,2.589637,0
2019-03-11,sz.300456,31.7800,32.5000,31.2000,31.9700,30.9000,10523957,335077520.5000,3,7.331003,1,3.462782,0
2019-03-12,sz.300456,32.3500,33.0500,31.7800,32.8000,31.9700,12174142,394179382.0000,3,8.480524,1,2.596184,0
2019-03-13,sz.300456,34.3000,34.3000,31.0300,31.3100,32.8000,10377554,339260946.6000,3,7.229018,1,-4.542682,0
2019-03-14,sz.300456,30.9300,31.3500,29.6000,30.2000,31.3100,6897843,208770833.8200,3,4.805047,1,-3.545189,0
2019-03-15,sz.300456,30.1300,30.5000,29.7700,30.0000,30.2000,5176010,155887465.2500,3,3.605616,1,-0.662254,0
2019-03-18,sz.300456,30.0100,30.3300,29.4100,30.3000,30.0000,5751050,172191094.0000,3,4.006189,1,0.999997,0
2019-03-19,sz.300456,30.4000,31.2700,30.1500,30.4600,30.3000,6164295,188906207.2700,3,4.294056,1,0.528052,0
2019-03-20,sz.300456,30.5700,30.5700,29.2900,29.8300,30.4600,6310306,188162196.3800,3,4.395768,1,-2.068284,0
2019-03-21,sz.300456,29.9000,30.2600,29.6700,30.0000,29.8300,5730517,171814210.3900,3,3.991886,1,0.569896,0
2019-03-22,sz.300456,30.1100,30.2500,29.4000,30.2000,30.0000,5228150,156137535.4400,3,3.641937,1,0.666669,0
2019-03-25,sz.300456,29.7100,31.9300,29.6100,30.9500,30.2000,9563638,296298200.7700,3,6.662043,1,2.483444,0
2019-03-26,sz.300456,31.0000,31.1400,29.2700,29.4000,30.9500,7199476,216431091.0300,3,5.015165,1,-5.008081,0
2019-03-27,sz.300456,29.4800,29.7000,28.2200,28.6000,29.4000,6393100,183895372.5000,3,4.453442,1,-2.721086,0
2019-03-28,sz.300456,28.6400,29.9800,28.5300,28.9900,28.6000,6143986,180425857.0800,3,4.279909,1,1.363634,0
2019-03-29,sz.300456,28.9000,29.7100,28.0000,29.5800,28.9900,6152750,178631233.5000,3,4.286014,1,2.035185,0
2019-04-01,sz.300456,29.6300,30.3900,29.6300,30.3600,29.5800,7083125,213624635.8900,3,4.934115,1,2.636919,0
2019-04-02,sz.300456,30.6000,31.5500,30.2600,30.8900,30.3600,7968117,247085830.5800,3,5.550601,1,1.745714,0
2019-04-03,sz.300456,30.7100,31.4500,30.5900,31.0200,30.8900,5604151,173484710.1300,3,3.903859,1,0.420852,0
2019-04-04,sz.300456,31.1000,31.6600,30.7100,31.1800,31.0200,6276513,195338274.2600,3,4.372228,1,0.515796,0
2019-04-08,sz.300456,31.0000,31.6400,29.1000,29.7000,31.1800,7849839,238650342.9500,3,5.468209,1,-4.746631,0
2019-04-09,sz.300456,29.9000,30.3300,29.5000,30.0200,29.7000,4082655,122315262.6100,3,2.843983,1,1.077440,0
2019-04-10,sz.300456,30.3000,30.7400,29.5300,29.6600,30.0200,4985290,149975618.1100,3,3.472760,1,-1.199203,0
2019-04-11,sz.300456,29.5600,29.8900,28.8900,29.0200,29.6600,4256779,124893161.2500,3,2.965278,1,-2.157786,0
2019-04-12,sz.300456,28.8800,29.2800,28.7800,29.0900,29.0200,2374900,68908158.5000,3,1.654359,1,0.241212,0
2019-04-15,sz.300456,29.6500,29.9400,28.8800,29.0100,29.0900,3889315,114664892.8600,3,2.709302,1,-0.275008,0
2019-04-16,sz.300456,28.8800,30.0900,28.5000,30.0900,29.0100,4567168,133931601.8400,3,3.181496,1,3.722854,0
2019-04-17,sz.300456,30.1000,30.4800,29.8100,30.1100,30.0900,3320484,99842846.3200,3,2.313054,1,0.066469,0
2019-04-18,sz.300456,30.1000,30.1100,29.5000,29.7800,30.1100,2948000,87848266.5000,3,2.053581,1,-1.095981,0
2019-04-19,sz.300456,30.1500,30.9600,29.9900,30.8000,29.7800,7336536,223780613.2400,3,5.110641,1,3.425113,0
2019-04-22,sz.300456,30.9000,31.0000,29.7000,29.7000,30.8000,4534900,137259987.3400,3,3.159018,1,-3.571424,0
2019-04-23,sz.300456,29.7000,29.9000,28.7800,28.9300,29.7000,3189250,93019681.5000,3,2.221636,1,-2.592594,0
2019-04-24,sz.300456,28.8100,29.4000,28.8100,29.2800,28.9300,2565650,74699712.0000,3,1.787235,1,1.209818,0
2019-04-25,sz.300456,29.3000,29.3000,27.8200,27.8700,29.2800,4138432,117847771.6000,3,2.882837,1,-4.815573,0
2019-04-26,sz.300456,27.8000,28.0900,27.5000,27.5900,27.8700,2358438,65639736.7800,3,1.642891,1,-1.004667,0
2019-04-29,sz.300456,27.5900,27.8000,26.1000,26.3800,27.5900,3101382,83310341.9000,3,2.160427,1,-4.385651,0
2019-04-30,sz.300456,26.4000,27.1000,26.3500,26.8400,26.3800,2013168,53814897.1600,3,1.402376,1,1.743749,0
2019-05-06,sz.300456,26.0400,26.5000,24.3500,24.7400,26.8400,4153182,105987663.0400,3,2.893112,1,-7.824144,0
2019-05-07,sz.300456,24.7500,25.1600,24.4300,24.9900,24.7400,2104500,52383469.5000,3,1.465998,1,1.010509,0
2019-05-08,sz.300456,24.6800,25.8000,24.2100,25.2500,24.9900,2699968,68180884.6600,3,1.880801,1,1.040417,0
2019-05-09,sz.300456,25.2500,26.5800,25.2500,26.0200,25.2500,4270348,111049150.8400,3,2.974730,1,3.049507,0
2019-05-10,sz.300456,26.2500,27.6500,25.6000,27.6000,26.0200,5927078,158249916.7200,3,4.128811,1,6.072252,0
2019-05-13,sz.300456,27.0400,27.9800,26.9500,27.1900,27.6000,4307094,118292215.0800,3,3.158015,1,-1.485507,0
2019-05-14,sz.300456,26.5800,27.4500,26.5000,26.8800,27.1900,2953512,80151111.4200,3,2.157579,1,-1.140130,0
2019-05-15,sz.300456,27.1900,27.7500,26.9800,27.1800,26.8800,3587577,97658828.2300,3,2.620771,1,1.116076,0
2019-05-16,sz.300456,27.3000,27.5600,26.8600,27.2800,27.1800,3254818,88543906.1200,3,2.377687,1,0.367919,0
2019-05-17,sz.300456,27.5500,28.2000,26.4600,26.7400,27.2800,4652162,127687974.5600,3,3.398464,1,-1.979475,0
2019-05-20,sz.300456,27.9000,28.5600,27.0000,28.5400,26.7400,8236934,229239073.2400,3,6.017187,1,6.731493,0
2019-05-21,sz.300456,28.4500,28.4500,27.5800,28.3600,28.5400,6889651,193366748.6900,3,5.032979,1,-0.630695,0
2019-05-22,sz.300456,28.2500,28.4800,27.5800,28.1500,28.3600,4519445,126627292.9500,3,3.301513,1,-0.740483,0
2019-05-23,sz.300456,28.2800,29.1400,27.9000,28.2100,28.1500,7559576,215657148.0300,3,5.522368,1,0.213142,0
2019-05-24,sz.300456,27.5100,27.8000,26.3000,26.4100,28.2100,6012307,161545838.9700,3,4.392068,1,-6.380714,0
2019-05-27,sz.300456,26.1600,28.1300,26.1600,28.0500,26.4100,5242273,143917013.2300,3,3.829548,1,6.209767,0
2019-05-28,sz.300456,28.1200,28.3500,27.5800,27.7700,28.0500,3805668,106257248.2600,3,2.780090,1,-0.998213,0
2019-05-29,sz.300456,27.5300,28.9500,27.4200,28.1900,27.7700,4690488,132848947.2200,3,3.426462,1,1.512424,0
2019-05-30,sz.300456,27.9300,28.1300,27.2000,27.8100,28.1900,3588886,99413631.0700,3,2.621728,1,-1.347999,0
2019-05-31,sz.300456,27.8600,28.3000,27.5800,28.1700,27.8100,3629680,101938491.8600,3,2.651528,1,1.294501,0
2019-06-03,sz.300456,28.3700,28.6800,27.3800,27.4300,28.1700,3967270,110586169.4700,3,2.898142,1,-2.626907,0
2019-06-04,sz.300456,27.1600,27.4700,26.6200,26.8600,27.4300,2988345,80737179.4800,3,2.183025,1,-2.078016,0
2019-06-05,sz.300456,27.1500,27.4400,26.8000,26.9200,26.8600,2159990,58592945.0800,3,1.577901,1,0.223379,0
2019-06-06,sz.300456,26.6000,26.9800,25.7700,25.9500,26.9200,2501469,65674558.8400,3,1.827355,1,-3.603266,0
2019-06-10,sz.300456,26.1500,27.0800,26.1000,26.7600,25.9500,2443881,65242264.8500,3,1.785287,1,3.121385,0
2019-06-11,sz.300456,26.9500,28.0000,26.4000,27.8600,26.7600,4164516,113606989.4400,3,3.042233,1,4.110614,0
2019-06-12,sz.300456,27.7100,28.6700,27.7000,28.3000,27.8600,5739190,161429441.9200,3,4.192552,1,1.579320,0
2019-06-13,sz.300456,28.1200,28.8000,27.9100,28.6200,28.3000,4994882,142460884.0300,3,3.648826,1,1.130748,0
2019-06-14,sz.300456,28.4500,28.8700,27.6600,27.7500,28.6200,3800985,107294493.0900,3,2.776669,1,-3.039835,0
2019-06-17,sz.300456,27.9800,28.6100,27.8200,28.2200,27.7500,3608700,101939952.5000,3,2.636202,1,1.693691,0
2019-06-18,sz.300456,28.3900,28.8500,27.8900,28.2000,28.2200,4510000,128138362.5200,3,3.294613,1,-0.070867,0
2019-06-19,sz.300456,28.8000,29.5700,28.5500,29.1500,28.2000,7643262,222545017.9000,3,5.583501,1,3.368790,0
2019-06-20,sz.300456,28.7900,28.7900,27.8000,28.6100,29.1500,6643514,188494591.1400,3,4.853173,1,-1.852484,0
2019-06-21,sz.300456,28.6000,29.1900,28.5100,28.9200,28.6100,4904494,141455989.0800,3,3.582796,1,1.083535,0
2019-06-24,sz.300456,28.9200,28.9300,28.0100,28.3100,28.9200,3224460,91441856.6200,3,2.355510,1,-2.109269,0
2019-06-25,sz.300456,28.1600,28.2900,27.2900,27.6900,28.3100,3393925,93907050.0000,3,2.479306,1,-2.190035,0
2019-06-26,sz.300456,27.5000,27.9200,27.4900,27.7900,27.6900,1835862,50956630.4600,3,1.341121,1,0.361143,0
2019-06-27,sz.300456,28.3500,28.4300,27.7600,28.2300,27.7900,3756760,105695065.5000,3,2.610853,1,1.583298,0
2019-06-28,sz.300456,28.1900,28.1900,27.1600,27.3000,28.2300,2933710,80853258.8000,3,2.038854,1,-3.294369,0
2019-07-01,sz.300456,28.0000,29.9300,27.8800,29.5700,27.3000,8419247,243899572.3300,3,5.851164,1,8.315020,0
2019-07-02,sz.300456,29.4400,30.1800,29.2200,29.8600,29.5700,7359625,219263781.6300,3,5.114753,1,0.980727,0
2019-07-03,sz.300456,29.8900,29.9900,29.1100,29.2900,29.8600,5140179,151260510.3800,3,3.572295,1,-1.908907,0
2019-07-04,sz.300456,15.4700,15.5800,14.8200,15.0500,15.3600,10661146,161419747.6100,3,3.899593,1,-2.018226,0
2019-07-05,sz.300456,15.3500,15.3600,14.9300,15.0800,15.0500,7026722,106029831.0100,3,2.570208,1,0.199334,0
2019-07-08,sz.300456,15.0700,15.0800,13.6000,13.8100,15.0800,11458950,161993644.0600,3,4.191411,1,-8.421747,0
2019-07-09,sz.300456,13.9000,14.0900,13.7300,13.9500,13.8100,4439820,61762873.4000,3,1.623980,1,1.013754,0
2019-07-10,sz.300456,13.9000,14.3800,13.9000,14.0500,13.9500,4715960,66542116.2500,3,1.724986,1,0.716849,0
2019-07-11,sz.300456,14.1500,14.2000,13.4700,13.6300,14.0500,5896942,81381569.9800,3,2.156961,1,-2.989324,0
2019-07-12,sz.300456,13.5100,13.7400,13.1100,13.6300,13.6300,4280980,57916945.9000,3,1.565881,1,0.000000,0
2019-07-15,sz.300456,12.9000,13.0900,12.3100,12.9800,13.6300,11098460,141363153.4400,3,4.059552,1,-4.768897,0
2019-07-16,sz.300456,12.9400,13.2300,12.8500,13.0000,12.9800,5149951,67324343.0100,3,1.883729,1,0.154087,0
2019-07-17,sz.300456,13.1500,13.4300,12.9000,13.4100,13.0000,8024075,105918119.3000,3,2.935015,1,3.153845,0
2019-07-18,sz.300456,13.2500,13.3300,12.7500,12.7500,13.4100,6040610,78366262.2600,3,2.209511,1,-4.921700,0
2019-07-19,sz.300456,12.7500,13.0600,12.7300,12.8800,12.7500,4525030,58603251.3500,3,1.655148,1,1.019609,0
2019-07-22,sz.300456,12.8300,12.9800,12.3000,12.3500,12.8800,5220160,65188581.3800,3,1.909410,1,-4.114904,0
2019-07-23,sz.300456,12.4400,12.5600,12.2200,12.4800,12.3500,3117315,38797671.9000,3,1.140240,1,1.052625,0
2019-07-24,sz.300456,12.5500,13.1200,12.5300,13.0200,12.4800,5857220,75727569.5500,3,2.142432,1,4.326931,0
2019-07-25,sz.300456,13.0900,13.2500,12.9200,13.0200,13.0200,4712922,61549031.5400,3,1.723875,1,0.000000,0
2019-07-26,sz.300456,12.9200,13.1000,12.8800,13.0200,13.0200,3447768,44829656.3000,3,1.261100,1,0.000000,0
2019-07-29,sz.300456,13.0200,13.2400,12.9500,13.2000,13.0200,3691325,48493341.7400,3,1.350199,1,1.382483,0
2019-07-30,sz.300456,13.1500,13.3300,13.0300,13.1000,13.2000,3872953,51035132.5900,3,1.416600,1,-0.757600,0
2019-07-31,sz.300456,13.0700,13.2600,13.0000,13.0500,13.1000,2899455,37919899.3000,3,1.060600,1,-0.381700,0
2019-08-01,sz.300456,12.9600,13.1200,12.7800,13.0300,13.0500,3431925,44393390.1500,3,1.255300,1,-0.153300,0
2019-08-02,sz.300456,12.7500,12.7900,12.4500,12.6500,13.0300,5423770,68549886.9000,3,1.983900,1,-2.916300,0
2019-08-05,sz.300456,12.6800,13.1800,12.5200,12.5800,12.6500,6097940,78334833.0000,3,2.230500,1,-0.553400,0
2019-08-06,sz.300456,12.2500,12.3700,11.6600,11.9400,12.5800,7689988,91979199.6700,3,2.812800,1,-5.087400,0
2019-08-07,sz.300456,11.9300,12.0900,11.6500,11.6800,11.9400,4279370,50644852.0500,3,1.565300,1,-2.177500,0
2019-08-08,sz.300456,11.7600,11.9600,11.6100,11.8600,11.6800,3768563,44620191.3000,3,1.378500,1,1.541100,0
2019-08-09,sz.300456,11.9700,12.0400,11.5400,11.6000,11.8600,4421110,51957766.7500,3,1.617100,1,-2.192200,0
2019-08-12,sz.300456,11.7000,11.8500,11.4100,11.8400,11.6000,4443133,51631699.9400,3,1.625200,1,2.069000,0
2019-08-13,sz.300456,11.7000,11.9000,11.5200,11.6400,11.8400,4059365,47429151.3500,3,1.484800,1,-1.689200,0
2019-08-14,sz.300456,11.8400,12.1800,11.7800,11.9300,11.6400,6942307,83058235.5400,3,2.539300,1,2.491400,0
2019-08-15,sz.300456,11.5200,12.0000,11.3800,11.9800,11.9300,4780075,56246310.3700,3,1.748400,1,0.419100,0
2019-08-16,sz.300456,12.0200,12.1500,11.8900,11.9500,11.9800,4463504,53641850.0700,3,1.632600,1,-0.250400,0
2019-08-19,sz.300456,12.1800,12.7400,12.1000,12.5800,11.9500,8557266,106874424.2900,3,3.130000,1,5.272000,0
2019-08-20,sz.300456,12.5900,12.9200,12.4700,12.7800,12.5800,8016244,102007698.4600,3,2.932200,1,1.589800,0
2019-08-21,sz.300456,12.6500,12.9500,12.5500,12.8300,12.7800,5217214,66692890.2600,3,1.908300,1,0.391200,0
2019-08-22,sz.300456,12.8800,12.9400,12.7000,12.8200,12.8300,4324975,55406472.5500,3,1.582000,1,-0.077900,0
2019-08-23,sz.300456,12.8300,13.1100,12.6900,12.8600,12.8200,5224820,67341268.2000,3,1.911100,1,0.312000,0
2019-08-26,sz.300456,12.5600,12.8600,12.4500,12.7300,12.8600,4473965,56744300.1500,3,1.636500,1,-1.010900,0
2019-08-27,sz.300456,12.9800,13.1600,12.8000,12.9800,12.7300,5885835,76469499.2500,3,2.152900,1,1.963900,0
2019-08-28,sz.300456,12.9100,13.2300,12.9100,13.0400,12.9800,5778485,75701829.2100,3,2.113600,1,0.462300,0
2019-08-29,sz.300456,13.1200,13.2400,12.8800,12.9400,13.0400,5058620,65830655.9000,3,1.850300,1,-0.766900,0
2019-08-30,sz.300456,12.9300,13.4300,12.7700,12.9600,12.9400,8023611,105279067.1400,3,2.934800,1,0.154600,0
2019-09-02,sz.300456,13.0500,13.5500,12.8700,13.4800,12.9600,9670840,128975414.2600,3,3.537400,1,4.012300,0
2019-09-03,sz.300456,13.4900,13.9600,13.2800,13.9300,13.4800,11129680,151660113.7300,3,4.071000,1,3.338300,0
2019-09-04,sz.300456,13.7400,14.1700,13.6700,13.9500,13.9300,11162138,155002707.8900,3,4.082800,1,0.143600,0
2019-09-05,sz.300456,13.9000,14.5000,13.8100,14.1300,13.9500,12528238,177211653.6200,3,4.582500,1,1.290300,0
2019-09-06,sz.300456,14.2000,15.2000,14.0000,15.0000,14.1300,18540677,273667472.3900,3,6.781700,1,6.157100,0
2019-09-09,sz.300456,15.4000,15.9900,14.9500,15.7700,15.0000,22172032,342694278.7200,3,8.110000,1,5.133300,0
2019-09-10,sz.300456,15.6500,15.8800,14.9700,15.1900,15.7700,16854548,259574099.9000,3,6.165000,1,-3.677900,0
2019-09-11,sz.300456,15.9800,16.7100,15.4800,16.7100,15.1900,42996906,704808151.3000,3,15.727200,1,10.006600,0
2019-09-12,sz.300456,15.9500,16.4800,15.8200,16.0000,16.7100,29105680,469214037.5400,3,10.646200,1,-4.248900,0
2019-09-16,sz.300456,15.9300,16.8000,15.9200,16.4300,16.0000,20341657,332654502.7300,3,6.309900,1,2.687500,0
2019-09-17,sz.300456,16.2000,16.2100,15.4600,15.6900,16.4300,14464782,228330309.9500,3,4.486900,1,-4.504000,0
2019-09-18,sz.300456,15.6000,16.2800,15.3300,15.6100,15.6900,12853410,202338110.4800,3,3.987100,1,-0.509900,0
2019-09-19,sz.300456,15.7000,17.1700,15.5100,16.8600,15.6100,32493456,540981976.3000,3,10.079400,1,8.007700,0
2019-09-20,sz.300456,16.8500,17.0900,16.3500,16.4500,16.8600,22891538,380170589.4400,3,7.100900,1,-2.431800,0
2019-09-23,sz.300456,16.3500,16.4500,15.5000,15.8900,16.4500,17570319,276898510.7600,3,5.450300,1,-3.404300,0
2019-09-24,sz.300456,15.8500,16.1800,15.7800,15.9700,15.8900,13448917,214814225.5100,3,4.171800,1,0.503500,0
2019-09-25,sz.300456,15.7500,15.8400,15.1500,15.2300,15.9700,12122119,186754522.1200,3,3.760300,1,-4.633700,0
2019-09-26,sz.300456,15.3800,15.5100,14.3400,14.4900,15.2300,12716509,188076990.1500,3,3.944600,1,-4.858800,0
2019-09-27,sz.300456,14.6000,14.7200,14.3600,14.4200,14.4900,8536062,123957980.7600,3,2.647900,1,-0.483100,0
2019-09-30,sz.300456,14.4000,14.6900,14.1100,14.1300,14.4200,7778815,111972307.5500,3,2.413000,1,-2.011100,0
2019-10-08,sz.300456,14.1900,14.4700,13.8000,13.9700,14.1300,5747915,81180268.3000,3,1.783000,1,-1.132300,0
2019-10-09,sz.300456,13.8900,14.1900,13.7100,14.1100,13.9700,5216092,73097479.5400,3,1.618000,1,1.002100,0
2019-10-10,sz.300456,14.0900,14.3700,13.9900,14.3200,14.1100,7337080,104160663.7500,3,2.275900,1,1.488300,0
2019-10-11,sz.300456,14.3200,14.3800,13.8600,13.9400,14.3200,5750200,80728859.9000,3,1.783700,1,-2.653600,0
2019-10-14,sz.300456,14.1200,14.5500,14.0300,14.5400,13.9400,9171705,131032958.8500,3,2.845000,1,4.304200,0
2019-10-15,sz.300456,14.3500,14.3800,13.9300,14.1000,14.5400,6396938,90320720.5600,3,1.984300,1,-3.026100,0
2019-10-16,sz.300456,14.1200,14.1600,13.7300,13.7800,14.1000,5124455,71630633.8700,3,1.589000,1,-2.269500,0
2019-10-17,sz.300456,13.7700,13.9300,13.6800,13.7200,13.7800,2834910,39161711.9000,3,0.879000,1,-0.435400,0
2019-10-18,sz.300456,13.8000,13.9200,13.1700,13.3100,13.7200,6112991,82719413.9900,3,1.886600,1,-2.988300,0
2019-10-21,sz.300456,13.3900,13.4400,12.9500,13.3100,13.3100,3610957,47838457.4300,3,1.114400,1,0.000000,0
2019-10-22,sz.300456,13.3900,13.5900,13.2900,13.5000,13.3100,2978220,40072704.9000,3,0.919100,1,1.427500,0
2019-10-23,sz.300456,13.4500,13.5700,13.1400,13.2000,13.5000,3994255,53186127.1000,3,1.232700,1,-2.222200,0
2019-10-24,sz.300456,13.1500,13.3400,13.1000,13.2300,13.2000,2994966,39571622.9200,3,0.924300,1,0.227300,0
2019-10-25,sz.300456,13.2000,13.5400,13.0300,13.4400,13.2300,3812620,50705706.7000,3,1.176600,1,1.587300,0
2019-10-28,sz.300456,13.6800,14.0600,13.5100,13.9900,13.4400,7374270,102252930.1100,3,2.275800,1,4.092300,0
2019-10-29,sz.300456,13.8800,14.2000,13.8200,13.8700,13.9900,5784980,80982716.6700,3,1.785300,1,-0.857800,0
2019-10-30,sz.300456,13.7100,14.4000,13.7100,14.0200,13.8700,7685098,108326906.7400,3,2.371700,1,1.081500,0
2019-10-31,sz.300456,14.0000,14.3400,13.8400,14.0100,14.0200,5822249,82150667.4400,3,1.796800,1,-0.071300,0
2019-11-01,sz.300456,13.8800,14.2100,13.8800,14.1800,14.0100,5598835,78964122.7000,3,1.727900,1,1.213400,0
2019-11-04,sz.300456,14.2800,14.6600,14.2500,14.4000,14.1800,7483085,108115652.4500,3,2.309400,1,1.551500,0
2019-11-05,sz.300456,14.4000,14.5000,14.0700,14.1700,14.4000,6969045,99379572.8500,3,2.150700,1,-1.597200,0
2019-11-06,sz.300456,14.1900,14.4200,13.9100,13.9800,14.1700,6216220,87893050.7000,3,1.918400,1,-1.340900,0
2019-11-07,sz.300456,14.0800,14.3800,14.0000,14.2500,13.9800,5954616,84603097.7500,3,1.837700,1,1.931300,0
2019-11-08,sz.300456,14.2900,14.5400,14.1600,14.3700,14.2500,7864560,112919977.0500,3,2.427100,1,0.842100,0
2019-11-11,sz.300456,14.2700,14.2900,13.5000,13.6500,14.3700,8051150,111689847.6000,3,2.484700,1,-5.010400,0
2019-11-12,sz.300456,13.6800,13.9400,13.5600,13.7300,13.6500,4346750,59665160.5000,3,1.341500,1,0.586100,0
2019-11-13,sz.300456,13.6200,13.7700,13.3800,13.5900,13.7300,4493750,60849515.5000,3,1.386800,1,-1.019700,0
2019-11-14,sz.300456,13.6100,14.9000,13.5000,14.7000,13.5900,14160214,204724128.4000,3,4.370000,1,8.167800,0
2019-11-15,sz.300456,14.6800,15.2800,14.5200,14.9000,14.7000,15228480,227697071.8500,3,4.699700,1,1.360500,0
2019-11-18,sz.300456,14.9500,15.5500,14.9000,15.3000,14.9000,13303548,202843339.6900,3,4.105700,1,2.684600,0
2019-11-19,sz.300456,15.3300,15.3900,14.9800,15.2400,15.3000,10197948,154600568.1800,3,3.147200,1,-0.392200,0
2019-11-20,sz.300456,15.1500,15.5500,15.0100,15.1100,15.2400,10069065,153558674.0800,3,3.107400,1,-0.853000,0
2019-11-21,sz.300456,15.0100,15.2500,14.9000,15.0300,15.1100,5924089,89293771.2400,3,1.828300,1,-0.529500,0
2019-11-22,sz.300456,15.1400,15.4200,14.6700,14.8000,15.0300,11318060,169655624.8000,3,3.492900,1,-1.530300,0
2019-11-25,sz.300456,14.7800,14.8400,14.0400,14.0900,14.8000,8253320,118434360.3000,3,2.547100,1,-4.797300,0
2019-11-26,sz.300456,13.8400,14.1800,13.5000,13.5700,14.0900,8893765,122998539.0000,3,2.744700,1,-3.690600,0
2019-11-27,sz.300456,13.5700,14.1500,13.3600,13.9100,13.5700,8086490,112072551.1500,3,2.495600,1,2.505500,0
2019-11-28,sz.300456,13.8800,14.0100,13.6900,13.8000,13.9100,4744640,65609333.8000,3,1.464300,1,-0.790800,0
2019-11-29,sz.300456,13.7900,14.0400,13.5600,13.8700,13.8000,4642980,64065838.6000,3,1.432900,1,0.507200,0
2019-12-02,sz.300456,13.8900,15.2600,13.7500,15.1500,13.8700,20441908,304986142.8400,3,6.308600,1,9.228500,0
2019-12-03,sz.300456,14.9300,15.6100,14.9200,15.5700,15.1500,18913492,289458242.3900,3,5.837000,1,2.772300,0
2019-12-04,sz.300456,15.5700,15.8800,15.3700,15.6400,15.5700,14408740,224774008.4800,3,4.446700,1,0.449600,0
2019-12-05,sz.300456,15.7600,16.1700,15.5100,15.9500,15.6400,13651475,217408434.2500,3,4.213000,1,1.982100,0
2019-12-06,sz.300456,16.0000,17.3900,16.0000,17.1400,15.9500,23957710,405239866.2400,3,7.393700,1,7.460800,0
2019-12-09,sz.300456,17.2900,17.4900,16.8600,17.0300,17.1400,17527109,299827565.9200,3,5.409100,1,-0.641800,0
2019-12-10,sz.300456,16.9500,17.6000,16.7300,17.6000,17.0300,18016485,311070584.0200,3,5.560100,1,3.347000,0
2019-12-11,sz.300456,17.6000,17.7600,16.6600,17.0000,17.6000,18080223,309555156.4000,3,5.579800,1,-3.409100,0
2019-12-12,sz.300456,17.3800,18.7000,17.3800,18.7000,17.0000,21860438,401734508.2000,3,6.746400,1,10.000000,0
2019-12-13,sz.300456,20.5700,20.5700,19.3600,20.0500,18.7000,59727791,1210649809.4400,3,18.432800,1,7.219200,0
2019-12-16,sz.300456,20.7500,22.0600,20.7500,22.0600,20.0500,19872791,428967889.1800,3,6.133000,1,10.024900,0
2019-12-17,sz.300456,24.2700,24.2700,24.2700,24.2700,22.0600,3666619,88988843.1300,3,1.131600,1,10.018100,0
2019-12-18,sz.300456,26.7000,26.7000,26.7000,26.7000,24.2700,1237500,33041250.0000,3,0.381900,1,10.012400,0
2019-12-19,sz.300456,28.0000,29.0000,25.0000,25.7800,26.7000,82667215,2247939934.8200,3,25.512200,1,-3.445700,0
2019-12-20,sz.300456,26.9400,27.6800,25.8800,27.0000,25.7800,53726229,1434370653.3500,3,16.580600,1,4.732300,0
2019-12-23,sz.300456,27.0000,28.6600,24.3000,24.3500,27.0000,59463853,1567839678.3700,3,18.351300,1,-9.814800,0
2019-12-24,sz.300456,24.2900,26.7900,24.0000,26.1000,24.3500,55988659,1431651026.4000,3,17.278900,1,7.186900,0
2019-12-25,sz.300456,25.4800,27.5800,24.5000,27.4000,26.1000,55286539,1457748568.8000,3,17.062200,1,4.980800,0
2019-12-26,sz.300456,26.8900,29.6700,26.6300,27.4700,27.4000,63330895,1763001461.5200,3,19.544800,1,0.255500,0
2019-12-27,sz.300456,26.9800,27.7700,25.8800,27.1000,27.4700,54844156,1475869397.0200,3,16.925600,1,-1.346900,0
2019-12-30,sz.300456,26.4000,26.5000,24.3900,24.3900,27.1000,48320818,1188269374.1200,3,14.912500,1,-10.000000,0
2019-12-31,sz.300456,24.3000,24.9000,23.8300,24.6200,24.3900,35434892,866347281.9400,3,10.935700,1,0.943000,0
2020-01-02,sz.300456,24.5700,25.8800,24.0800,25.3100,24.6200,33397073,838063497.5100,3,10.306800,1,2.802600,0
2020-01-03,sz.300456,25.3100,26.8900,25.0500,25.4000,25.3100,35441651,913938381.3900,3,10.937800,1,0.355600,0
2020-01-06,sz.300456,25.0000,27.8000,24.6500,26.6000,25.4000,50544810,1344412085.4400,3,15.598800,1,4.724400,0
2020-01-07,sz.300456,26.6000,28.5000,26.2600,27.7800,26.6000,49226313,1351856092.1200,3,15.191900,1,4.436100,0
2020-01-08,sz.300456,27.0000,27.2200,25.6300,26.3000,27.7800,39241259,1036132470.1200,3,12.110400,1,-5.327600,0
2020-01-09,sz.300456,26.8400,27.2000,26.1700,26.4800,26.3000,29076568,772750663.2500,3,8.973400,1,0.684400,0
2020-01-10,sz.300456,26.3000,26.9200,24.5100,25.6800,26.4800,32079517,826494309.3500,3,9.900200,1,-3.021100,0
2020-01-13,sz.300456,25.2800,26.6000,24.8000,26.6000,25.6800,29148933,753379812.1300,3,8.995800,1,3.582600,0
2020-01-14,sz.300456,26.6200,27.7500,26.2100,26.9900,26.6000,40147231,1083930956.0900,3,12.390000,1,1.466200,0
2020-01-15,sz.300456,26.5500,27.7200,25.5400,27.5800,26.9900,36331108,962649989.8000,3,11.212300,1,2.186000,0
2020-01-16,sz.300456,27.4500,30.3400,27.1100,28.6000,27.5800,62466012,1818378103.5400,3,19.277900,1,3.698300,0
2020-01-17,sz.300456,28.0000,30.1000,27.7200,29.3000,28.6000,44857639,1306118913.3300,3,13.843700,1,2.447500,0
2020-01-20,sz.300456,30.4400,32.2300,29.1000,32.2300,29.3000,43034032,1324037533.7100,3,13.280900,1,10.000000,0
2020-01-21,sz.300456,31.5100,33.3000,31.1200,31.6700,32.2300,43220893,1388162677.8900,3,13.338500,1,-1.737500,0
2020-01-22,sz.300456,31.0200,32.5700,28.8000,31.9100,31.6700,40857458,1266608837.4000,3,12.609200,1,0.757800,0
2020-01-23,sz.300456,30.9000,32.9700,29.6600,30.2000,31.9100,38770937,1212000272.1400,3,11.965200,1,-5.358800,0
2020-02-03,sz.300456,27.1800,27.1800,27.1800,27.1800,30.2000,1862800,50630904.0000,3,0.574900,1,-10.000000,0
2020-02-04,sz.300456,24.4800,27.4800,24.4800,26.5000,27.1800,38567885,1011337206.9200,3,11.902600,1,-2.501800,0
2020-02-05,sz.300456,26.4800,28.2800,26.0000,27.6000,26.5000,37559894,1024571508.2600,3,11.591500,1,4.150900,0
2020-02-06,sz.300456,27.0000,28.3600,26.7500,27.8500,27.6000,35280895,978212266.2200,3,10.888200,1,0.905800,0
2020-02-07,sz.300456,27.8500,29.3000,27.2500,29.0600,27.8500,36740530,1033714094.2100,3,11.338600,1,4.344700,0
2020-02-10,sz.300456,28.5500,29.1600,27.2600,27.6900,29.0600,29810709,839295913.5200,3,9.200000,1,-4.714400,0
2020-02-11,sz.300456,27.7900,28.6600,27.4200,27.8500,27.6900,23989207,674999997.4600,3,7.403400,1,0.577800,0
2020-02-12,sz.300456,27.5000,29.3300,27.2300,28.9900,27.8500,34450512,972883001.7200,3,10.631900,1,4.093400,0
2020-02-13,sz.300456,28.6500,31.8900,28.4800,31.8900,28.9900,50940762,1550560972.7700,3,15.721000,1,10.003400,0
2020-02-14,sz.300456,32.4900,34.8800,31.6800,33.1100,31.8900,61888673,2035173765.2200,3,19.099700,1,3.825700,0
2020-02-17,sz.300456,34.6000,34.6000,32.4200,33.8400,33.1100,43515020,1456971890.0800,3,13.429300,1,2.204800,0
2020-02-18,sz.300456,33.3200,36.7100,33.2100,36.0500,33.8400,45329280,1585341093.3700,3,13.989200,1,6.530700,0
2020-02-19,sz.300456,35.3000,37.2500,34.4500,34.7600,36.0500,40155505,1427996606.5600,3,12.392500,1,-3.578400,0
2020-02-20,sz.300456,34.6000,35.3800,32.8000,34.3000,34.7600,32056360,1087556335.8500,3,9.893000,1,-1.323400,0
2020-02-21,sz.300456,34.0000,35.6500,34.0000,34.2200,34.3000,31614411,1098624971.5200,3,9.756600,1,-0.233200,0
2020-02-24,sz.300456,33.7900,37.6400,33.5200,37.0100,34.2200,42134731,1499707171.7300,3,13.003300,1,8.153100,0
2020-02-25,sz.300456,35.8100,36.5600,33.8300,35.8800,37.0100,39115980,1392845370.5700,3,12.071700,1,-3.053200,0
2020-02-26,sz.300456,35.2000,35.3000,32.2900,32.2900,35.8800,31385550,1050543475.5800,3,9.686000,1,-10.005600,0
2020-02-27,sz.300456,32.0200,32.7300,30.2300,31.0400,32.2900,21570891,677861899.1700,3,6.657100,1,-3.871200,0
2020-02-28,sz.300456,29.0000,30.2300,27.9400,27.9400,31.0400,24952037,723627384.0800,3,7.700500,1,-9.987100,0
2020-03-02,sz.300456,28.9200,30.1700,28.8000,29.4200,27.9400,23084577,679121506.5800,3,7.124200,1,5.297100,0
2020-03-03,sz.300456,30.3500,30.9500,29.4000,29.6000,29.4200,21758151,657051016.0500,3,6.714900,1,0.611800,0
2020-03-04,sz.300456,29.6000,30.3000,28.2600,29.6600,29.6000,19603761,577617611.3800,3,6.050000,1,0.202700,0
2020-03-05,sz.300456,30.4900,30.6600,28.8000,29.6000,29.6600,17701845,523028527.2300,3,5.463000,1,-0.202300,0
2020-03-06,sz.300456,28.8000,29.4600,28.4000,28.8800,29.6000,12821448,371388683.8500,3,3.956900,1,-2.432400,0
2020-03-09,sz.300456,27.3600,27.9000,25.9900,26.0900,28.8800,23955584,638665626.0500,3,7.393000,1,-9.660700,0
2020-03-10,sz.300456,26.0800,27.5600,25.6800,27.4200,26.0900,19793562,531376175.5200,3,6.108600,1,5.097700,0
2020-03-11,sz.300456,27.4800,27.9300,26.0500,26.2800,27.4200,17735392,478482788.9600,3,5.473400,1,-4.157500,0
2020-03-12,sz.300456,25.2200,26.8300,25.2200,25.7300,26.2800,14903358,386471985.0100,3,4.599400,1,-2.092900,0
2020-03-13,sz.300456,24.1600,26.4500,24.1600,26.0100,25.7300,19657832,505950884.6600,3,6.066700,1,1.088200,0
2020-03-16,sz.300456,26.0200,26.1600,23.6000,23.9800,26.0100,18655084,464496894.2500,3,5.757200,1,-7.804700,0
2020-03-17,sz.300456,24.7200,24.9800,23.5900,24.5000,23.9800,16525818,402387298.9700,3,5.100100,1,2.168500,0
2020-03-18,sz.300456,25.0000,25.5200,23.8800,23.9400,24.5000,16257673,402587946.7300,3,5.018800,1,-2.285700,0
2020-03-19,sz.300456,24.0600,24.8900,23.8800,24.8300,23.9400,16101321,393016539.8700,3,4.969100,1,3.717600,0
2020-03-20,sz.300456,25.2800,25.4800,24.0000,24.6500,24.8300,12989045,320620946.2500,3,4.008600,1,-0.724900,0
2020-03-23,sz.300456,23.5000,24.1000,22.2200,22.5100,24.6500,16963405,391731651.8800,3,5.235100,1,-8.681500,0
2020-03-24,sz.300456,23.2500,23.5300,22.3700,23.2500,22.5100,14600003,336878736.6100,3,4.505800,1,3.287400,0
2020-03-25,sz.300456,23.8900,24.2300,23.3600,23.7300,23.2500,12265384,292084122.5500,3,3.785300,1,2.064500,0
2020-03-26,sz.300456,23.6000,24.1100,23.2400,23.2400,23.7300,9455553,223281395.7700,3,2.918100,1,-2.064900,0
2020-03-27,sz.300456,23.6000,23.7800,22.7900,22.8200,23.2400,8331511,193643126.7600,3,2.571200,1,-1.807200,0
2020-03-30,sz.300456,22.2000,22.3000,21.1000,21.5700,22.8200,16747160,361097601.7500,3,5.168400,1,-5.477700,0
2020-03-31,sz.300456,22.0400,22.7400,21.9000,21.9000,21.5700,13122958,292376571.7000,3,4.049900,1,1.529900,0
2020-04-01,sz.300456,22.0700,22.7000,21.8600,22.0200,21.9000,12565266,280364106.8700,3,3.877800,1,0.547900,0
2020-04-02,sz.300456,22.1200,23.7100,22.1200,23.6500,22.0200,20050138,463788334.2500,3,6.187700,1,7.402400,0
2020-04-03,sz.300456,23.3700,23.6000,22.6300,22.7700,23.6500,14525762,334843586.3200,3,4.482800,1,-3.720900,0
2020-04-07,sz.300456,23.5800,23.7000,23.0100,23.2800,22.7700,15253542,355448561.6500,3,4.707400,1,2.239800,0
2020-04-08,sz.300456,23.0500,23.8500,22.9600,23.6400,23.2800,13438044,315384949.5500,3,4.147200,1,1.546400,0
2020-04-09,sz.300456,23.8000,24.4500,23.4700,23.5800,23.6400,12789239,305236423.3400,3,3.946900,1,-0.253800,0
2020-04-10,sz.300456,23.0000,23.1100,22.0500,22.1800,23.5800,14766820,332256015.9400,3,4.557200,1,-5.937200,0
2020-04-13,sz.300456,21.9700,21.9700,21.3800,21.5200,22.1800,6891151,149334256.1800,3,2.126700,1,-2.975700,0
2020-04-14,sz.300456,21.7600,22.2200,21.5900,22.2200,21.5200,7775740,170565137.7200,3,2.399700,1,3.252800,0
2020-04-15,sz.300456,21.8800,22.6300,21.7000,21.8800,22.2200,10751282,237919885.6000,3,3.318000,1,-1.530200,0
2020-04-16,sz.300456,21.7900,22.2600,21.6000,22.0500,21.8800,8705438,191797240.1100,3,2.686600,1,0.777000,0
2020-04-17,sz.300456,22.3900,22.8800,22.0800,22.1100,22.0500,10381191,233114874.9500,3,3.203800,1,0.272100,0
2020-04-20,sz.300456,22.7500,23.1500,22.3700,22.8600,22.1100,11317518,257092440.9000,3,3.493800,1,3.392100,0
2020-04-21,sz.300456,22.6000,22.7400,22.0000,22.4200,22.8600,9278657,207348592.1900,3,2.863500,1,-1.924800,0
2020-04-22,sz.300456,22.1500,23.0800,22.0300,23.0000,22.4200,11693658,265169280.9100,3,3.608800,1,2.587000,0
2020-04-23,sz.300456,22.8000,22.9100,22.0500,22.0700,23.0000,14149926,315397501.9000,3,4.131300,1,-4.043500,0
2020-04-24,sz.300456,22.0700,22.4700,21.2200,21.4000,22.0700,9030327,196974149.1000,3,2.636500,1,-3.035800,0
2020-04-27,sz.300456,21.4300,21.8000,21.2700,21.4700,21.4000,7337272,157674130.4000,3,2.142200,1,0.327100,0
2020-04-28,sz.300456,21.3100,21.7800,20.0000,21.4000,21.4700,12245519,257794041.6700,3,3.575300,1,-0.326000,0
2020-04-29,sz.300456,21.1800,21.5700,20.8200,20.8300,21.4000,7010240,148625276.8000,3,2.046700,1,-2.663600,0
2020-04-30,sz.300456,21.1700,22.9100,21.0400,22.9100,20.8300,16674195,372027379.6500,3,4.868300,1,9.985600,0
2020-05-06,sz.300456,22.7500,24.3600,22.7500,24.0800,22.9100,27448801,648457724.5400,3,8.014100,1,5.106900,0
2020-05-07,sz.300456,24.1000,24.9300,24.0100,24.2800,24.0800,23519228,574886830.8900,3,6.866800,1,0.830600,0
2020-05-08,sz.300456,24.6000,25.1100,24.4900,24.8000,24.2800,17921017,444832514.3400,3,5.232300,1,2.141700,0
2020-05-11,sz.300456,25.1200,25.1800,24.1300,24.3900,24.8000,14937686,367284429.8800,3,4.361300,1,-1.653200,0
2020-05-12,sz.300456,24.5100,24.7300,23.8700,24.4300,24.3900,13013396,316650681.0700,3,3.799500,1,0.164000,0
2020-05-13,sz.300456,24.3100,25.1100,24.1800,24.5500,24.4300,13271542,327047237.5400,3,3.874800,1,0.491200,0
2020-05-14,sz.300456,24.2000,24.7400,24.1800,24.3200,24.5500,10847396,265194091.0000,3,3.167100,1,-0.936900,0
2020-05-15,sz.300456,24.4900,25.5900,24.2000,24.8100,24.3200,19092109,476991072.6000,3,5.574200,1,2.014800,0
2020-05-18,sz.300456,25.5600,26.1600,24.0000,24.1700,24.8100,22528120,564721818.9500,3,6.577400,1,-2.579600,0
2020-05-19,sz.300456,24.2500,25.3800,23.9200,25.3200,24.1700,18635767,461857779.0900,3,5.441000,1,4.758000,0
2020-05-20,sz.300456,25.2800,26.4600,25.0200,25.9100,25.3200,25126671,652164707.3300,3,7.336100,1,2.330200,0
2020-05-21,sz.300456,26.1600,27.4800,25.7900,26.2800,25.9100,25454198,674472893.7600,3,7.431700,1,1.428000,0
2020-05-22,sz.300456,26.3000,26.7800,24.3500,24.7500,26.2800,22420558,565781310.0200,3,6.546000,1,-5.821900,0
2020-05-25,sz.300456,24.2100,24.6200,23.4300,23.7300,24.7500,14008108,333669283.8400,3,4.089900,1,-4.121200,0
2020-05-26,sz.300456,23.9300,24.2500,23.6000,24.1400,23.7300,10532835,252131805.5000,3,3.075200,1,1.727800,0
2020-05-27,sz.300456,23.9800,24.1000,23.0700,23.2000,24.1400,11895810,278883370.8700,3,3.473200,1,-3.893900,0
2020-05-28,sz.300456,23.1000,23.2100,22.1100,22.9000,23.2000,11133257,252071862.1400,3,3.250500,1,-1.293100,0
2020-05-29,sz.300456,22.8300,23.1600,22.5500,22.8200,22.9000,5979523,136715591.0100,3,1.745800,1,-0.349300,0
2020-06-01,sz.300456,23.5800,24.3300,23.1700,24.0900,22.8200,12727603,304026894.5700,3,3.716000,1,5.565300,0
2020-06-02,sz.300456,24.3200,25.7600,23.9600,25.6500,24.0900,21394135,530161100.6800,3,6.246300,1,6.475700,0
2020-06-03,sz.300456,25.5000,26.8000,25.1000,26.2400,25.6500,23307967,606905199.8700,3,6.805100,1,2.300200,0
2020-06-04,sz.300456,26.3700,26.9700,25.8700,26.5500,26.2400,17971260,476333514.2300,3,5.247000,1,1.181400,0
2020-06-05,sz.300456,26.6000,26.8300,26.0500,26.5500,26.5500,13025389,345008150.1500,3,3.803000,1,0.000000,0
2020-06-08,sz.300456,27.3700,28.1900,26.7100,27.3200,26.5500,23007734,631440196.8400,3,6.717400,1,2.900200,0
2020-06-09,sz.300456,27.0200,27.0900,26.2500,26.7500,27.3200,15901943,423784023.4500,3,4.642800,1,-2.086400,0
2020-06-10,sz.300456,26.5000,27.1000,26.2500,26.4400,26.7500,13320834,354498494.2600,3,3.889200,1,-1.158900,0
2020-06-11,sz.300456,26.9200,27.5700,26.5100,26.6100,26.4400,19337160,521453760.6100,3,5.645800,1,0.643000,0
2020-06-12,sz.300456,25.6000,26.6100,25.6000,26.0500,26.6100,16700101,436072529.7900,3,4.875800,1,-2.104500,0
2020-06-15,sz.300456,25.8300,28.6600,25.8300,27.7900,26.0500,34512417,963806185.3200,3,10.076400,1,6.679500,0
2020-06-16,sz.300456,28.0600,28.5000,27.4700,27.9500,27.7900,21747798,607697350.1800,3,6.349600,1,0.575700,0
2020-06-17,sz.300456,27.8000,27.9500,26.7400,27.0600,27.9500,18463680,501895794.5000,3,5.390700,1,-3.184300,0
2020-06-18,sz.300456,26.7400,27.5300,26.7400,26.9000,27.0600,11744550,318008384.5900,3,3.429000,1,-0.591300,0
2020-06-19,sz.300456,26.9100,27.7100,26.6700,27.1400,26.9000,13031833,355695145.3900,3,3.804800,1,0.892200,0
2020-06-22,sz.300456,27.3500,28.4800,27.2300,28.0800,27.1400,20012500,560452835.9800,3,5.842900,1,3.463500,0
2020-06-23,sz.300456,28.1900,28.6800,27.6100,28.4400,28.0800,19283810,543938388.3000,3,5.630200,1,1.282100,0
2020-06-24,sz.300456,28.4400,28.5600,27.9300,28.1600,28.4400,13503325,381238515.2000,3,3.942500,1,-0.984500,0
2020-06-29,sz.300456,27.9500,28.1200,27.0000,27.3200,28.1600,14446560,395986484.8000,3,4.217900,1,-2.983000,0
2020-06-30,sz.300456,27.4400,27.7400,27.1000,27.6200,27.3200,12261490,336840954.3500,3,3.579900,1,1.098100,0
2020-07-01,sz.300456,27.7000,29.0000,27.2000,27.7900,27.6200,20160580,569086750.3100,3,5.886200,1,0.615500,0
2020-07-02,sz.300456,27.8000,30.4900,27.3000,29.9900,27.7900,33389545,984071386.6000,3,9.748600,1,7.916500,0
2020-07-03,sz.300456,29.6800,29.8900,28.7000,29.2400,29.9900,21151854,617754102.7900,3,6.175600,1,-2.500800,0
2020-07-06,sz.300456,28.6800,30.7800,28.6800,30.4300,29.2400,24987038,745404159.4500,3,7.295300,1,4.069800,0
2020-07-07,sz.300456,30.4500,31.8800,30.4500,30.5500,30.4300,22178012,693109735.5100,3,6.475200,1,0.394300,0
2020-07-08,sz.300456,30.4000,32.0800,30.2000,31.8200,30.5500,19230554,604547865.4500,3,5.614600,1,4.157100,0
2020-07-09,sz.300456,32.0000,33.9600,31.7100,33.6600,31.8200,23532800,776221103.2200,3,6.870800,1,5.782500,0
2020-07-10,sz.300456,34.3000,35.5000,32.8000,33.4100,33.6600,25396834,864173359.4900,3,7.415000,1,-0.742700,0
2020-07-13,sz.300456,33.1200,35.4800,33.1200,35.0000,33.4100,20558515,714976332.5400,3,6.002400,1,4.759100,0
2020-07-14,sz.300456,35.0200,35.6800,32.8400,34.1300,35.0000,23146203,793750599.5700,3,6.757900,1,-2.485700,0
2020-07-15,sz.300456,34.4500,34.4500,31.4000,31.5000,34.1300,23375035,754959942.0900,3,6.824700,1,-7.705800,0
2020-07-16,sz.300456,31.1600,32.0000,29.0000,29.2000,31.4700,18039050,553015116.1900,3,5.266800,1,-7.213200,0
2020-07-17,sz.300456,29.4300,30.5900,29.4300,29.7000,29.2000,13278215,397335845.8100,3,3.876800,1,1.712300,0
2020-07-20,sz.300456,30.0800,30.5900,29.5100,30.5900,29.7000,11947456,359459959.5600,3,3.488200,1,2.996600,0
2020-07-21,sz.300456,30.3000,30.7500,29.6400,29.9000,30.5900,10577553,318470514.9500,3,3.088300,1,-2.255600,0
2020-07-22,sz.300456,29.9900,30.7700,29.5500,30.1700,29.9000,11496722,348161298.2700,3,3.356600,1,0.903000,0
2020-07-23,sz.300456,29.9800,30.1500,28.3300,29.7000,30.1700,13361382,391940104.2300,3,3.901100,1,-1.557800,0
2020-07-24,sz.300456,29.6000,30.2500,27.7000,29.0000,29.7000,16836745,488242845.0300,3,4.915700,1,-2.356900,0
2020-07-27,sz.300456,28.8000,29.0900,27.6100,27.8100,29.0000,11689385,328068933.9100,3,3.412900,1,-4.103400,0
2020-07-28,sz.300456,28.0200,28.4300,27.2800,27.4900,27.8100,8776103,243814300.1700,3,2.562300,1,-1.150700,0
2020-07-29,sz.300456,27.6000,29.1800,27.4000,29.0600,27.4900,12643445,361223251.2200,3,3.691400,1,5.711200,0
2020-07-30,sz.300456,29.3500,29.7600,28.6100,28.7700,29.0600,10357827,301807995.4400,3,3.024100,1,-0.997900,0
2020-07-31,sz.300456,29.0000,29.5000,28.5300,29.0900,28.7700,8482255,246152450.4400,3,2.476500,1,1.112300,0
2020-08-03,sz.300456,29.5000,30.7100,29.4000,30.6500,29.0900,13361392,403411283.4400,3,3.901100,1,5.362700,0
2020-08-04,sz.300456,30.9900,30.9900,29.6400,29.9200,30.6500,10514682,315871046.2400,3,3.069900,1,-2.381700,0
2020-08-05,sz.300456,31.1700,31.1800,30.0200,30.3300,29.9200,11584280,352924535.9700,3,3.382200,1,1.370300,0
2020-08-06,sz.300456,30.0500,30.2100,29.4000,29.8000,30.3300,9678092,288136579.3900,3,2.825700,1,-1.747400,0
2020-08-07,sz.300456,29.7000,29.7100,28.3000,29.0800,29.8000,11143058,322560242.5500,3,3.253400,1,-2.416100,0
2020-08-10,sz.300456,29.1200,30.8000,29.0100,29.8900,29.0800,11749594,352415068.1000,3,3.430500,1,2.785400,0
2020-08-11,sz.300456,29.3000,29.3000,27.9100,27.9700,29.8900,12366236,353044626.2300,3,3.610500,1,-6.423600,0
2020-08-12,sz.300456,28.0000,28.0300,26.4000,26.9700,27.9700,9211753,248791245.6500,3,2.689500,1,-3.575300,0
2020-08-13,sz.300456,27.0900,27.4100,26.8000,27.0300,26.9700,4935812,133888615.3700,3,1.441100,1,0.222500,0
2020-08-14,sz.300456,27.1600,28.7000,27.0500,28.3200,27.0300,9352667,262530975.7100,3,2.730600,1,4.772500,0
2020-08-17,sz.300456,28.2000,29.0200,27.7100,28.8500,28.3200,9097282,258978872.2800,3,2.656100,1,1.871500,0
2020-08-18,sz.300456,28.8000,29.1800,28.6500,29.0300,28.8500,6355537,183898051.7700,3,1.855600,1,0.623900,0
2020-08-19,sz.300456,28.6800,28.6800,27.1800,27.2800,29.0300,8883232,246992781.2800,3,2.593600,1,-6.028200,0
2020-08-20,sz.300456,27.1700,27.7500,26.8300,27.1900,27.2800,5058232,137906193.2400,3,1.476800,1,-0.329900,0
2020-08-21,sz.300456,27.3900,27.9700,27.0000,27.1100,27.1900,5208355,142999227.2500,3,1.520700,1,-0.294200,0
2020-08-24,sz.300456,27.1200,27.8000,25.6800,27.4200,27.1100,9035343,242165202.1200,3,2.638000,1,1.143500,0
2020-08-25,sz.300456,27.4500,28.3600,27.4500,27.6100,27.4200,5560732,154553816.9200,3,1.623500,1,0.692900,0
2020-08-26,sz.300456,27.8200,28.1100,26.8300,27.0300,27.6100,6339023,174205988.7000,3,1.850800,1,-2.100700,0
2020-08-27,sz.300456,27.2000,27.7500,26.6600,27.6000,27.0300,5644754,153975490.1500,3,1.648100,1,2.108800,0
2020-08-28,sz.300456,27.3100,27.9900,27.1200,27.8700,27.6000,5137431,142119574.5000,3,1.499900,1,0.978300,0
2020-08-31,sz.300456,27.8900,28.2300,27.3800,27.4100,27.8700,6110514,169754829.8800,3,1.784100,1,-1.650500,0
2020-09-01,sz.300456,27.0900,27.6800,27.0100,27.4200,27.4100,3578871,97956589.4600,3,1.044900,1,0.036500,0
2020-09-02,sz.300456,27.5500,28.3500,27.0000,28.0300,27.4200,7854854,217350784.4700,3,2.293300,1,2.224700,0
2020-09-03,sz.300456,28.0000,29.2000,27.6200,29.0000,28.0300,13092803,373785277.3200,3,3.822600,1,3.460600,0
2020-09-04,sz.300456,31.6100,33.5800,30.7200,30.7500,29.0000,35374418,1121637618.2900,3,10.328100,1,6.034500,0
2020-09-07,sz.300456,32.0100,33.3300,30.5000,30.9900,30.7500,30343051,974209336.1100,3,8.859100,1,0.780500,0
2020-09-08,sz.300456,30.2000,30.8300,28.6500,29.6000,30.9900,21949546,650310292.1700,3,6.408500,1,-4.485300,0
2020-09-09,sz.300456,29.3700,32.1000,29.3000,30.2100,29.6000,26395793,819959402.8900,3,7.706600,1,2.060800,0
2020-09-10,sz.300456,29.5900,30.4800,27.0600,27.2000,30.2100,21825925,623644017.6700,3,6.372400,1,-9.963600,0
2020-09-11,sz.300456,26.7700,27.8000,26.5100,27.6000,27.2000,10087174,274199309.9500,3,2.945100,1,1.470600,0
2020-09-14,sz.300456,28.4800,31.3500,28.1300,30.6700,27.6000,22179810,663859972.0400,3,6.475700,1,11.123200,0
2020-09-15,sz.300456,30.2700,30.9100,29.4000,29.8500,30.6700,18323757,550082885.5900,3,5.349900,1,-2.673600,0
2020-09-16,sz.300456,29.8800,30.7500,28.8000,29.1900,29.8500,17304264,515003278.8900,3,5.052200,1,-2.211100,0
2020-09-17,sz.300456,29.8000,30.7800,29.2000,30.1100,29.1900,20029112,601603513.6000,3,5.847800,1,3.151800,0
2020-09-18,sz.300456,29.8800,30.6900,29.7500,30.4900,30.1100,15418169,465644879.2500,3,4.501600,1,1.262000,0
2020-09-21,sz.300456,30.5000,30.5800,29.7300,29.7600,30.4900,11350306,340652668.2500,3,3.313900,1,-2.394200,0
2020-09-22,sz.300456,29.3200,29.6000,28.4100,28.5300,29.7600,11341254,327648655.8800,3,3.311200,1,-4.133100,0
2020-09-23,sz.300456,28.7500,29.2500,28.5500,28.7000,28.5300,10099884,291364604.4700,3,2.948800,1,0.595900,0
2020-09-24,sz.300456,28.1100,28.5500,27.4500,27.4800,28.7000,8872556,247669159.2300,3,2.590500,1,-4.250900,0
2020-09-25,sz.300456,27.8300,27.9000,26.8300,26.8400,27.4800,8095719,221224129.0800,3,2.363700,1,-2.329000,0
2020-09-28,sz.300456,28.1100,30.1300,27.9000,28.6200,26.8400,19869114,574539388.9700,3,5.801100,1,6.631900,0
2020-09-29,sz.300456,28.8000,30.8500,28.8000,30.3200,28.6200,23471071,708942871.9500,3,6.852700,1,5.939900,0
2020-09-30,sz.300456,30.2800,30.4800,29.3900,29.6100,30.3200,14023575,417551944.4900,3,4.094400,1,-2.341700,0
2020-10-09,sz.300456,30.5000,30.7400,29.6900,30.5100,29.6100,15968113,483194441.6900,3,4.662100,1,3.039500,0
2020-10-12,sz.300456,31.0000,31.5400,30.2000,31.5000,30.5100,21235888,658698822.8800,3,6.200100,1,3.244800,0
2020-10-13,sz.300456,31.1000,31.1100,30.2500,30.5100,31.5000,14905827,456183011.3700,3,4.352000,1,-3.142900,0
2020-10-14,sz.300456,30.2600,30.8400,29.9000,30.0100,30.5100,9897110,299238457.7700,3,2.889600,1,-1.638800,0
2020-10-15,sz.300456,30.1600,30.9400,29.9500,30.1500,30.0100,12033886,366903393.8000,3,3.513500,1,0.466500,0
2020-10-16,sz.300456,30.0000,30.5100,29.0600,29.5100,30.1500,10655643,316756773.9300,3,3.111100,1,-2.122700,0
2020-10-19,sz.300456,29.9400,29.9900,28.2000,28.2000,29.5100,12078517,347168377.1100,3,3.526500,1,-4.439200,0
2020-10-20,sz.300456,27.9900,28.7500,27.8500,28.6900,28.2000,7323855,207598666.2500,3,2.138300,1,1.737600,0
2020-10-21,sz.300456,28.7700,28.7700,27.6600,27.8500,28.6900,9035911,253585125.9700,3,2.638200,1,-2.927800,0
2020-10-22,sz.300456,27.8900,28.4500,27.7100,28.1000,27.8500,6615534,186364100.4200,3,1.931500,1,0.897700,0
2020-10-23,sz.300456,28.3000,28.3500,27.2600,27.3200,28.1000,6250016,173339186.3800,3,1.824800,1,-2.775800,0
2020-10-26,sz.300456,27.0900,27.8000,27.0000,27.4300,27.3200,4402910,120864765.3700,3,1.285500,1,0.402600,0
2020-10-27,sz.300456,27.2500,27.8600,27.2000,27.5000,27.4300,4600285,126762454.3600,3,1.343100,1,0.255200,0
2020-10-28,sz.300456,27.4700,27.6900,26.6500,27.4100,27.5000,5533472,150563322.1900,3,1.615600,1,-0.327300,0
2020-10-29,sz.300456,27.3900,28.4600,27.2500,27.8300,27.4100,7365810,205963624.7900,3,2.150600,1,1.532300,0
2020-10-30,sz.300456,27.7300,28.3000,27.2700,27.2700,27.8300,9610140,267283538.3000,3,2.805800,1,-2.012200,0
2020-11-02,sz.300456,27.0200,27.1900,25.7000,26.1400,27.2700,9874626,259055108.0300,3,2.883000,1,-4.143700,0
2020-11-03,sz.300456,26.3900,28.1800,26.2800,27.7000,26.1400,9910979,272072871.3000,3,2.893700,1,5.967900,0
2020-11-04,sz.300456,27.5000,27.9400,27.3100,27.6000,27.7000,5955810,164454097.4000,3,1.738900,1,-0.361000,0
2020-11-05,sz.300456,28.0000,28.3500,27.5100,27.8700,27.6000,6474622,180431490.7000,3,1.890400,1,0.978300,0
2020-11-06,sz.300456,28.0100,28.0100,27.1800,27.4900,27.8700,7773100,214599426.0000,3,2.269500,1,-1.363500,0
2020-11-09,sz.300456,28.0100,29.9200,28.0100,29.5800,27.4900,23526442,687785071.2300,3,6.868900,1,7.602800,0
2020-11-10,sz.300456,29.2800,30.2600,28.8300,29.9100,29.5800,18239875,541179902.3700,3,5.325400,1,1.115600,0
2020-11-11,sz.300456,29.5800,29.9200,28.5800,28.5800,29.9100,10080834,293439122.8300,3,2.943200,1,-4.446700,0
2020-11-12,sz.300456,29.1000,29.2800,28.0800,28.3000,28.5800,9273156,265778444.5300,3,2.707400,1,-0.979700,0
2020-11-13,sz.300456,28.5000,28.8900,28.0000,28.4000,28.3000,8432677,240204104.0900,3,2.462000,1,0.353400,0
2020-11-16,sz.300456,28.5000,28.5700,27.3300,27.5600,28.4000,8788755,243204753.4000,3,2.566000,1,-2.957700,0
2020-11-17,sz.300456,27.7300,27.9100,26.8500,27.3500,27.5600,7888921,214715076.8700,3,2.303300,1,-0.762000,0
2020-11-18,sz.300456,27.1100,27.5200,26.8700,27.1800,27.3500,5495802,149502590.9000,3,1.604600,1,-0.621600,0
2020-11-19,sz.300456,27.0500,29.5900,26.9000,28.5900,27.1800,16861229,485349705.0600,3,4.922900,1,5.187600,0
2020-11-20,sz.300456,28.5000,28.5900,27.2500,27.4000,28.5900,15637392,432523864.5900,3,4.565600,1,-4.162300,0
2020-11-23,sz.300456,27.0900,27.4000,26.7800,27.0400,27.4000,10000990,270140588.2000,3,2.919900,1,-1.313900,0
2020-11-24,sz.300456,26.9900,27.5100,26.8900,27.0800,27.0400,7744643,210992374.2700,3,2.261200,1,0.147900,0
2020-11-25,sz.300456,27.0800,27.1600,26.4500,26.5500,27.0800,7949822,212684717.7000,3,2.321100,1,-1.957200,0
2020-11-26,sz.300456,26.6600,26.9700,26.5000,26.5500,26.5500,5411075,144449469.6500,3,1.579800,1,0.000000,0
2020-11-27,sz.300456,26.5200,26.6600,26.0400,26.4400,26.5500,5326682,140147441.6300,3,1.555200,1,-0.414300,0
2020-11-30,sz.300456,26.7800,27.2000,26.6600,26.8700,26.4400,8041448,216724443.0500,3,2.347800,1,1.626300,0
2020-12-01,sz.300456,26.9400,27.3800,26.8800,27.2300,26.8700,7673809,208466009.1400,3,2.240500,1,1.339800,0
2020-12-02,sz.300456,27.2000,28.2300,27.2000,27.7800,27.2300,10652493,296096326.9700,3,3.110200,1,2.019800,0
2020-12-03,sz.300456,27.8800,27.9600,27.2600,27.4900,27.7800,7462994,205469697.5900,3,2.178900,1,-1.043900,0
2020-12-04,sz.300456,27.3900,29.1200,27.3700,28.3700,27.4900,17379784,496717968.1400,3,5.074300,1,3.201200,0
2020-12-07,sz.300456,29.3900,29.8900,28.3200,28.3700,28.3700,19098666,556376985.0700,3,5.576100,1,0.000000,0
2020-12-08,sz.300456,28.3500,28.7400,27.6600,27.9100,28.3700,10327177,288584776.0900,3,3.015200,1,-1.621400,0
2020-12-09,sz.300456,27.8000,28.1500,26.8600,26.8800,27.9100,9865530,271400142.4800,3,2.880400,1,-3.690400,0
2020-12-10,sz.300456,26.8700,27.2700,26.7400,26.9600,26.8800,6457861,174364958.5500,3,1.885500,1,0.297600,0
2020-12-11,sz.300456,26.7000,27.8500,26.1500,27.7600,26.9600,12589781,337854865.3000,3,3.675800,1,2.967400,0
2020-12-14,sz.300456,27.4500,27.6300,27.1800,27.5600,27.7600,5328638,146037651.5800,3,1.555800,1,-0.720500,0
2020-12-15,sz.300456,27.5100,27.6300,26.3800,26.3900,27.5600,7731063,207608051.2000,3,2.257200,1,-4.245300,0
2020-12-16,sz.300456,26.4200,26.6500,25.2500,25.3000,26.3900,9763820,252899019.0500,3,2.850700,1,-4.130400,0
2020-12-17,sz.300456,25.2000,25.2000,23.9900,25.0000,25.3000,10015324,247128697.8700,3,2.924100,1,-1.185800,0
2020-12-18,sz.300456,25.3000,25.4300,24.0100,24.2300,25.0000,9169392,225306364.2500,3,2.677100,1,-3.080000,0
2020-12-21,sz.300456,24.0000,25.0800,23.6800,24.8500,24.2300,8247641,203612849.2500,3,2.408000,1,2.558800,0
2020-12-22,sz.300456,24.6000,24.7800,23.9000,24.0000,24.8500,6926666,167829127.5000,3,2.022300,1,-3.420500,0
2020-12-23,sz.300456,23.9200,24.4000,23.7100,24.0900,24.0000,6175696,148567034.8400,3,1.803100,1,0.375000,0
2020-12-24,sz.300456,24.1400,24.6100,23.9800,24.0500,24.0900,6403640,155292276.1600,3,1.869600,1,-0.166000,0
2020-12-25,sz.300456,23.9600,23.9600,22.9800,23.7400,24.0500,7933499,186544083.0500,3,2.316300,1,-1.289000,0
2020-12-28,sz.300456,23.5100,23.5100,22.3800,22.4600,23.7400,9799249,223635835.7800,3,2.861000,1,-5.391700,0
2020-12-29,sz.300456,22.5000,23.6500,22.5000,23.0100,22.4600,7655017,177280035.2500,3,2.235000,1,2.448800,0
2020-12-30,sz.300456,23.0300,23.3900,22.7900,23.0400,23.0100,5653127,130478651.6300,3,1.650500,1,0.130400,0
2020-12-31,sz.300456,23.0500,23.8500,23.0500,23.8200,23.0400,6380487,150242223.1500,3,1.862900,1,3.385400,0
2021-01-04,sz.300456,23.7000,24.3800,23.5500,24.1400,23.8200,6968384,167820870.7500,3,2.034500,1,1.343400,0
2021-01-05,sz.300456,23.9900,24.5900,23.7000,24.5000,24.1400,10178597,246338606.1700,3,2.971800,1,1.491300,0
2021-01-06,sz.300456,23.9900,24.1900,22.6600,22.9500,24.5000,14087835,326013914.2900,3,4.113200,1,-6.326500,0
2021-01-07,sz.300456,22.7100,22.7700,21.5600,21.6300,22.9500,14393225,315950498.9700,3,4.202300,1,-5.751600,0
2021-01-08,sz.300456,21.9200,23.6500,21.9100,23.0000,21.6300,14579913,334664987.8000,3,4.256800,1,6.333800,0
2021-01-11,sz.300456,22.8100,24.5800,22.8100,24.1400,23.0000,15892603,381692920.1100,3,4.640100,1,4.956500,0
2021-01-12,sz.300456,24.0000,24.1200,23.5100,23.9900,24.1400,8864824,211401305.6800,3,2.588200,1,-0.621400,0
2021-01-13,sz.300456,24.1000,24.2500,22.7900,22.9000,23.9900,14969319,346691245.4200,3,4.370500,1,-4.543600,0
2021-01-14,sz.300456,22.9400,26.1200,22.9400,25.4000,22.9000,26426632,657725092.1000,3,7.715600,1,10.917000,0
2021-01-15,sz.300456,24.9700,25.1700,23.7800,23.9600,25.4000,18952026,461195556.0500,3,5.533300,1,-5.669300,0
2021-01-18,sz.300456,24.1000,25.3700,23.8500,24.7200,23.9600,16904795,416330571.2000,3,4.935600,1,3.172000,0
2021-01-19,sz.300456,24.7200,25.0000,23.7600,23.7600,24.7200,15363092,372411140.7700,3,4.485500,1,-3.883500,0
2021-01-20,sz.300456,23.6500,24.5500,23.5000,23.9300,23.7600,9165270,220410948.2200,3,2.675900,1,0.715500,0
2021-01-21,sz.300456,24.2000,24.2000,23.4000,23.7100,23.9300,9852706,234392576.0800,3,2.876600,1,-0.919300,0
2021-01-22,sz.300456,23.5900,23.8300,22.8000,22.9500,23.7100,10384860,239447017.2300,3,3.032000,1,-3.205400,0
2021-01-25,sz.300456,22.8300,24.0500,22.2000,23.5100,22.9500,12872399,298122634.0800,3,3.758300,1,2.440100,0
2021-01-26,sz.300456,23.7300,25.1300,23.5100,23.8000,23.5100,16527465,403557715.4700,3,4.825400,1,1.233500,0
2021-01-27,sz.300456,23.5600,23.5800,22.7600,22.9600,23.8000,10986811,252987601.3400,3,3.207800,1,-3.529400,0
2021-01-28,sz.300456,22.4300,24.9500,22.0500,23.0500,22.9600,17361556,414268509.8700,3,5.069000,1,0.392000,0
2021-01-29,sz.300456,23.4500,23.7400,22.0200,22.1900,23.0500,12384561,279030062.5900,3,3.615900,1,-3.731000,0
2021-02-01,sz.300456,22.1600,22.5500,21.6400,22.3100,22.1900,7953198,175164552.7900,3,2.322100,1,0.540800,0
2021-02-02,sz.300456,22.2300,22.2900,21.8100,22.0700,22.3100,5449637,120104751.9800,3,1.591100,1,-1.075800,0
2021-02-03,sz.300456,22.0500,22.5500,21.2200,21.2700,22.0700,8180783,178804441.9500,3,2.388500,1,-3.624800,0
2021-02-04,sz.300456,21.2300,21.5000,20.0600,20.6600,21.2700,9276170,190672110.6000,3,2.708300,1,-2.867900,0
2021-02-05,sz.300456,20.6500,20.8600,19.4000,19.4400,20.6600,9807762,195419071.9100,3,2.863500,1,-5.905100,0
2021-02-08,sz.300456,19.4800,20.1000,19.3700,19.4900,19.4400,5494917,108468888.9100,3,1.604300,1,0.257200,0
2021-02-09,sz.300456,19.4800,19.9400,18.9300,19.8200,19.4900,6135844,120494037.5100,3,1.791500,1,1.693200,0
2021-02-10,sz.300456,19.9100,20.3800,19.7100,20.1500,19.8200,5528443,111323443.3500,3,1.614100,1,1.665000,0
2021-02-18,sz.300456,20.7100,21.3800,20.4100,20.5000,20.1500,8126882,169294553.9500,3,2.372800,1,1.737000,0
2021-02-19,sz.300456,20.5300,21.2900,20.3200,21.1900,20.5000,6023445,125871984.6800,3,1.758600,1,3.365900,0
2021-02-22,sz.300456,21.2100,21.9800,21.2100,21.3000,21.1900,7862626,169961101.7600,3,2.295600,1,0.519100,0
2021-02-23,sz.300456,21.0200,21.5300,20.8000,21.1000,21.3000,5383250,114050032.3500,3,1.571700,1,-0.939000,0
2021-02-24,sz.300456,21.3000,21.9200,21.1700,21.4500,21.1000,7940075,171156516.8100,3,2.318200,1,1.658800,0
2021-02-25,sz.300456,21.5200,21.6800,20.9600,21.2700,21.4500,5320003,113032718.0100,3,1.553300,1,-0.839200,0
2021-02-26,sz.300456,21.2100,21.5900,20.7500,20.8700,21.2700,5997350,126559599.5000,3,1.751000,1,-1.880600,0
2021-03-01,sz.300456,20.9000,21.8000,20.8800,21.7400,20.8700,7531466,161989134.6900,3,2.198900,1,4.168700,0
2021-03-02,sz.300456,21.9100,22.1800,21.5100,21.9100,21.7400,7150037,156214787.9900,3,2.087600,1,0.782000,0
2021-03-03,sz.300456,22.1000,22.7900,21.8400,22.0600,21.9100,8674851,193534357.8600,3,2.532800,1,0.684600,0
2021-03-04,sz.300456,21.8300,22.5600,21.7600,22.4000,22.0600,9167757,204676143.6300,3,2.676700,1,1.541300,0
2021-03-05,sz.300456,22.3000,22.7700,22.1000,22.7200,22.4000,6714172,150942047.9300,3,1.960300,1,1.428600,0
2021-03-08,sz.300456,22.8400,22.9500,21.9300,21.9400,22.7200,7169025,160319417.7700,3,2.093100,1,-3.433100,0
2021-03-09,sz.300456,22.1300,22.4900,21.3600,21.9800,21.9400,6527668,144185144.6600,3,1.909800,1,0.182300,0
2021-03-10,sz.300456,22.3000,22.5500,21.4800,22.5300,21.9800,7468800,165307977.3600,3,2.180600,1,2.502300,0
2021-03-11,sz.300456,22.6000,23.8900,22.1000,23.4200,22.5300,11457117,263292906.2900,3,3.345100,1,3.950300,0
2021-03-12,sz.300456,23.5600,23.5600,22.5000,22.5200,23.4200,7366629,168703411.8400,3,2.150800,1,-3.842900,0
2021-03-15,sz.300456,22.5600,22.7000,21.7800,21.9600,22.5200,5319442,117049978.4900,3,1.553100,1,-2.486700,0
2021-03-16,sz.300456,21.9800,22.2600,21.7200,22.0200,21.9600,4500100,98804970.9500,3,1.313900,1,0.273200,0
2021-03-17,sz.300456,21.8100,21.8100,20.8500,21.1300,22.0200,8112546,171804636.5800,3,2.373500,1,-4.041800,0
2021-03-18,sz.300456,21.2100,21.3300,20.5000,20.6900,21.1300,6720973,139895438.0800,3,1.966400,1,-2.082300,0
2021-03-19,sz.300456,20.3700,22.4800,20.2300,21.3900,20.6900,10579007,228116021.4500,3,3.095100,1,3.383300,0
2021-03-22,sz.300456,21.4400,22.3000,21.4400,21.8100,21.3900,7033640,153860487.4000,3,2.057900,1,1.963500,0
2021-03-23,sz.300456,21.8200,23.7000,21.8100,22.7600,21.8100,13781450,316548878.5900,3,4.032100,1,4.355800,0
2021-03-24,sz.300456,22.4400,22.7900,22.3300,22.4500,22.7600,6660056,150029309.6000,3,1.948600,1,-1.362000,0
2021-03-25,sz.300456,22.2800,23.0600,21.8000,22.0000,22.4500,8065824,180389891.6100,3,2.359800,1,-2.004500,0
2021-03-26,sz.300456,22.0000,22.2400,21.4500,22.0300,22.0000,8125008,176840951.7500,3,2.377200,1,0.136400,0
2021-03-29,sz.300456,22.1100,23.2800,22.1100,22.9500,22.0300,12540998,286406604.3100,3,3.669200,1,4.176100,0
2021-03-30,sz.300456,22.8200,23.1800,22.6000,22.9100,22.9500,8033667,183397652.1900,3,2.350400,1,-0.174300,0
2021-03-31,sz.300456,22.9200,22.9500,22.1500,22.2500,22.9100,6763016,151312475.0100,3,1.978700,1,-2.880800,0
2021-04-01,sz.300456,22.2000,23.3500,22.1100,23.1800,22.2500,12607759,289521262.5100,3,3.688700,1,4.179800,0
2021-04-02,sz.300456,23.7100,24.5500,23.3900,24.0800,23.1800,18245429,438454732.9500,3,5.338100,1,3.882700,0
2021-04-06,sz.300456,24.1300,24.2300,23.4500,23.6300,24.0800,9966381,236112646.0100,3,2.915900,1,-1.868800,0
2021-04-07,sz.300456,23.3500,23.6000,22.9800,23.4500,23.6300,7746407,179714842.1800,3,2.266400,1,-0.761700,0
2021-04-08,sz.300456,23.1800,23.9800,23.0300,23.0800,23.4500,8404998,197410582.8000,3,2.459100,1,-1.577800,0
2021-04-09,sz.300456,23.0000,23.3300,22.5600,22.6600,23.0800,6681573,152430117.9800,3,1.954800,1,-1.819800,0
2021-04-12,sz.300456,22.6000,22.7000,21.4800,21.5800,22.6600,9023276,198017176.6400,3,2.640000,1,-4.766100,0
2021-04-13,sz.300456,21.5600,22.0500,21.5500,21.6900,21.5800,4872405,106086093.6600,3,1.425500,1,0.509700,0
2021-04-14,sz.300456,21.8000,22.0100,21.6600,21.7800,21.6900,3710450,80892955.8000,3,1.085600,1,0.414900,0
2021-04-15,sz.300456,21.8000,22.4200,21.0500,22.3800,21.7800,7275488,158666260.7600,3,2.128600,1,2.754800,0
2021-04-16,sz.300456,22.2500,22.4600,21.9300,22.3400,22.3800,4761046,105706939.4600,3,1.393000,1,-0.178700,0
2021-04-19,sz.300456,22.7200,22.9800,22.4100,22.7700,22.3400,7430878,168753816.6800,3,2.174100,1,1.924800,0
2021-04-20,sz.300456,22.6000,22.7200,22.0500,22.0500,22.7700,7492675,167392373.1600,3,2.192200,1,-3.162100,0
2021-04-21,sz.300456,21.9400,22.2100,21.6300,21.9400,22.0500,5117920,111933614.8500,3,1.497400,1,-0.498900,0
2021-04-22,sz.300456,22.0000,22.6000,21.8500,21.8900,21.9400,5788766,128491687.8500,3,1.693600,1,-0.227900,0
2021-04-23,sz.300456,21.7100,22.4300,21.3900,22.0900,21.8900,7705838,169387988.4100,3,2.254500,1,0.913700,0
2021-04-26,sz.300456,22.1500,22.7300,21.9200,22.3300,22.0900,9266237,207494052.8300,3,2.711100,1,1.086500,0
2021-04-27,sz.300456,22.0000,22.0000,20.3800,20.4500,22.3300,14147816,297191298.7100,3,4.139300,1,-8.419200,0
2021-04-28,sz.300456,20.4500,20.5000,19.8100,20.2700,20.4500,7440521,149685378.0600,3,2.176900,1,-0.880200,0
2021-04-29,sz.300456,20.3000,20.9300,20.2200,20.4100,20.2700,6122835,126099626.0100,3,1.791400,1,0.690700,0
2021-04-30,sz.300456,20.3500,20.3700,19.6100,19.7400,20.4100,7623289,151484983.5300,3,2.230400,1,-3.282700,0
2021-05-06,sz.300456,19.5700,19.9200,19.2500,19.2600,19.7400,6217600,121686816.0300,3,1.819100,1,-2.431600,0
2021-05-07,sz.300456,19.4100,19.5900,19.1800,19.2900,19.2600,4376760,84549022.9800,3,1.280500,1,0.155800,0
2021-05-10,sz.300456,19.2900,19.2900,18.5500,18.7300,19.2900,6474659,122192190.0300,3,1.894300,1,-2.903100,0
2021-05-11,sz.300456,18.7700,19.3900,18.7700,19.3000,18.7300,5677316,108598427.0900,3,1.661000,1,3.043200,0
2021-05-12,sz.300456,19.1600,19.7300,18.9100,19.5700,19.3000,5996393,115712107.1700,3,1.754400,1,1.399000,0
2021-05-13,sz.300456,19.4200,19.9500,19.4100,19.4600,19.5700,5233643,102955452.0400,3,1.531200,1,-0.562100,0
2021-05-14,sz.300456,19.6200,19.8100,19.3600,19.6800,19.4600,5023238,98413779.3400,3,1.469700,1,1.130500,0
2021-05-17,sz.300456,19.9900,20.2500,19.6400,20.0200,19.6800,6870105,137406315.4500,3,2.010000,1,1.727600,0
2021-05-18,sz.300456,19.8200,19.8200,19.2600,19.5800,20.0200,5557330,108141673.3500,3,1.625900,1,-2.197800,0
2021-05-19,sz.300456,19.6700,20.2500,19.6700,20.0300,19.5800,8153578,163230026.0000,3,2.385500,1,2.298300,0
2021-05-20,sz.300456,19.8300,19.9700,19.5500,19.6800,20.0300,5415160,106770213.5000,3,1.584300,1,-1.747400,0
2021-05-21,sz.300456,19.7000,19.9000,19.1300,19.1600,19.6800,5404127,104876118.9000,3,1.581100,1,-2.642300,0
2021-05-24,sz.300456,19.0900,20.6800,19.0300,20.3900,19.1300,11537430,230413433.2900,3,3.375500,1,6.586500,0
2021-05-25,sz.300456,20.1000,20.4700,20.0300,20.3600,20.3900,7452678,151267731.7200,3,2.180500,1,-0.147100,0
2021-05-26,sz.300456,20.3700,20.4900,20.0200,20.1000,20.3600,5869229,118663489.4800,3,1.717200,1,-1.277000,0
2021-05-27,sz.300456,20.1200,21.6000,20.1000,21.0100,20.1000,16319652,343459513.8400,3,4.774700,1,4.527400,0
2021-05-28,sz.300456,20.9800,21.1000,20.5400,20.6900,21.0100,9250261,191841223.5300,3,2.706400,1,-1.523100,0
2021-05-31,sz.300456,20.7800,21.2900,20.7800,21.0700,20.6900,8643290,181878963.2500,3,2.528800,1,1.836600,0
2021-06-01,sz.300456,20.9800,21.8700,20.7200,21.2300,21.0700,11039916,235631799.9600,3,3.230000,1,0.759400,0
2021-06-02,sz.300456,21.2500,21.3700,20.5200,20.6000,21.2300,8471925,175965534.4500,3,2.478700,1,-2.967500,0
2021-06-03,sz.300456,21.4400,22.2000,20.8100,20.8100,20.6000,14526615,311797280.2600,3,4.250100,1,1.019400,0
2021-06-04,sz.300456,20.9900,23.0800,20.8000,22.7500,20.8100,26182353,583913486.5100,3,7.660300,1,9.322400,0
2021-06-07,sz.300456,24.1200,25.4500,23.6000,24.9500,22.7500,34838078,855033834.1700,3,10.192700,1,9.670300,0
2021-06-08,sz.300456,24.5700,27.0900,24.5700,25.7000,24.9500,39996541,1039589585.9600,3,11.701900,1,3.006000,0
2021-06-09,sz.300456,25.5800,25.8200,24.8800,25.5600,25.7000,21569268,546221820.5000,3,6.310600,1,-0.544700,0
2021-06-10,sz.300456,25.3700,26.2600,25.1700,26.0000,25.5600,22464867,579847455.5600,3,6.572600,1,1.721400,0
2021-06-11,sz.300456,27.8000,29.5000,26.1900,26.2600,26.0000,38447071,1057300742.6300,3,11.248600,1,1.000000,0
2021-06-15,sz.300456,26.6900,28.8800,26.1200,27.5500,26.2600,34279393,945265680.7400,3,10.029200,1,4.912400,0
2021-06-16,sz.300456,27.0000,29.1900,26.7000,26.7900,27.5500,29427058,820193689.9100,3,8.609600,1,-2.758600,0
2021-06-17,sz.300456,26.8600,30.4100,26.7100,29.9400,26.7900,47581621,1361296996.7900,3,13.921100,1,11.758100,0
2021-06-18,sz.300456,30.3900,30.3900,28.6900,29.0600,29.9400,36283918,1066024597.0900,3,10.615700,1,-2.939200,0
2021-06-21,sz.300456,29.3800,30.4600,28.7300,29.4400,29.0600,33545935,995553605.7400,3,9.814600,1,1.307600,0
2021-06-22,sz.300456,29.6000,29.6600,27.9000,28.8700,29.4400,26783401,766932010.7600,3,7.836100,1,-1.936100,0
2021-06-23,sz.300456,29.0000,31.4800,28.9400,30.2700,28.8700,38218786,1160738540.8800,3,11.181800,1,4.849300,0
2021-06-24,sz.300456,30.0300,31.3000,29.7700,30.2100,30.2700,27093703,827242530.6300,3,7.926900,1,-0.198200,0
2021-06-25,sz.300456,30.0000,30.9800,28.9600,29.3400,30.2100,23422424,693712916.5900,3,6.852800,1,-2.879800,0
2021-06-28,sz.300456,30.5000,31.3500,29.8100,30.5900,29.3400,27336735,835854583.0200,3,7.998000,1,4.260400,0
2021-06-29,sz.300456,29.9500,30.4600,28.9000,29.0100,30.5900,22651578,665535628.4600,3,6.627200,1,-5.165100,0
2021-06-30,sz.300456,29.3800,30.7800,29.1200,30.1500,29.0100,25587858,768345745.4700,3,7.486300,1,3.929700,0
2021-07-01,sz.300456,30.2000,33.9900,28.9500,31.0600,30.1500,43343270,1373653436.1800,3,12.681100,1,3.018200,0
2021-07-02,sz.300456,31.5000,32.3000,30.4000,31.4100,31.0600,26952889,844697545.6000,3,7.885700,1,1.126900,0
2021-07-05,sz.300456,32.1100,33.6800,30.9600,33.6600,31.4100,36413769,1188698684.5800,3,10.653700,1,7.163300,0
2021-07-06,sz.300456,33.5000,33.5000,30.4900,31.4200,33.6600,40621263,1305305260.2200,3,11.884700,1,-6.654800,0
2021-07-07,sz.300456,30.5500,31.4800,29.3500,30.9000,31.4200,29863078,906158518.2900,3,8.737100,1,-1.655000,0
2021-07-08,sz.300456,30.7700,32.4700,30.5000,31.7300,30.9000,23908109,754288675.6800,3,6.994900,1,2.686100,0
2021-07-09,sz.300456,31.1000,31.3500,30.0000,30.6800,31.7300,20253678,617399672.1900,3,5.925700,1,-3.309200,0
2021-07-12,sz.300456,30.8600,30.9800,29.6000,30.0200,30.6800,27373427,823407477.0400,3,8.008700,1,-2.151200,0
2021-07-13,sz.300456,29.9300,29.9300,28.0000,28.3600,30.0200,30838083,881049590.1500,3,9.022400,1,-5.529600,0
2021-07-14,sz.300456,28.2100,28.7600,27.8100,28.5200,28.3600,16423948,464314623.3700,3,4.805200,1,0.564200,0
2021-07-15,sz.300456,28.0700,28.3100,27.1500,27.3800,28.5200,17651596,485298214.3400,3,5.164400,1,-3.997200,0
2021-07-16,sz.300456,27.4900,28.6500,27.3000,27.8900,27.3800,17130673,480645237.5600,3,5.012000,1,1.862700,0
2021-07-19,sz.300456,27.4900,28.8500,27.3100,28.5100,27.8900,15532449,440656884.6300,3,4.544400,1,2.223000,0
2021-07-20,sz.300456,28.2300,28.9800,27.7700,28.8200,28.5100,15478743,439321021.6700,3,4.528700,1,1.087300,0
2021-07-21,sz.300456,29.0000,30.8500,29.0000,30.2100,28.8200,26199267,785856978.0700,3,7.665200,1,4.823000,0
2021-07-22,sz.300456,29.9400,32.2500,29.8800,31.7000,30.2100,30177410,938351088.2600,3,8.829100,1,4.932100,0
2021-07-23,sz.300456,31.4000,32.0000,30.8600,31.1200,31.7000,21870805,683017822.5600,3,6.398800,1,-1.829700,0
2021-07-26,sz.300456,30.7000,32.3600,30.5000,31.9900,31.1200,26655573,841309109.4700,3,7.798700,1,2.795600,0
2021-07-27,sz.300456,32.6400,34.4400,31.4000,31.5000,31.9900,41254985,1359726086.4900,3,12.070100,1,-1.531700,0
2021-07-28,sz.300456,30.5000,31.0000,28.4000,29.7600,31.5000,28857065,863786003.5000,3,8.442800,1,-5.523800,0
2021-07-29,sz.300456,30.5100,32.0900,30.3000,31.5400,29.7600,28581864,896112668.3800,3,8.362300,1,5.981200,0
2021-07-30,sz.300456,31.8900,33.1100,31.5100,32.1000,31.5400,29468733,952586480.6500,3,8.621800,1,1.775500,0
2021-08-02,sz.300456,31.9900,32.6800,30.3200,31.0600,32.1000,27299969,852219633.5800,3,7.987200,1,-3.239900,0
2021-08-03,sz.300456,31.3000,31.5400,28.3600,28.5800,31.0600,27116360,799597710.4600,3,7.933500,1,-7.984500,0
2021-08-04,sz.300456,28.3800,33.9200,28.2900,33.3100,28.5800,44058047,1392880864.2900,3,12.890200,1,16.550000,0
2021-08-05,sz.300456,33.0000,35.2600,32.8000,34.5000,33.3100,45348932,1559442543.0000,3,13.267900,1,3.572500,0
2021-08-06,sz.300456,35.1800,35.5000,33.8000,34.5100,34.5000,26767894,927338198.1300,3,7.831600,1,0.029000,0
2021-08-09,sz.300456,34.0000,34.2800,32.5900,33.0700,34.5100,23356954,775735401.0000,3,6.833600,1,-4.172700,0
2021-08-10,sz.300456,33.3900,34.5000,32.3800,33.3100,33.0700,22340588,746025542.2400,3,6.536300,1,0.725700,0
2021-08-11,sz.300456,32.9300,34.4400,32.5700,33.7500,33.3100,22814872,768230561.4400,3,6.675000,1,1.320900,0
2021-08-12,sz.300456,33.4000,38.9500,33.3000,38.2000,33.7500,47523213,1770971978.0400,3,13.904000,1,13.185200,0
2021-08-13,sz.300456,38.1600,40.3900,37.3700,37.5200,38.2000,35873544,1379728701.7000,3,10.495600,1,-1.780100,0
2021-08-16,sz.300456,39.9600,40.7100,37.2100,37.5200,37.5200,44167995,1715247171.2600,3,12.922400,1,0.000000,0
2021-08-17,sz.300456,37.4400,38.4800,34.8000,35.0100,37.5200,35631096,1283165040.8400,3,10.424700,1,-6.689800,0
2021-08-18,sz.300456,35.4000,35.9500,34.1100,35.4000,35.0100,25120490,879889947.7100,3,7.349600,1,1.114000,0
2021-08-19,sz.300456,35.5700,37.4700,35.1000,36.2600,35.4000,30808059,1123951721.1800,3,9.013600,1,2.429400,0
2021-08-20,sz.300456,35.8100,36.7600,34.4200,34.9800,36.2600,25632789,911033339.3200,3,7.499500,1,-3.530100,0
2021-08-23,sz.300456,34.9900,36.1100,34.2000,35.6100,34.9800,24562918,864186687.2600,3,7.186400,1,1.801000,0
2021-08-24,sz.300456,35.3000,36.8600,34.4500,35.9100,35.6100,27099365,974718366.2800,3,7.928500,1,0.842500,0
2021-08-25,sz.300456,35.9000,38.3300,35.0000,37.6800,35.9100,37270516,1378511312.9200,3,10.904300,1,4.929000,0
2021-08-26,sz.300456,36.6300,36.6500,34.6800,34.7500,37.6800,34264122,1213230766.0700,3,9.358400,1,-7.776000,0
2021-08-27,sz.300456,33.5000,33.6000,32.2900,32.7600,34.7500,27294040,898267641.5900,3,7.454700,1,-5.726600,0
2021-08-30,sz.300456,32.5500,33.1300,31.6800,31.9700,32.7600,20354767,658575700.1500,3,5.559400,1,-2.411500,0
2021-08-31,sz.300456,31.8000,32.3000,31.2100,31.5100,31.9700,14291942,453131964.3200,3,3.903500,1,-1.438800,0
2021-09-01,sz.300456,31.6000,32.2700,30.5100,31.6800,31.5100,16506695,519975884.5700,3,4.508400,1,0.539500,0
2021-09-02,sz.300456,31.2800,31.4900,29.0000,29.4600,31.6800,24600629,733472868.4600,3,6.719100,1,-7.007600,0
2021-09-03,sz.300456,29.8500,30.3300,28.8200,29.1700,29.4600,17707939,524908645.6000,3,4.836500,1,-0.984400,0
2021-09-06,sz.300456,29.5200,30.1000,29.0900,29.9200,29.1700,11951458,355372375.4500,3,3.264300,1,2.571100,0
2021-09-07,sz.300456,29.6500,30.3500,29.5000,29.8100,29.9200,12340613,369696821.8000,3,3.370600,1,-0.367600,0
2021-09-08,sz.300456,29.6000,30.8600,29.5500,30.7800,29.8100,16537545,500991116.5300,3,4.516800,1,3.253900,0
2021-09-09,sz.300456,30.4500,30.7800,29.7900,29.9500,30.7800,11529789,347115297.9000,3,3.149100,1,-2.696600,0
2021-09-10,sz.300456,29.9500,30.9900,29.0100,30.4200,29.9500,18911427,572660342.0200,3,5.165200,1,1.569300,0
2021-09-13,sz.300456,30.1200,30.2000,28.9100,28.9400,30.4200,16778028,492617022.5400,3,4.582500,1,-4.865200,0
2021-09-14,sz.300456,28.8500,29.6100,28.8500,28.9300,28.9400,10763613,314864135.8300,3,2.939800,1,-0.034600,0
2021-09-15,sz.300456,28.6400,29.2000,28.3300,28.7900,28.9300,8496136,244254318.4900,3,2.320500,1,-0.483900,0
2021-09-16,sz.300456,28.5000,28.9000,27.4100,27.4700,28.7900,12715186,356704365.1000,3,3.472900,1,-4.584900,0
2021-09-17,sz.300456,27.6200,27.9300,26.8600,27.7600,27.4700,10024069,274465039.3500,3,2.737800,1,1.055700,0
2021-09-22,sz.300456,27.3000,28.0700,27.1800,27.3000,27.7600,6516410,180142972.5600,3,1.779800,1,-1.657100,0
2021-09-23,sz.300456,27.3500,29.0600,27.3500,28.3100,27.3000,14281111,405524643.7700,3,3.900600,1,3.699600,0
2021-09-24,sz.300456,28.0100,28.6300,27.6000,27.6200,28.3100,8846260,247997148.2000,3,2.416200,1,-2.437300,0
2021-09-27,sz.300456,28.0000,28.3400,27.0200,27.9000,27.6200,8843924,246240443.1800,3,2.415500,1,1.013800,0
2021-09-28,sz.300456,27.7000,28.5300,27.1100,27.8800,27.9000,7130666,199255143.1200,3,1.947600,1,-0.071700,0
2021-09-29,sz.300456,27.4000,27.7400,26.0200,26.0700,27.8800,11671874,312863819.0200,3,3.187900,1,-6.492100,0
2021-09-30,sz.300456,26.4500,27.2900,26.3600,27.0300,26.0700,9189230,248107303.7000,3,2.509800,1,3.682400,0
2021-10-08,sz.300456,25.8000,26.2600,24.5000,24.8500,27.0300,20448488,514975212.9100,3,5.585000,1,-8.065100,0
2021-10-11,sz.300456,24.5300,25.2700,24.5100,24.6700,24.8500,8561936,212681007.1800,3,2.338500,1,-0.724300,0
2021-10-12,sz.300456,24.6700,24.7500,23.5600,24.1100,24.6700,9556970,229326992.2300,3,2.610300,1,-2.270000,0
2021-10-13,sz.300456,24.0000,24.5200,23.7000,24.4000,24.1100,7040777,170242523.1900,3,1.923000,1,1.202800,0
2021-10-14,sz.300456,24.3900,24.6600,24.0300,24.4300,24.4000,5511960,134430822.3400,3,1.505500,1,0.123000,0
2021-10-15,sz.300456,24.0000,25.0500,23.6800,24.3700,24.4300,10553427,258563219.4700,3,2.882400,1,-0.245600,0
2021-10-18,sz.300456,24.3000,24.6400,23.9300,24.2400,24.3700,7558224,182541937.9600,3,2.064400,1,-0.533400,0
2021-10-19,sz.300456,24.2100,24.8900,24.2000,24.5200,24.2400,7088564,174072976.1400,3,1.936100,1,1.155100,0
2021-10-20,sz.300456,24.5200,25.2500,24.1600,25.0500,24.5200,11879282,293833714.1400,3,3.244500,1,2.161500,0
2021-10-21,sz.300456,24.9800,24.9900,24.1400,24.1500,25.0500,9643157,235409816.8400,3,2.633800,1,-3.592800,0
2021-10-22,sz.300456,24.3100,25.3900,24.3100,25.0500,24.1500,14657442,366685367.4200,3,4.003300,1,3.726700,0
2021-10-25,sz.300456,25.0000,25.3300,24.6400,25.2500,25.0500,9991496,249000553.7100,3,2.728900,1,0.798400,0
2021-10-26,sz.300456,25.1600,26.4900,24.8600,25.9900,25.2500,14484931,373101277.4800,3,3.956200,1,2.930700,0
2021-10-27,sz.300456,24.5000,24.5400,22.8100,22.8900,25.9900,22906257,537548578.2900,3,6.256300,1,-11.927700,0
2021-10-28,sz.300456,22.7000,23.1400,22.1700,22.2700,22.8900,9301350,210785070.9400,3,2.540400,1,-2.708600,0
2021-10-29,sz.300456,22.3800,23.3800,22.3800,23.3000,22.2700,11012063,254597947.4300,3,3.007700,1,4.625100,0
2021-11-01,sz.300456,23.4800,23.4800,23.0000,23.1300,23.3000,7569631,175689094.0500,3,2.067500,1,-0.729600,0
2021-11-02,sz.300456,23.1600,23.9800,23.0600,23.1600,23.1300,9518962,223799623.6600,3,2.599900,1,0.129700,0
2021-11-03,sz.300456,23.2700,23.8200,22.7500,23.3900,23.1600,8509555,197955640.3000,3,2.324200,1,0.993100,0
2021-11-04,sz.300456,23.4800,23.9200,23.4600,23.5200,23.3900,8266130,195468777.9800,3,2.257700,1,0.555800,0
2021-11-05,sz.300456,23.8000,24.5000,23.6300,23.7800,23.5200,10696603,256151987.8100,3,2.921500,1,1.105400,0
2021-11-08,sz.300456,23.5000,24.1400,23.1800,23.9800,23.7800,8807272,208512816.7300,3,2.405500,1,0.841000,0
2021-11-09,sz.300456,23.8900,25.1500,23.7500,24.9000,23.9800,13166568,323262747.2300,3,3.596100,1,3.836500,0
2021-11-10,sz.300456,24.7000,25.8000,24.5900,25.5000,24.9000,13251279,335419679.3700,3,3.619300,1,2.409600,0
2021-11-11,sz.300456,25.8500,26.2300,25.1500,25.7600,25.5000,15746785,405038006.7700,3,4.300900,1,1.019600,0
2021-11-12,sz.300456,25.3600,25.9800,25.3100,25.5400,25.7600,11122607,284556243.5700,3,3.037900,1,-0.854000,0
2021-11-15,sz.300456,25.6000,25.8500,25.3000,25.4800,25.5400,8618883,220478703.4700,3,2.354000,1,-0.234900,0
2021-11-16,sz.300456,25.3200,25.7100,24.8800,24.9500,25.4800,10525411,265654926.8900,3,2.874800,1,-2.080100,0
2021-11-17,sz.300456,25.0100,25.9300,25.0100,25.6600,24.9500,9231174,235815123.3600,3,2.521300,1,2.845700,0
2021-11-18,sz.300456,25.5100,26.1600,25.3400,25.5500,25.6600,11275353,290174557.9900,3,3.079600,1,-0.428700,0
2021-11-19,sz.300456,25.5500,25.8600,25.1800,25.4300,25.5500,9116188,232230454.6000,3,2.489900,1,-0.469700,0
2021-11-22,sz.300456,25.3000,26.9400,25.2400,26.4800,25.4300,19757371,522054116.7500,3,5.396300,1,4.129000,0
2021-11-23,sz.300456,26.4100,26.6700,26.0100,26.1300,26.4800,12766073,336105332.7200,3,3.486800,1,-1.321800,0
2021-11-24,sz.300456,26.2900,26.6600,25.9600,26.1100,26.1300,10793497,283743328.3900,3,2.948000,1,-0.076500,0
2021-11-25,sz.300456,25.8900,26.9800,25.7700,26.5600,26.1100,14646434,389347870.7400,3,4.000300,1,1.723500,0
2021-11-26,sz.300456,26.5200,26.5600,25.2700,25.4800,26.5600,15165829,388798514.3700,3,4.142200,1,-4.066300,0
2021-11-29,sz.300456,24.9800,26.9800,24.8400,26.7300,25.4800,18927323,498604001.6900,3,5.169600,1,4.905800,0
2021-11-30,sz.300456,27.0000,27.3300,26.5800,27.0300,26.7300,15615820,420851968.7300,3,4.265100,1,1.122300,0
2021-12-01,sz.300456,27.1000,27.8500,27.0000,27.4200,27.0300,15494831,425650111.3700,3,4.232100,1,1.442800,0
2021-12-02,sz.300456,27.1300,27.3500,26.4600,26.6600,27.4200,10234206,274129270.8200,3,2.795200,1,-2.771700,0
2021-12-03,sz.300456,26.8000,27.3500,26.6600,26.8400,26.6600,9460253,255398852.0900,3,2.583800,1,0.675200,0
2021-12-06,sz.300456,26.8800,27.0400,25.5800,25.7800,26.8400,11269030,295523592.2000,3,3.077900,1,-3.949300,0
2021-12-07,sz.300456,26.0600,26.1800,25.0600,25.2200,25.7800,8085428,206347314.2400,3,2.208300,1,-2.172200,0
2021-12-08,sz.300456,25.3600,26.1800,25.2200,25.5200,25.2200,9479243,242329362.6600,3,2.589000,1,1.189500,0
2021-12-09,sz.300456,25.4200,27.0800,25.4200,26.5900,25.5200,16546458,438923872.2300,3,4.519300,1,4.192800,0
2021-12-10,sz.300456,26.1300,26.4500,25.8500,25.9900,26.5900,10137833,263864018.5700,3,2.768900,1,-2.256500,0
2021-12-13,sz.300456,25.7000,25.9900,25.5500,25.7400,25.9900,7268060,187039989.7000,3,1.985100,1,-0.961900,0
2021-12-14,sz.300456,25.7700,25.8600,25.4100,25.7900,25.7400,5088418,130743241.9700,3,1.389800,1,0.194300,0
2021-12-15,sz.300456,27.8500,29.7500,27.2400,27.5000,25.7900,45070912,1266663874.4200,3,12.310100,1,6.630500,0
2021-12-16,sz.300456,27.2600,28.2200,26.4200,26.7700,27.5000,26578973,716841396.1900,3,7.259400,1,-2.654500,0
2021-12-17,sz.300456,26.5800,26.6200,25.8100,25.9000,26.7700,15785304,412430246.9500,3,4.311400,1,-3.249900,0
2021-12-20,sz.300456,25.7000,26.1200,25.3000,25.3300,25.9000,9239567,237554536.4200,3,2.523600,1,-2.200800,0
2021-12-21,sz.300456,25.3700,25.6000,24.5400,25.1100,25.3300,11172366,279221577.0200,3,3.051500,1,-0.868500,0
2021-12-22,sz.300456,25.1600,25.5700,24.9100,25.2300,25.1100,8624315,218166661.4000,3,2.355500,1,0.477900,0
2021-12-23,sz.300456,25.2300,25.3900,24.6000,24.6800,25.2300,8507967,211133538.4800,3,2.323800,1,-2.179900,0
2021-12-24,sz.300456,24.8200,25.7900,24.8200,25.4300,24.6800,12754357,323941284.2900,3,3.483600,1,3.038900,0
2021-12-27,sz.300456,25.0000,25.3800,24.5000,24.6700,25.4300,8198290,202773491.1500,3,2.239200,1,-2.988600,0
2021-12-28,sz.300456,24.8300,25.3300,24.5000,24.9100,24.6700,6693900,166681733.2600,3,1.828300,1,0.972800,0
2021-12-29,sz.300456,24.8000,24.8800,24.5200,24.5300,24.9100,5249099,129297659.8500,3,1.433700,1,-1.525500,0
2021-12-30,sz.300456,24.5300,25.0700,24.5300,24.6700,24.5300,5244200,129994177.0000,3,1.432300,1,0.570700,0
2021-12-31,sz.300456,24.6200,24.8700,24.5300,24.5600,24.6700,5149136,126973493.5100,3,1.406400,1,-0.445900,0
2022-01-04,sz.300456,25.2100,25.7000,24.8200,24.9000,24.5600,8498395,213227661.5600,3,2.321100,1,1.384400,0
2022-01-05,sz.300456,24.7000,24.8700,23.6100,23.8900,24.9000,10393996,251141475.6600,3,2.838900,1,-4.056200,0
2022-01-06,sz.300456,23.7100,24.2500,23.6100,24.0400,23.8900,5412881,130103315.3000,3,1.478400,1,0.627900,0
2022-01-07,sz.300456,24.1400,24.2800,23.5000,23.5000,24.0400,5542436,131962319.7400,3,1.513800,1,-2.246300,0
2022-01-10,sz.300456,23.6800,23.7900,23.0500,23.7800,23.5000,4492623,105487443.9600,3,1.227100,1,1.191500,0
2022-01-11,sz.300456,23.5600,23.8700,23.1200,23.1700,23.7800,5135073,120262242.7800,3,1.402500,1,-2.565200,0
2022-01-12,sz.300456,24.4700,24.7500,23.9300,23.9400,23.1700,12205002,297640674.7000,3,3.333500,1,3.323300,0
2022-01-13,sz.300456,23.6300,23.9000,23.3400,23.4300,23.9400,6972641,164489582.9600,3,1.904400,1,-2.130300,0
2022-01-14,sz.300456,23.4000,23.8400,23.3000,23.4600,23.4300,4538451,107124448.8900,3,1.239600,1,0.128000,0
2022-01-17,sz.300456,23.3000,24.0900,23.3000,23.8600,23.4600,6072788,144135796.3800,3,1.658600,1,1.705000,0
2022-01-18,sz.300456,23.8000,24.3200,23.7100,23.9700,23.8600,6935890,166589766.5000,3,1.894400,1,0.461000,0
2022-01-19,sz.300456,23.8200,23.8800,23.4200,23.4400,23.9700,4645931,109371143.8200,3,1.268900,1,-2.211100,0
2022-01-20,sz.300456,23.3500,23.5600,22.6200,22.6300,23.4400,6228036,143291330.8200,3,1.701000,1,-3.455600,0
2022-01-21,sz.300456,22.9600,23.1900,22.5600,22.7600,22.6300,3517528,80308473.7200,3,0.960700,1,0.574500,0
2022-01-24,sz.300456,23.0000,23.5200,22.8500,22.8600,22.7600,3770554,86930450.1900,3,1.029800,1,0.439400,0
2022-01-25,sz.300456,22.8300,22.8300,21.8100,21.8400,22.8600,5070477,112611048.9100,3,1.384900,1,-4.461900,0
2022-01-26,sz.300456,22.0000,22.1000,21.3700,21.6100,21.8400,3423890,74426161.4000,3,0.860700,1,-1.053100,0
2022-01-27,sz.300456,21.5000,21.6800,20.9400,20.9400,21.6100,3868937,82090706.4000,3,0.972600,1,-3.100400,0
2022-01-28,sz.300456,21.0100,21.4000,20.9100,21.0700,20.9400,3390269,71726792.5900,3,0.852300,1,0.620800,0
2022-02-07,sz.300456,21.5000,22.2900,21.4700,21.8400,21.0700,4884752,106916578.5200,3,1.228000,1,3.654500,0
2022-02-08,sz.300456,21.8400,22.0800,21.6200,22.0600,21.8400,3538467,77394374.7800,3,0.889500,1,1.007300,0
2022-02-09,sz.300456,21.9100,22.3300,21.8100,22.3100,22.0600,4442209,98053438.8200,3,1.116700,1,1.133300,0
2022-02-10,sz.300456,22.1000,22.1000,21.2500,21.3300,22.3100,7256300,156579444.9100,3,1.824200,1,-4.392600,0
2022-02-11,sz.300456,21.4500,21.7100,20.9500,21.1400,21.3300,5346115,113849508.7000,3,1.344000,1,-0.890800,0
2022-02-14,sz.300456,20.9500,21.6700,20.6100,21.1500,21.1400,5827657,123969388.9700,3,1.198700,1,0.047300,0
2022-02-15,sz.300456,21.1700,21.6300,21.1200,21.3400,21.1500,4376210,93442553.8500,3,0.900200,1,0.898300,0
2022-02-16,sz.300456,21.6800,21.9000,21.4300,21.7600,21.3400,5716505,123914349.7500,3,1.175900,1,1.968100,0
2022-02-17,sz.300456,21.5600,21.8600,21.4000,21.5000,21.7600,4260826,92081112.1200,3,0.876500,1,-1.194900,0
2022-02-18,sz.300456,21.2000,21.6900,21.1800,21.6700,21.5000,3079275,66140238.9900,3,0.633400,1,0.790700,0
2022-02-21,sz.300456,21.5000,21.8400,21.4800,21.8000,21.6700,4197366,91216373.6900,3,0.863400,1,0.599900,0
2022-02-22,sz.300456,21.6500,22.3300,21.2000,21.9100,21.8000,8210355,178567665.3100,3,1.688900,1,0.504600,0
2022-02-23,sz.300456,21.8200,22.8900,21.8100,22.7500,21.9100,11426734,257486497.4100,3,2.350500,1,3.833900,0
2022-02-24,sz.300456,22.5200,22.7200,21.8100,22.2200,22.7500,9650547,215074434.4800,3,1.985100,1,-2.329700,0
2022-02-25,sz.300456,22.4000,22.7700,22.1200,22.2700,22.2200,5727738,128676232.6700,3,1.178200,1,0.225000,0
2022-02-28,sz.300456,22.1800,22.2500,21.8400,22.1700,22.2700,4073204,89868939.0000,3,0.837900,1,-0.449000,0
2022-03-01,sz.300456,22.3600,22.3900,22.0100,22.2000,22.1700,3379525,74814879.0000,3,0.695200,1,0.135300,0
2022-03-02,sz.300456,22.0000,22.1200,21.8800,21.9700,22.2000,3076235,67578769.0000,3,0.632800,1,-1.036000,0
2022-03-03,sz.300456,22.0400,22.3700,21.7500,21.8200,21.9700,4770075,104913979.0000,3,0.981200,1,-0.682700,0
2022-03-04,sz.300456,21.7500,22.3000,21.6400,21.8400,21.8200,4679220,103003159.0000,3,0.962500,1,0.091700,0
2022-03-07,sz.300456,21.6600,21.6600,20.8100,20.9600,21.8400,4946282,104342583.0000,3,1.017400,1,-4.029300,0
2022-03-08,sz.300456,20.9200,20.9400,17.9700,18.0900,20.9600,30720127,578634608.0000,3,5.324100,1,-13.692700,0
2022-03-09,sz.300456,18.0000,18.3300,17.1200,17.6500,18.0900,13513233,239848093.0000,3,2.342000,1,-2.432300,0
2022-03-10,sz.300456,18.0300,18.7200,17.9000,17.9400,17.6500,14177364,258830137.0000,3,2.457100,1,1.643100,0
2022-03-11,sz.300456,17.5000,18.1500,17.2000,18.1300,17.9400,8813808,155974537.0000,3,1.527500,1,1.059100,0
2022-03-14,sz.300456,17.8100,17.9600,17.4900,17.4900,18.1300,7787000,138045282.0000,3,1.349600,1,-3.530100,0
2022-03-15,sz.300456,17.2700,17.4400,16.3600,16.4600,17.4900,12711117,215887445.0000,3,2.203000,1,-5.889100,0
2022-03-16,sz.300456,16.8600,17.2400,16.0600,17.1000,16.4600,14446620,240963677.0000,3,2.503700,1,3.888200,0
2022-03-17,sz.300456,17.3000,18.5600,17.2500,17.9800,17.1000,17522352,315105712.0000,3,3.036800,1,5.146200,0
2022-03-18,sz.300456,17.7100,18.1800,17.6800,18.0100,17.9800,9333197,167332623.6800,3,1.617500,1,0.166900,0
2022-03-21,sz.300456,18.0000,18.4800,17.9300,18.3400,18.0100,10166077,185575345.3800,3,1.761900,1,1.832300,0
2022-03-22,sz.300456,18.1000,18.3000,17.9000,18.0600,18.3400,7393499,133690160.8900,3,1.281400,1,-1.526700,0
2022-03-23,sz.300456,18.1500,18.5300,17.9400,18.2300,18.0600,8449445,154179550.6500,3,1.464400,1,0.941300,0
2022-03-24,sz.300456,18.2400,18.4700,17.9200,17.9500,18.2300,9505508,172351175.9700,3,1.647400,1,-1.535900,0
2022-03-25,sz.300456,18.0200,18.6800,17.9600,18.0000,17.9500,9519582,173585046.4200,3,1.649800,1,0.278600,0
2022-03-28,sz.300456,17.8300,17.9800,17.5300,17.7700,18.0000,6869045,121938847.2200,3,1.190500,1,-1.277800,0
2022-03-29,sz.300456,17.9800,18.5700,17.5800,17.8900,17.7700,14605562,263348951.6500,3,2.531300,1,0.675300,0
2022-03-30,sz.300456,18.0300,18.1000,17.5900,17.9800,17.8900,13887172,247955817.8700,3,2.406800,1,0.503100,0
2022-03-31,sz.300456,17.5000,17.9800,17.3800,17.6500,17.9800,10538156,186817698.8000,3,1.826400,1,-1.835400,0
2022-04-01,sz.300456,17.6700,18.1200,17.5200,17.8700,17.6500,8247407,146968448.8000,3,1.429400,1,1.246500,0
2022-04-06,sz.300456,18.2400,18.3000,17.7200,17.8200,17.8700,8425917,150736338.8500,3,1.460300,1,-0.279800,0
2022-04-07,sz.300456,17.7400,17.8400,17.1100,17.1900,17.8200,7122400,123992071.0000,3,1.234400,1,-3.535400,0
2022-04-08,sz.300456,17.3000,17.4300,16.6200,17.0400,17.1900,7791914,133001308.8800,3,1.350400,1,-0.872600,0
2022-04-11,sz.300456,16.9100,17.0500,16.0600,16.2000,17.0400,7474460,122790084.7800,3,1.295400,1,-4.929600,0
2022-04-12,sz.300456,15.9900,16.4200,15.8600,16.3300,16.2000,6267355,101342483.2000,3,1.086200,1,0.802500,0
2022-04-13,sz.300456,16.2000,16.2000,15.6600,15.6600,16.3300,5447080,86616775.4000,3,0.944000,1,-4.102900,0
2022-04-14,sz.300456,16.0000,16.3800,15.7500,16.3200,15.6600,8429425,135919378.2000,3,1.460900,1,4.214600,0
2022-04-15,sz.300456,16.1400,16.2000,15.8300,16.0200,16.3200,5688326,91256398.3600,3,0.985800,1,-1.838200,0
2022-04-18,sz.300456,15.9200,16.4000,15.7600,16.2600,16.0200,5766270,93200536.4000,3,0.999300,1,1.498100,0
2022-04-19,sz.300456,16.1600,16.4900,15.9600,16.0500,16.2600,6102241,98795738.2000,3,1.057600,1,-1.291500,0
2022-04-20,sz.300456,16.1100,16.3800,15.8500,15.9200,16.0500,6603590,106752091.8300,3,1.144500,1,-0.810000,0
2022-04-21,sz.300456,15.8800,16.0700,15.0900,15.1000,15.9200,8995498,139591482.3400,3,1.559000,1,-5.150800,0
2022-04-22,sz.300456,15.0700,15.1600,14.5600,14.6700,15.1000,7291460,108049337.0200,3,1.263700,1,-2.847700,0
2022-04-25,sz.300456,14.3600,14.3600,13.2000,13.2200,14.6700,11996859,164342717.1900,3,2.079200,1,-9.884100,0
2022-04-26,sz.300456,13.4300,13.4300,12.4800,12.5300,13.2200,11147258,143961776.3800,3,1.931900,1,-5.219400,0
2022-04-27,sz.300456,11.7000,12.7900,11.7000,12.7200,12.5300,18856769,229867836.7200,3,3.268100,1,1.516400,0
2022-04-28,sz.300456,12.5000,12.7900,12.2300,12.3700,12.7200,10671411,132735205.6500,3,1.849500,1,-2.751600,0
2022-04-29,sz.300456,12.7500,13.4800,12.6800,13.3300,12.3700,13030711,170285580.6400,3,2.258300,1,7.760700,0
2022-05-05,sz.300456,13.3700,13.6200,13.1500,13.3400,13.3300,9024810,121062955.8300,3,1.564100,1,0.075000,0
2022-05-06,sz.300456,13.1900,13.3300,12.9100,13.0900,13.3400,7258871,95081166.0000,3,1.258000,1,-1.874100,0
2022-05-09,sz.300456,13.1000,13.4000,12.9700,13.1400,13.0900,5287629,69704564.0700,3,0.916400,1,0.382000,0
2022-05-10,sz.300456,12.9200,13.8500,12.8700,13.6800,13.1400,11851719,160486795.9000,3,2.054000,1,4.109600,0
2022-05-11,sz.300456,13.6900,14.4800,13.5700,13.9900,13.6800,16311644,231427441.5400,3,2.827000,1,2.266100,0
2022-05-12,sz.300456,13.8100,14.3800,13.8000,14.2000,13.9900,8868503,125408815.4700,3,1.537000,1,1.501100,0
2022-05-13,sz.300456,14.2300,14.3400,14.0400,14.1900,14.2000,5842412,82717554.1200,3,1.012500,1,-0.070400,0
2022-05-16,sz.300456,14.3500,14.4600,14.0100,14.1200,14.1900,5898850,83626310.0000,3,1.022300,1,-0.493300,0
2022-05-17,sz.300456,14.0900,14.3700,13.9500,14.2500,14.0900,8216890,116564322.1000,3,1.424100,1,1.135600,0
2022-05-18,sz.300456,14.2600,14.4700,14.2100,14.3500,14.2500,7632310,109578255.7000,3,1.322800,1,0.701800,0
2022-05-19,sz.300456,14.1000,14.6000,14.0100,14.5000,14.3500,8468090,121636041.1000,3,1.467600,1,1.045300,0
2022-05-20,sz.300456,14.6000,14.7400,14.4300,14.6700,14.5000,7328580,106791373.8000,3,1.270100,1,1.172400,0
2022-05-23,sz.300456,14.6700,15.1800,14.5900,15.1200,14.6700,9806391,146110205.2800,3,1.699500,1,3.067500,0
2022-05-24,sz.300456,15.1000,15.2700,14.0800,14.1000,15.1200,13733420,201479770.0400,3,2.380100,1,-6.746000,0
2022-05-25,sz.300456,14.1000,14.3800,14.0500,14.3100,14.1000,7099044,101067163.1200,3,1.230300,1,1.489400,0
2022-05-26,sz.300456,14.2900,14.4500,13.8500,14.2800,14.3100,7817644,110877269.0000,3,1.354900,1,-0.209600,0
2022-05-27,sz.300456,14.3600,14.6200,13.9900,14.1900,14.2800,7186800,102593508.6000,3,1.245500,1,-0.630300,0
2022-05-30,sz.300456,14.1900,14.4500,14.0000,14.2600,14.1900,6690680,95370943.6000,3,1.159600,1,0.493300,0
2022-05-31,sz.300456,14.2600,14.6600,13.8200,14.5900,14.2600,10977843,157252004.6700,3,1.902600,1,2.314200,0
2022-06-01,sz.300456,14.5900,14.8500,14.4600,14.7100,14.5900,8173181,120151014.0800,3,1.416500,1,0.822500,0
2022-06-02,sz.300456,14.6900,15.2000,14.5600,15.1300,14.7100,11918679,178543539.9200,3,2.065600,1,2.855200,0
2022-06-06,sz.300456,15.0600,15.6900,15.0300,15.5300,15.1300,14330619,221584525.6500,3,2.483600,1,2.643800,0
2022-06-07,sz.300456,15.6500,15.6800,15.0500,15.1800,15.5300,10359645,157928869.9500,3,1.795400,1,-2.253700,0
2022-06-08,sz.300456,15.1800,15.3500,14.7200,15.0500,15.1800,10281332,154543631.8600,3,1.781900,1,-0.856400,0
2022-06-09,sz.300456,15.0200,15.0700,14.3800,14.4600,15.0500,8997275,131736698.9000,3,1.559300,1,-3.920300,0
2022-06-10,sz.300456,14.3100,15.0600,14.2600,14.9000,14.4600,13582029,201145030.4600,3,2.353900,1,3.042900,0
2022-06-13,sz.300456,16.2000,17.1400,15.6500,16.0000,14.9000,42066538,686855885.3300,3,7.290500,1,7.382600,0
2022-06-14,sz.300456,15.7000,15.9900,14.8000,15.2800,16.0000,29931795,455244960.9600,3,5.187500,1,-4.500000,0
2022-06-15,sz.300456,15.3000,16.8900,15.2100,16.2600,15.2800,37056670,601487480.2900,3,6.422300,1,6.413600,0
2022-06-16,sz.300456,16.4000,17.1000,16.1100,16.8300,16.2600,32559629,543805281.0800,3,5.642900,1,3.505500,0
2022-06-17,sz.300456,16.5000,16.7000,16.1700,16.6600,16.8300,21398389,352009005.3000,3,3.708500,1,-1.010100,0
2022-06-20,sz.300456,16.7700,17.0800,16.5000,17.0000,16.6600,20412470,343582562.7900,3,3.537700,1,2.040800,0
2022-06-21,sz.300456,16.7700,17.6700,16.6400,16.9200,17.0000,20428641,349044920.3000,3,3.540500,1,-0.470600,0
2022-06-22,sz.300456,16.6800,16.8800,16.2000,16.4400,16.9200,17063292,280858394.9900,3,2.957200,1,-2.836900,0
2022-06-23,sz.300456,16.4600,16.9900,16.4500,16.8100,16.4400,16961030,284407446.9500,3,2.939500,1,2.250600,0
2022-06-24,sz.300456,16.8900,17.2000,16.7500,16.9200,16.8100,16254714,275544776.3700,3,2.817100,1,0.654400,0
2022-06-27,sz.300456,16.8600,17.2000,16.7200,17.1600,16.9200,15297055,259557433.9300,3,2.651100,1,1.418400,0
2022-06-28,sz.300456,17.0400,17.8500,16.8000,17.8100,17.1600,20433899,354781246.8800,3,3.541400,1,3.787900,0
2022-06-29,sz.300456,17.6500,18.9300,17.5500,17.8700,17.8100,32358730,592208033.2300,3,5.608100,1,0.336900,0
2022-06-30,sz.300456,17.8100,18.5000,17.7100,18.2800,17.8700,22001300,398023216.4800,3,3.813000,1,2.294300,0
2022-07-01,sz.300456,18.2800,18.9800,18.0200,18.8800,18.2800,24181599,451169570.9400,3,4.190900,1,3.282300,0
2022-07-04,sz.300456,18.5300,18.6400,17.8100,18.0300,18.8800,20510194,370653168.3800,3,3.554600,1,-4.502100,0
2022-07-05,sz.300456,17.8700,18.2600,17.3000,17.6200,18.0300,18124815,319435491.0800,3,3.141200,1,-2.274000,0
2022-07-06,sz.300456,17.7800,18.2000,17.5500,17.7400,17.6200,15337382,274942050.8700,3,2.658100,1,0.681000,0
2022-07-07,sz.300456,17.4500,17.6700,17.0500,17.5200,17.7400,11918098,207172347.7700,3,2.065500,1,-1.240100,0
2022-07-08,sz.300456,17.5500,17.8500,17.1700,17.2300,17.5200,11370463,199000199.5000,3,1.970600,1,-1.655300,0
2022-07-11,sz.300456,16.9800,16.9800,16.5000,16.7400,17.2300,11612660,194278991.6000,3,2.012600,1,-2.843900,0
2022-07-12,sz.300456,16.6800,16.8500,16.0500,16.0600,16.7400,10818860,176594800.2800,3,1.875000,1,-4.062100,0
2022-07-13,sz.300456,16.1400,16.2500,15.8600,16.0900,16.0600,7549309,121087378.9000,3,1.308400,1,0.186800,0
2022-07-14,sz.300456,16.0000,16.4700,15.8900,16.2700,16.0900,7885793,128062267.0300,3,1.366700,1,1.118700,0
2022-07-15,sz.300456,15.7000,16.0800,15.2200,15.5500,16.2700,13759788,216120769.0600,3,2.384700,1,-4.425300,0
2022-07-18,sz.300456,15.5100,15.9000,15.4300,15.8200,15.5500,8115319,127306168.4900,3,1.406500,1,1.736300,0
2022-07-19,sz.300456,15.8600,16.1000,15.7000,16.0500,15.8200,8827350,140591343.6900,3,1.529900,1,1.453900,0
2022-07-20,sz.300456,16.0900,16.4000,16.0300,16.1100,16.0500,9784349,158660086.5800,3,1.695700,1,0.373800,0
2022-07-21,sz.300456,16.0600,16.5700,15.8000,16.2200,16.1100,12238384,199832202.2300,3,2.121000,1,0.682800,0
2022-07-22,sz.300456,16.3100,16.3900,15.5400,15.6800,16.2200,12730986,201574584.4600,3,2.206400,1,-3.329200,0
2022-07-25,sz.300456,15.5100,15.8100,15.1500,15.2100,15.6800,7927100,122102203.5200,3,1.373800,1,-2.997400,0
2022-07-26,sz.300456,15.1500,15.4000,14.9200,15.3300,15.2100,7411820,112665552.9400,3,1.284500,1,0.789000,0
2022-07-27,sz.300456,15.2000,15.4600,15.0000,15.3600,15.3300,6057509,92590112.0700,3,1.049800,1,0.195700,0
2022-07-28,sz.300456,15.4800,16.5800,15.4800,16.1900,15.3600,18174989,294447355.0300,3,3.149900,1,5.403600,0
2022-07-29,sz.300456,16.2100,16.3500,15.7800,15.7900,16.1900,9412140,150237966.2900,3,1.631200,1,-2.470700,0
2022-08-01,sz.300456,15.6500,16.5300,15.3700,16.4600,15.7900,14786431,239344264.0100,3,2.562600,1,4.243200,0
2022-08-02,sz.300456,16.2700,16.3900,15.7800,16.1600,16.4600,16017469,258026537.1000,3,2.776000,1,-1.822600,0
2022-08-03,sz.300456,16.3600,17.4600,16.3600,17.2400,16.1600,32361207,549899485.0900,3,5.608500,1,6.683200,0
2022-08-04,sz.300456,17.5900,18.1500,17.1300,17.1900,17.2400,30534348,538762491.9600,3,5.291900,1,-0.290000,0
2022-08-05,sz.300456,17.3600,18.5000,17.0400,18.3200,17.1900,34473036,618103307.0900,3,5.974500,1,6.573600,0
2022-08-08,sz.300456,18.6900,18.8800,17.6700,18.1300,18.3200,23676614,428498251.1500,3,4.103400,1,-1.037100,0
2022-08-09,sz.300456,18.0800,18.4500,17.7000,18.3500,18.1300,20785395,373898472.9000,3,3.602300,1,1.213500,0
2022-08-10,sz.300456,18.0600,19.2900,17.9000,18.8900,18.3500,33118713,620539893.1700,3,5.739800,1,2.942800,0
2022-08-11,sz.300456,18.8400,19.5000,18.6600,18.7900,18.8900,29033789,553436129.7400,3,5.031800,1,-0.529400,0
2022-08-12,sz.300456,18.6000,19.2100,18.5000,18.5300,18.7900,20242189,381247072.7200,3,3.508200,1,-1.383700,0
2022-08-15,sz.300456,19.0600,19.5700,18.8300,18.8900,18.5300,24251721,465199013.6700,3,4.203000,1,1.942800,0
